60.959449
60.959449
22.467415
8.360949
3.191016
1.296038
0.601227
0.346241
0.252437
0.217702
0.204615
0.199462
0.197218
0.196042
0.195257
0.194617
0.194030
0.193465
0.192909
0.192356
0.191806
0.191258
0.190712
0.190167
0.189624
0.189083
0.188543
0.188004
0.187468
0.186932
0.186399
0.185866
0.185336
0.184807
0.184279
0.183753
0.183228
0.182705
0.182184
0.181664
0.181145
0.180628
0.180113
0.179599
0.179086
0.178575
0.178065
0.177557
0.177050
0.176545
0.176041
0.175539
0.175038
0.174539
0.174041
0.173544
0.173049
0.172555
0.172063
0.171572
0.171083
0.170595
0.170108
0.169623
0.169139
0.168657
0.168176
0.167696
0.167218
0.166741
0.166265
0.165791
0.165318
0.164847
0.164377
0.163908
0.163441
0.162975
0.162510
0.162047
0.161585
0.161124
0.160665
0.160207
0.159750
0.159295
0.158841
0.158388
0.157936
0.157486
0.157037
0.156590
0.156144
0.155699
0.155255
0.154812
0.154371
0.153931
0.153493
0.153055
0.152619
0.152184
0.151751
0.151318
0.150887
0.150457
0.150029
0.149601
0.149175
0.148750
0.148327
0.147904
0.147483
0.147063
0.146644
0.146226
0.145810
0.145394
0.144980
0.144567
0.144156
0.143745
0.143336
0.142928
0.142521
0.142115
0.141710
0.141307
0.140905
0.140503
0.140103
0.139705
0.139307
0.138910
0.138515
0.138121
0.137727
0.137335
0.136945
0.136555
0.136166
0.135779
0.135392
0.135007
0.134623
0.134240
0.133858
0.133477
0.133097
0.132718
0.132341
0.131964
0.131589
0.131214
0.130841
0.130469
0.130098
0.129728
0.129358
0.128991
0.128624
0.128258
0.127893
0.127529
0.127167
0.126805
0.126444
0.126085
0.125726
0.125369
0.125012
0.124657
0.124302
0.123949
0.123596
0.123245
0.122894
0.122545
0.122197
0.121849
0.121503
0.121157
0.120813
0.120470
0.120127
0.119786
0.119445
0.119106
0.118767
0.118430
0.118093
0.117758
0.117423
0.117089
0.116756
0.116425
0.116094
0.115764
0.115435
0.115107
0.114780
0.114454
0.114129
0.113805
0.113481
0.113159
0.112837
0.112517
0.112197
0.111879
0.111561
0.111244
0.110928
0.110613
0.110299
0.109986
0.109673
0.109362
0.109051
0.108742
0.108433
0.108125
0.107818
0.107512
0.107207
0.106902
0.106599
0.106296
0.105994
0.105693
0.105393
0.105094
0.104796
0.104498
0.104202
0.103906
0.103611
0.103317
0.103024
0.102731
0.102440
0.102149
0.101859
0.101570
0.101282
0.100995
0.100708
0.100422
0.100137
0.099853
0.099570
0.099288
0.099006
0.098725
0.098445
0.098166
0.097887
0.097610
0.097333
0.097057
0.096781
0.096507
0.096233
0.095960
0.095688
0.095417
0.095146
0.094876
0.094607
0.094339
0.094072
0.093805
0.093539
0.093274
0.093009
0.092746
0.092483
0.092220
0.091959
0.091698
0.091438
0.091179
0.090921
0.090663
0.090406
0.090150
0.089894
0.089640
0.089386
0.089132
0.088880
0.088628
0.088377
0.088126
0.087876
0.087627
0.087379
0.087132
0.086885
0.086639
0.086393
0.086148
0.085904
0.085661
0.085418
0.085176
0.084935
0.084695
0.084455
0.084215
0.083977
0.083739
0.083502
0.083265
0.083030
0.082794
0.082560
0.082326
0.082093
0.081861
0.081629
0.081398
0.081167
0.080938
0.080708
0.080480
0.080252
0.080025
0.079798
0.079572
0.079347
0.079123
0.078899
0.078675
0.078453
0.078231
0.078009
0.077788
0.077568
0.077349
0.077130
0.076912
0.076694
0.076477
0.076261
0.076045
0.075830
0.075615
0.075401
0.075188
0.074975
0.074763
0.074552
0.074341
0.074130
0.073921
0.073712
0.073503
0.073295
0.073088
0.072881
0.072675
0.072470
0.072265
0.072060
0.071856
0.071653
0.071451
0.071249
0.071047
0.070846
0.070646
0.070446
0.070247
0.070048
0.069850
0.069653
0.069456
0.069260
0.069064
0.068869
0.068674
0.068480
0.068286
0.068093
0.067901
0.067709
0.067518
0.067327
0.067137
0.066947
0.066758
0.066569
0.066381
0.066193
0.066006
0.065820
0.065634
0.065449
0.065264
0.065079
0.064895
0.064712
0.064529
0.064347
0.064165
0.063984
0.063803
0.063623
0.063443
0.063264
0.063085
0.062907
0.062730
0.062553
0.062376
0.062200
0.062024
0.061849
0.061674
0.061500
0.061327
0.061153
0.060981
0.060809
0.060637
0.060466
0.060295
0.060125
0.059955
0.059786
0.059617
0.059449
0.059281
0.059114
0.058947
0.058781
0.058615
0.058449
0.058284
0.058120
0.057956
0.057792
0.057629
0.057467
0.057305
0.057143
0.056982
0.056821
0.056661
0.056501
0.056341
0.056182
0.056024
0.055866
0.055708
0.055551
0.055394
0.055238
0.055082
0.054927
0.054772
0.054618
0.054464
0.054310
0.054157
0.054004
0.053852
0.053700
0.053549
0.053398
0.053247
0.053097
0.052947
0.052798
0.052649
0.052501
0.052353
0.052205
0.052058
0.051911
0.051765
0.051619
0.051474
0.051329
0.051184
0.051040
0.050896
0.050752
0.050609
0.050467
0.050324
0.050183
0.050041
0.049900
0.049760
0.049619
0.049480
0.049340
0.049201
0.049063
0.048924
0.048787
0.048649
0.048512
0.048375
0.048239
0.048103
0.047968
0.047833
0.047698
0.047564
0.047430
0.047296
0.047163
0.047030
0.046898
0.046766
0.046634
0.046503
0.046372
0.046241
0.046111
0.045981
0.045852
0.045723
0.045594
0.045466
0.045338
0.045210
0.045083
0.044956
0.044829
0.044703
0.044577
0.044452
0.044327
0.044202
0.044078
0.043954
0.043830
0.043707
0.043584
0.043461
0.043339
0.043217
0.043095
0.042974
0.042853
0.042732
0.042612
0.042492
0.042373
0.042254
0.042135
0.042016
0.041898
0.041780
0.041663
0.041545
0.041429
0.041312
0.041196
0.041080
0.040964
0.040849
0.040734
0.040620
0.040506
0.040392
0.040278
0.040165
0.040052
0.039939
0.039827
0.039715
0.039603
0.039492
0.039381
0.039270
0.039160
0.039050
0.038940
0.038831
0.038722
0.038613
0.038504
0.038396
0.038288
0.038181
0.038073
0.037966
0.037860
0.037753
0.037647
0.037541
0.037436
0.037331
0.037226
0.037121
0.037017
0.036913
0.036809
0.036706
0.036603
0.036500
0.036397
0.036295
0.036193
0.036091
0.035990
0.035889
0.035788
0.035688
0.035588
0.035488
0.035388
0.035289
0.035189
0.035091
0.034992
0.034894
0.034796
0.034698
0.034601
0.034504
0.034407
0.034310
0.034214
0.034118
0.034022
0.033927
0.033831
0.033736
0.033642
0.033547
0.033453
0.033359
0.033266
0.033172
0.033079
0.032986
0.032894
0.032801
0.032709
0.032618
0.032526
0.032435
0.032344
0.032253
0.032163
0.032072
0.031982
0.031893
0.031803
0.031714
0.031625
0.031536
0.031448
0.031360
0.031272
0.031184
0.031096
0.031009
0.030922
0.030836
0.030749
0.030663
0.030577
0.030491
0.030406
0.030320
0.030235
0.030151
0.030066
0.029982
0.029898
0.029814
0.029730
0.029647
0.029564
0.029481
0.029398
0.029316
0.029234
0.029152
0.029070
0.028989
0.028907
0.028826
0.028746
0.028665
0.028585
0.028505
0.028425
0.028345
0.028266
0.028186
0.028107
0.028029
0.027950
0.027872
0.027794
0.027716
0.027638
0.027561
0.027484
0.027407
0.027330
0.027253
0.027177
0.027101
0.027025
0.026949
0.026874
0.026798
0.026723
0.026649
0.026574
0.026500
0.026425
0.026351
0.026278
0.026204
0.026131
0.026057
0.025984
0.025912
0.025839
0.025767
0.025695
0.025623
0.025551
0.025480
0.025408
0.025337
0.025266
0.025195
0.025125
0.025055
0.024984
0.024915
0.024845
0.024775
0.024706
0.024637
0.024568
0.024499
0.024431
0.024362
0.024294
0.024226
0.024158
0.024091
0.024023
0.023956
0.023889
0.023822
0.023756
0.023689
0.023623
0.023557
0.023491
0.023425
0.023360
0.023294
0.023229
0.023164
0.023099
0.023035
0.022970
0.022906
0.022842
0.022778
0.022715
0.022651
0.022588
0.022525
0.022462
0.022399
0.022336
0.022274
0.022211
0.022149
0.022087
0.022026
0.021964
0.021903
0.021841
0.021780
0.021720
0.021659
0.021598
0.021538
0.021478
0.021418
0.021358
0.021298
0.021239
0.021179
0.021120
0.021061
0.021002
0.020944
0.020885
0.020827
0.020769
0.020711
0.020653
0.020595
0.020537
0.020480
0.020423
0.020366
0.020309
0.020252
0.020196
0.020139
0.020083
0.020027
0.019971
0.019915
0.019860
0.019804
0.019749
0.019694
0.019639
0.019584
0.019529
0.019475
0.019420
0.019366
0.019312
0.019258
0.019204
0.019151
0.019097
0.019044
0.018991
0.018938
0.018885
0.018832
0.018780
0.018727
0.018675
0.018623
0.018571
0.018519
0.018467
0.018416
0.018364
0.018313
0.018262
0.018211
0.018160
0.018110
0.018059
0.018009
0.017958
0.017908
0.017858
0.017809
0.017759
0.017709
0.017660
0.017611
0.017562
0.017513
0.017464
0.017415
0.017366
0.017318
0.017270
0.017221
0.017173
0.017126
0.017078
0.017030
0.016983
0.016935
0.016888
0.016841
0.016794
0.016747
0.016701
0.016654
0.016608
0.016561
0.016515
0.016469
0.016423
0.016377
0.016332
0.016286
0.016241
0.016196
0.016150
0.016105
0.016060
0.016016
0.015971
0.015927
0.015882
0.015838
0.015794
0.015750
0.015706
0.015662
0.015618
0.015575
0.015532
0.015488
0.015445
0.015402
0.015359
0.015316
0.015274
0.015231
0.015189
0.015146
0.015104
0.015062
0.015020
0.014978
0.014937
0.014895
0.014854
0.014812
0.014771
0.014730
0.014689
0.014648
0.014607
0.014566
0.014526
0.014485
0.014445
0.014405
0.014365
0.014325
0.014285
0.014245
0.014206
0.014166
0.014127
0.014087
0.014048
0.014009
0.013970
0.013931
0.013892
0.013854
0.013815
0.013777
0.013738
0.013700
0.013662
0.013624
0.013586
0.013548
0.013510
0.013473
0.013435
0.013398
0.013361
0.013324
0.013286
0.013250
0.013213
0.013176
0.013139
0.013103
0.013066
0.013030
0.012994
0.012958
0.012921
0.012886
0.012850
0.012814
0.012778
0.012743
0.012707
0.012672
0.012637
0.012602
0.012567
0.012532
0.012497
0.012462
0.012427
0.012393
0.012358
0.012324
0.012290
0.012256
0.012222
0.012188
0.012154
0.012120
0.012086
0.012053
0.012019
0.011986
0.011952
0.011919
0.011886
0.011853
0.011820
0.011787
0.011754
0.011722
0.011689
0.011657
0.011624
0.011592
0.011560
0.011528
0.011496
0.011464
0.011432
0.011400
0.011368
0.011337
0.011305
0.011274
0.011243
0.011211
0.011180
0.011149
0.011118
0.011087
0.011057
0.011026
0.010995
0.010965
0.010934
0.010904
0.010874
0.010843
0.010813
0.010783
0.010753
0.010724
0.010694
0.010664
0.010634
0.010605
0.010575
0.010546
0.010517
0.010488
0.010459
0.010429
0.010401
0.010372
0.010343
0.010314
0.010286
0.010257
0.010229
0.010200
0.010172
0.010144
0.010115
0.010087
0.010059
0.010031
0.010004
0.009976
0.009948
0.009921
0.009893
0.009866
0.009838
0.009811
0.009784
0.009757
0.009730
0.009703
0.009676
0.009649
0.009622
0.009595
0.009569
0.009542
0.009516
0.009489
0.009463
0.009437
0.009411
0.009384
0.009358
0.009333
0.009307
0.009281
0.009255
0.009229
0.009204
0.009178
0.009153
0.009127
0.009102
0.009077
0.009052
0.009027
0.009002
0.008977
0.008952
0.008927
0.008902
0.008878
0.008853
0.008828
0.008804
0.008780
0.008755
0.008731
0.008707
0.008683
0.008659
0.008635
0.008611
0.008587
0.008563
0.008539
0.008516
0.008492
0.008469
0.008445
0.008422
0.008398
0.008375
0.008352
0.008329
0.008306
0.008283
0.008260
0.008237
0.008214
0.008191
0.008169
0.008146
0.008123
0.008101
0.008078
0.008056
0.008034
0.008012
0.007989
0.007967
0.007945
0.007923
0.007901
0.007879
0.007858
0.007836
0.007814
0.007792
0.007771
0.007749
0.007728
0.007707
0.007685
0.007664
0.007643
0.007622
0.007600
0.007579
0.007558
0.007537
0.007517
0.007496
0.007475
0.007454
0.007434
0.007413
0.007393
0.007372
0.007352
0.007331
0.007311
0.007291
0.007271
0.007251
0.007231
0.007211
0.007191
0.007171
0.007151
0.007131
0.007111
0.007092
0.007072
0.007053
0.007033
0.007014
0.006994
0.006975
0.006956
0.006936
0.006917
0.006898
0.006879
0.006860
0.006841
0.006822
0.006803
0.006784
0.006766
0.006747
0.006728
0.006710
0.006691
0.006673
0.006654
0.006636
0.006617
0.006599
0.006581
0.006563
0.006545
0.006526
0.006508
0.006490
0.006472
0.006455
0.006437
0.006419
0.006401
0.006384
0.006366
0.006348
0.006331
0.006313
0.006296
0.006278
0.006261
0.006244
0.006227
0.006209
0.006192
0.006175
0.006158
0.006141
0.006124
0.006107
0.006090
0.006073
0.006057
0.006040
0.006023
0.006007
0.005990
0.005973
0.005957
0.005941
0.005924
0.005908
0.005891
0.005875
0.005859
0.005843
0.005827
0.005811
0.005794
0.005778
0.005763
0.005747
0.005731
0.005715
0.005699
0.005683
0.005668
0.005652
0.005636
0.005621
0.005605
0.005590
0.005575
0.005559
0.005544
0.005528
0.005513
0.005498
0.005483
0.005468
0.005453
0.005438
0.005423
0.005408
0.005393
0.005378
0.005363
0.005348
0.005333
0.005319
0.005304
0.005289
0.005275
0.005260
0.005246
0.005231
0.005217
0.005202
0.005188
0.005174
0.005160
0.005145
0.005131
0.005117
0.005103
0.005089
0.005075
0.005061
0.005047
0.005033
0.005019
0.005005
0.004991
0.004978
0.004964
0.004950
0.004936
0.004923
0.004909
0.004896
0.004882
0.004869
0.004855
0.004842
0.004829
0.004815
0.004802
0.004789
0.004776
0.004762
0.004749
0.004736
0.004723
0.004710
0.004697
0.004684
0.004671
0.004658
0.004646
0.004633
0.004620
0.004607
0.004595
0.004582
0.004569
0.004557
0.004544
0.004532
0.004519
0.004507
0.004494
0.004482
0.004470
0.004457
0.004445
0.004433
0.004421
0.004408
0.004396
0.004384
0.004372
0.004360
0.004348
0.004336
0.004324
0.004312
0.004300
0.004288
0.004277
0.004265
0.004253
0.004241
0.004230
0.004218
0.004206
0.004195
0.004183
0.004172
0.004160
0.004149
0.004137
0.004126
0.004115
0.004103
0.004092
0.004081
0.004070
0.004058
0.004047
0.004036
0.004025
0.004014
0.004003
0.003992
0.003981
0.003970
0.003959
0.003948
0.003937
0.003926
0.003916
0.003905
0.003894
0.003883
0.003873
0.003862
0.003851
0.003841
0.003830
0.003820
0.003809
0.003799
0.003788
0.003778
0.003767
0.003757
0.003747
0.003736
0.003726
0.003716
0.003706
0.003695
0.003685
0.003675
0.003665
0.003655
0.003645
0.003635
0.003625
0.003615
0.003605
0.003595
0.003585
0.003575
0.003566
0.003556
0.003546
0.003536
0.003527
0.003517
0.003507
0.003497
0.003488
0.003478
0.003469
0.003459
0.003450
0.003440
0.003431
0.003421
0.003412
0.003403
0.003393
0.003384
0.003375
0.003365
0.003356
0.003347
0.003338
0.003328
0.003319
0.003310
0.003301
0.003292
0.003283
0.003274
0.003265
0.003256
0.003247
0.003238
0.003229
0.003220
0.003212
0.003203
0.003194
0.003185
0.003176
0.003168
0.003159
0.003150
0.003142
0.003133
0.003124
0.003116
0.003107
0.003099
0.003090
0.003082
0.003073
0.003065
0.003056
0.003048
0.003040
