63.140158
63.140158
26.949885
11.579718
5.051728
2.278957
1.101007
0.600369
0.387382
0.296560
0.257621
0.240719
0.233176
0.229608
0.227731
0.226572
0.225719
0.224997
0.224332
0.223692
0.223063
0.222441
0.221822
0.221205
0.220591
0.219978
0.219367
0.218758
0.218151
0.217545
0.216942
0.216339
0.215739
0.215140
0.214543
0.213947
0.213353
0.212761
0.212171
0.211582
0.210995
0.210409
0.209825
0.209243
0.208663
0.208084
0.207506
0.206930
0.206356
0.205784
0.205213
0.204644
0.204076
0.203510
0.202945
0.202382
0.201821
0.201261
0.200703
0.200146
0.199591
0.199038
0.198486
0.197935
0.197386
0.196839
0.196293
0.195749
0.195206
0.194665
0.194125
0.193587
0.193050
0.192515
0.191981
0.191449
0.190919
0.190389
0.189862
0.189335
0.188811
0.188287
0.187765
0.187245
0.186726
0.186209
0.185693
0.185178
0.184665
0.184153
0.183643
0.183134
0.182627
0.182121
0.181616
0.181113
0.180612
0.180111
0.179612
0.179115
0.178619
0.178124
0.177631
0.177139
0.176648
0.176159
0.175671
0.175184
0.174699
0.174216
0.173733
0.173252
0.172772
0.172294
0.171817
0.171341
0.170867
0.170394
0.169922
0.169452
0.168983
0.168515
0.168049
0.167583
0.167120
0.166657
0.166196
0.165736
0.165277
0.164820
0.164364
0.163909
0.163455
0.163003
0.162552
0.162102
0.161654
0.161207
0.160761
0.160316
0.159872
0.159430
0.158989
0.158549
0.158111
0.157673
0.157237
0.156802
0.156369
0.155936
0.155505
0.155075
0.154646
0.154218
0.153792
0.153367
0.152943
0.152520
0.152098
0.151678
0.151258
0.150840
0.150423
0.150007
0.149593
0.149179
0.148767
0.148356
0.147946
0.147537
0.147129
0.146722
0.146317
0.145912
0.145509
0.145107
0.144706
0.144306
0.143908
0.143510
0.143114
0.142718
0.142324
0.141931
0.141539
0.141148
0.140758
0.140369
0.139981
0.139594
0.139209
0.138824
0.138441
0.138059
0.137677
0.137297
0.136918
0.136540
0.136163
0.135787
0.135412
0.135038
0.134665
0.134294
0.133923
0.133553
0.133184
0.132817
0.132450
0.132084
0.131720
0.131356
0.130994
0.130632
0.130272
0.129912
0.129554
0.129196
0.128840
0.128484
0.128129
0.127776
0.127423
0.127072
0.126721
0.126372
0.126023
0.125675
0.125329
0.124983
0.124638
0.124294
0.123951
0.123610
0.123269
0.122929
0.122590
0.122251
0.121914
0.121578
0.121243
0.120908
0.120575
0.120243
0.119911
0.119580
0.119251
0.118922
0.118594
0.118267
0.117941
0.117616
0.117292
0.116968
0.116646
0.116325
0.116004
0.115684
0.115365
0.115047
0.114730
0.114414
0.114099
0.113784
0.113471
0.113158
0.112846
0.112536
0.112225
0.111916
0.111608
0.111300
0.110994
0.110688
0.110383
0.110079
0.109776
0.109474
0.109172
0.108871
0.108571
0.108272
0.107974
0.107677
0.107380
0.107085
0.106790
0.106496
0.106203
0.105910
0.105618
0.105328
0.105038
0.104749
0.104460
0.104173
0.103886
0.103600
0.103315
0.103030
0.102747
0.102464
0.102182
0.101901
0.101620
0.101341
0.101062
0.100784
0.100506
0.100230
0.099954
0.099679
0.099405
0.099131
0.098858
0.098586
0.098315
0.098045
0.097775
0.097506
0.097238
0.096970
0.096704
0.096438
0.096173
0.095908
0.095644
0.095381
0.095119
0.094857
0.094597
0.094336
0.094077
0.093818
0.093560
0.093303
0.093047
0.092791
0.092536
0.092281
0.092028
0.091775
0.091522
0.091271
0.091020
0.090770
0.090520
0.090272
0.090023
0.089776
0.089529
0.089283
0.089038
0.088793
0.088549
0.088306
0.088063
0.087821
0.087580
0.087340
0.087100
0.086860
0.086622
0.086384
0.086146
0.085910
0.085674
0.085439
0.085204
0.084970
0.084737
0.084504
0.084272
0.084040
0.083810
0.083579
0.083350
0.083121
0.082893
0.082665
0.082438
0.082212
0.081986
0.081761
0.081537
0.081313
0.081090
0.080867
0.080645
0.080424
0.080203
0.079983
0.079763
0.079545
0.079326
0.079109
0.078891
0.078675
0.078459
0.078244
0.078029
0.077815
0.077602
0.077389
0.077176
0.076965
0.076753
0.076543
0.076333
0.076124
0.075915
0.075707
0.075499
0.075292
0.075085
0.074879
0.074674
0.074469
0.074265
0.074061
0.073858
0.073656
0.073454
0.073253
0.073052
0.072851
0.072652
0.072452
0.072254
0.072056
0.071858
0.071661
0.071465
0.071269
0.071074
0.070879
0.070685
0.070491
0.070298
0.070105
0.069913
0.069721
0.069530
0.069340
0.069150
0.068960
0.068771
0.068583
0.068395
0.068208
0.068021
0.067835
0.067649
0.067463
0.067279
0.067094
0.066911
0.066727
0.066545
0.066362
0.066181
0.065999
0.065819
0.065638
0.065459
0.065279
0.065101
0.064922
0.064745
0.064567
0.064391
0.064214
0.064039
0.063863
0.063688
0.063514
0.063340
0.063167
0.062994
0.062822
0.062650
0.062478
0.062307
0.062137
0.061967
0.061797
0.061628
0.061459
0.061291
0.061123
0.060956
0.060789
0.060623
0.060457
0.060292
0.060127
0.059962
0.059798
0.059635
0.059472
0.059309
0.059147
0.058985
0.058824
0.058663
0.058502
0.058342
0.058183
0.058024
0.057865
0.057707
0.057549
0.057392
0.057235
0.057078
0.056922
0.056767
0.056612
0.056457
0.056302
0.056149
0.055995
0.055842
0.055689
0.055537
0.055385
0.055234
0.055083
0.054933
0.054782
0.054633
0.054483
0.054335
0.054186
0.054038
0.053890
0.053743
0.053596
0.053450
0.053304
0.053158
0.053013
0.052868
0.052724
0.052580
0.052436
0.052293
0.052150
0.052008
0.051866
0.051724
0.051583
0.051442
0.051302
0.051161
0.051022
0.050882
0.050743
0.050605
0.050467
0.050329
0.050192
0.050055
0.049918
0.049782
0.049646
0.049510
0.049375
0.049240
0.049106
0.048972
0.048838
0.048705
0.048572
0.048440
0.048307
0.048176
0.048044
0.047913
0.047782
0.047652
0.047522
0.047392
0.047263
0.047134
0.047005
0.046877
0.046749
0.046622
0.046495
0.046368
0.046241
0.046115
0.045990
0.045864
0.045739
0.045614
0.045490
0.045366
0.045242
0.045119
0.044996
0.044873
0.044751
0.044629
0.044507
0.044386
0.044265
0.044144
0.044024
0.043904
0.043784
0.043665
0.043546
0.043427
0.043309
0.043191
0.043073
0.042956
0.042838
0.042722
0.042605
0.042489
0.042373
0.042258
0.042143
0.042028
0.041914
0.041799
0.041686
0.041572
0.041459
0.041346
0.041233
0.041121
0.041009
0.040897
0.040786
0.040675
0.040564
0.040453
0.040343
0.040233
0.040124
0.040015
0.039906
0.039797
0.039689
0.039581
0.039473
0.039365
0.039258
0.039151
0.039045
0.038938
0.038832
0.038727
0.038621
0.038516
0.038411
0.038307
0.038203
0.038099
0.037995
0.037892
0.037788
0.037686
0.037583
0.037481
0.037379
0.037277
0.037176
0.037075
0.036974
0.036873
0.036773
0.036673
0.036573
0.036474
0.036374
0.036275
0.036177
0.036078
0.035980
0.035882
0.035785
0.035687
0.035590
0.035494
0.035397
0.035301
0.035205
0.035109
0.035014
0.034919
0.034824
0.034729
0.034635
0.034540
0.034446
0.034353
0.034259
0.034166
0.034073
0.033981
0.033889
0.033796
0.033705
0.033613
0.033522
0.033431
0.033340
0.033249
0.033159
0.033069
0.032979
0.032889
0.032800
0.032711
0.032622
0.032533
0.032445
0.032357
0.032269
0.032181
0.032094
0.032007
0.031920
0.031833
0.031747
0.031660
0.031574
0.031489
0.031403
0.031318
0.031233
0.031148
0.031063
0.030979
0.030895
0.030811
0.030727
0.030644
0.030561
0.030478
0.030395
0.030313
0.030230
0.030148
0.030066
0.029985
0.029903
0.029822
0.029741
0.029661
0.029580
0.029500
0.029420
0.029340
0.029260
0.029181
0.029102
0.029023
0.028944
0.028866
0.028787
0.028709
0.028631
0.028554
0.028476
0.028399
0.028322
0.028245
0.028169
0.028092
0.028016
0.027940
0.027864
0.027789
0.027713
0.027638
0.027563
0.027489
0.027414
0.027340
0.027266
0.027192
0.027118
0.027044
0.026971
0.026898
0.026825
0.026752
0.026680
0.026608
0.026535
0.026463
0.026392
0.026320
0.026249
0.026178
0.026107
0.026036
0.025966
0.025895
0.025825
0.025755
0.025685
0.025616
0.025546
0.025477
0.025408
0.025339
0.025271
0.025202
0.025134
0.025066
0.024998
0.024930
0.024863
0.024795
0.024728
0.024661
0.024594
0.024528
0.024461
0.024395
0.024329
0.024263
0.024198
0.024132
0.024067
0.024002
0.023937
0.023872
0.023807
0.023743
0.023678
0.023614
0.023550
0.023487
0.023423
0.023360
0.023297
0.023233
0.023171
0.023108
0.023045
0.022983
0.022921
0.022859
0.022797
0.022735
0.022674
0.022612
0.022551
0.022490
0.022429
0.022369
0.022308
0.022248
0.022188
0.022128
0.022068
0.022008
0.021949
0.021889
0.021830
0.021771
0.021712
0.021653
0.021595
0.021536
0.021478
0.021420
0.021362
0.021305
0.021247
0.021189
0.021132
0.021075
0.021018
0.020961
0.020905
0.020848
0.020792
0.020736
0.020680
0.020624
0.020568
0.020512
0.020457
0.020402
0.020346
0.020291
0.020237
0.020182
0.020127
0.020073
0.020019
0.019965
0.019911
0.019857
0.019803
0.019750
0.019697
0.019643
0.019590
0.019537
0.019485
0.019432
0.019379
0.019327
0.019275
0.019223
0.019171
0.019119
0.019068
0.019016
0.018965
0.018914
0.018862
0.018812
0.018761
0.018710
0.018660
0.018609
0.018559
0.018509
0.018459
0.018409
0.018359
0.018310
0.018260
0.018211
0.018162
0.018113
0.018064
0.018015
0.017967
0.017918
0.017870
0.017822
0.017774
0.017726
0.017678
0.017630
0.017583
0.017535
0.017488
0.017441
0.017394
0.017347
0.017300
0.017253
0.017207
0.017160
0.017114
0.017068
0.017022
0.016976
0.016930
0.016885
0.016839
0.016794
0.016748
0.016703
0.016658
0.016613
0.016568
0.016524
0.016479
0.016435
0.016390
0.016346
0.016302
0.016258
0.016214
0.016171
0.016127
0.016084
0.016040
0.015997
0.015954
0.015911
0.015868
0.015825
0.015783
0.015740
0.015698
0.015656
0.015613
0.015571
0.015529
0.015487
0.015446
0.015404
0.015363
0.015321
0.015280
0.015239
0.015198
0.015157
0.015116
0.015075
0.015035
0.014994
0.014954
0.014914
0.014873
0.014833
0.014793
0.014754
0.014714
0.014674
0.014635
0.014595
0.014556
0.014517
0.014478
0.014439
0.014400
0.014361
0.014323
0.014284
0.014246
0.014207
0.014169
0.014131
0.014093
0.014055
0.014017
0.013979
0.013942
0.013904
0.013867
0.013829
0.013792
0.013755
0.013718
0.013681
0.013644
0.013608
0.013571
0.013535
0.013498
0.013462
0.013426
0.013390
0.013354
0.013318
0.013282
0.013246
0.013211
0.013175
0.013140
0.013104
0.013069
0.013034
0.012999
0.012964
0.012929
0.012894
0.012860
0.012825
0.012791
0.012756
0.012722
0.012688
0.012654
0.012620
0.012586
0.012552
0.012518
0.012484
0.012451
0.012417
0.012384
0.012351
0.012318
0.012284
0.012251
0.012219
0.012186
0.012153
0.012120
0.012088
0.012055
0.012023
0.011991
0.011958
0.011926
0.011894
0.011862
0.011830
0.011799
0.011767
0.011735
0.011704
0.011672
0.011641
0.011610
0.011579
0.011548
0.011516
0.011486
0.011455
0.011424
0.011393
0.011363
0.011332
0.011302
0.011271
0.011241
0.011211
0.011181
0.011151
0.011121
0.011091
0.011061
0.011032
0.011002
0.010973
0.010943
0.010914
0.010884
0.010855
0.010826
0.010797
0.010768
0.010739
0.010710
0.010682
0.010653
0.010624
0.010596
0.010567
0.010539
0.010511
0.010483
0.010455
0.010426
0.010399
0.010371
0.010343
0.010315
0.010287
0.010260
0.010232
0.010205
0.010178
0.010150
0.010123
0.010096
0.010069
0.010042
0.010015
0.009988
0.009961
0.009935
0.009908
0.009881
0.009855
0.009828
0.009802
0.009776
0.009750
0.009723
0.009697
0.009671
0.009646
0.009620
0.009594
0.009568
0.009543
0.009517
0.009491
0.009466
0.009441
0.009415
0.009390
0.009365
0.009340
0.009315
0.009290
0.009265
0.009240
0.009215
0.009191
0.009166
0.009142
0.009117
0.009093
0.009068
0.009044
0.009020
0.008996
0.008972
0.008948
0.008924
0.008900
0.008876
0.008852
0.008828
0.008805
0.008781
0.008758
0.008734
0.008711
0.008688
0.008664
0.008641
0.008618
0.008595
0.008572
0.008549
0.008526
0.008503
0.008481
0.008458
0.008435
0.008413
0.008390
0.008368
0.008345
0.008323
0.008301
0.008278
0.008256
0.008234
0.008212
0.008190
0.008168
0.008147
0.008125
0.008103
0.008081
0.008060
0.008038
0.008017
0.007995
0.007974
0.007952
0.007931
0.007910
0.007889
0.007868
0.007847
0.007826
0.007805
0.007784
0.007763
0.007742
0.007722
0.007701
0.007680
0.007660
0.007639
0.007619
0.007599
0.007578
0.007558
0.007538
0.007518
0.007498
0.007478
0.007458
0.007438
0.007418
0.007398
0.007378
0.007359
0.007339
0.007319
0.007300
0.007280
0.007261
0.007241
0.007222
0.007203
0.007183
0.007164
0.007145
0.007126
0.007107
0.007088
0.007069
0.007050
0.007031
0.007013
0.006994
0.006975
0.006957
0.006938
0.006919
0.006901
0.006883
0.006864
0.006846
0.006828
0.006809
0.006791
0.006773
0.006755
0.006737
0.006719
0.006701
0.006683
0.006665
0.006648
0.006630
0.006612
0.006594
0.006577
0.006559
0.006542
0.006524
0.006507
0.006490
0.006472
0.006455
0.006438
0.006421
0.006403
0.006386
0.006369
0.006352
0.006335
0.006318
0.006302
0.006285
0.006268
0.006251
0.006235
0.006218
0.006201
0.006185
0.006168
0.006152
0.006136
0.006119
0.006103
0.006087
0.006070
0.006054
0.006038
0.006022
0.006006
0.005990
0.005974
0.005958
0.005942
0.005926
0.005910
0.005895
0.005879
0.005863
0.005848
0.005832
0.005817
0.005801
0.005786
0.005770
0.005755
0.005739
0.005724
0.005709
0.005694
0.005679
0.005663
0.005648
0.005633
0.005618
0.005603
0.005588
0.005573
0.005559
0.005544
0.005529
0.005514
0.005500
0.005485
0.005470
0.005456
0.005441
0.005427
0.005412
0.005398
0.005384
0.005369
0.005355
0.005341
0.005326
0.005312
0.005298
0.005284
0.005270
0.005256
0.005242
0.005228
0.005214
0.005200
0.005186
0.005172
0.005159
0.005145
0.005131
0.005118
0.005104
0.005090
0.005077
0.005063
0.005050
0.005036
0.005023
0.005010
0.004996
0.004983
0.004970
0.004957
0.004943
0.004930
0.004917
0.004904
0.004891
0.004878
0.004865
0.004852
0.004839
0.004826
0.004813
0.004801
0.004788
0.004775
0.004762
0.004750
0.004737
0.004725
0.004712
0.004699
0.004687
0.004675
0.004662
0.004650
0.004637
0.004625
0.004613
0.004600
0.004588
0.004576
0.004564
0.004552
0.004540
0.004528
0.004515
0.004503
0.004492
0.004480
0.004468
0.004456
0.004444
0.004432
0.004420
0.004409
0.004397
0.004385
0.004374
0.004362
0.004350
0.004339
0.004327
0.004316
0.004304
0.004293
0.004281
0.004270
0.004259
0.004247
0.004236
0.004225
0.004214
0.004203
0.004191
0.004180
0.004169
0.004158
0.004147
0.004136
0.004125
0.004114
0.004103
0.004092
0.004081
0.004071
0.004060
0.004049
0.004038
0.004027
0.004017
0.004006
