62.275811
62.275811
26.253548
11.146689
4.811025
2.153697
1.038936
0.571076
0.374504
0.291702
0.256612
0.241532
0.234845
0.231678
0.229988
0.228919
0.228112
0.227414
0.226764
0.226135
0.225516
0.224902
0.224290
0.223681
0.223074
0.222469
0.221865
0.221263
0.220663
0.220065
0.219468
0.218872
0.218279
0.217687
0.217096
0.216507
0.215920
0.215335
0.214751
0.214168
0.213587
0.213008
0.212431
0.211855
0.211280
0.210707
0.210136
0.209566
0.208998
0.208431
0.207866
0.207303
0.206741
0.206180
0.205622
0.205064
0.204508
0.203954
0.203401
0.202850
0.202300
0.201752
0.201205
0.200660
0.200116
0.199574
0.199033
0.198494
0.197956
0.197420
0.196885
0.196351
0.195820
0.195289
0.194760
0.194232
0.193706
0.193182
0.192658
0.192136
0.191616
0.191097
0.190579
0.190063
0.189549
0.189035
0.188523
0.188013
0.187504
0.186996
0.186490
0.185985
0.185481
0.184979
0.184478
0.183979
0.183481
0.182984
0.182489
0.181995
0.181502
0.181011
0.180521
0.180032
0.179545
0.179059
0.178574
0.178091
0.177609
0.177129
0.176649
0.176171
0.175695
0.175219
0.174745
0.174272
0.173801
0.173331
0.172862
0.172394
0.171928
0.171463
0.170999
0.170536
0.170075
0.169615
0.169156
0.168699
0.168242
0.167787
0.167334
0.166881
0.166430
0.165980
0.165531
0.165083
0.164637
0.164192
0.163748
0.163305
0.162864
0.162423
0.161984
0.161546
0.161110
0.160674
0.160240
0.159807
0.159375
0.158944
0.158515
0.158086
0.157659
0.157233
0.156808
0.156384
0.155962
0.155540
0.155120
0.154701
0.154283
0.153866
0.153450
0.153036
0.152622
0.152210
0.151799
0.151389
0.150980
0.150572
0.150165
0.149760
0.149355
0.148952
0.148549
0.148148
0.147748
0.147349
0.146951
0.146554
0.146159
0.145764
0.145371
0.144978
0.144587
0.144196
0.143807
0.143419
0.143032
0.142645
0.142260
0.141876
0.141493
0.141111
0.140731
0.140351
0.139972
0.139594
0.139217
0.138842
0.138467
0.138093
0.137721
0.137349
0.136979
0.136609
0.136240
0.135873
0.135506
0.135141
0.134776
0.134412
0.134050
0.133688
0.133328
0.132968
0.132609
0.132252
0.131895
0.131539
0.131184
0.130831
0.130478
0.130126
0.129775
0.129425
0.129076
0.128728
0.128381
0.128035
0.127690
0.127345
0.127002
0.126660
0.126318
0.125978
0.125638
0.125299
0.124962
0.124625
0.124289
0.123954
0.123620
0.123287
0.122955
0.122623
0.122293
0.121963
0.121635
0.121307
0.120980
0.120654
0.120329
0.120005
0.119681
0.119359
0.119037
0.118717
0.118397
0.118078
0.117760
0.117443
0.117126
0.116811
0.116496
0.116183
0.115870
0.115558
0.115246
0.114936
0.114627
0.114318
0.114010
0.113703
0.113397
0.113092
0.112787
0.112483
0.112181
0.111879
0.111577
0.111277
0.110977
0.110679
0.110381
0.110084
0.109787
0.109492
0.109197
0.108903
0.108610
0.108318
0.108027
0.107736
0.107446
0.107157
0.106868
0.106581
0.106294
0.106008
0.105723
0.105439
0.105155
0.104872
0.104590
0.104309
0.104028
0.103748
0.103469
0.103191
0.102913
0.102636
0.102360
0.102085
0.101811
0.101537
0.101264
0.100991
0.100720
0.100449
0.100179
0.099910
0.099641
0.099373
0.099106
0.098840
0.098574
0.098309
0.098045
0.097781
0.097518
0.097256
0.096995
0.096734
0.096474
0.096215
0.095956
0.095698
0.095441
0.095185
0.094929
0.094674
0.094419
0.094166
0.093913
0.093660
0.093409
0.093158
0.092908
0.092658
0.092409
0.092161
0.091913
0.091666
0.091420
0.091175
0.090930
0.090685
0.090442
0.090199
0.089957
0.089715
0.089474
0.089234
0.088994
0.088755
0.088517
0.088280
0.088042
0.087806
0.087570
0.087335
0.087101
0.086867
0.086634
0.086401
0.086169
0.085938
0.085707
0.085477
0.085248
0.085019
0.084791
0.084563
0.084337
0.084110
0.083885
0.083659
0.083435
0.083211
0.082988
0.082765
0.082543
0.082322
0.082101
0.081881
0.081661
0.081442
0.081223
0.081006
0.080788
0.080572
0.080355
0.080140
0.079925
0.079711
0.079497
0.079284
0.079071
0.078859
0.078648
0.078437
0.078226
0.078017
0.077807
0.077599
0.077391
0.077183
0.076976
0.076770
0.076564
0.076359
0.076154
0.075950
0.075747
0.075544
0.075341
0.075139
0.074938
0.074737
0.074537
0.074337
0.074138
0.073939
0.073741
0.073543
0.073346
0.073150
0.072954
0.072758
0.072564
0.072369
0.072175
0.071982
0.071789
0.071597
0.071405
0.071214
0.071023
0.070833
0.070643
0.070454
0.070265
0.070077
0.069889
0.069702
0.069516
0.069329
0.069144
0.068959
0.068774
0.068590
0.068406
0.068223
0.068041
0.067858
0.067677
0.067496
0.067315
0.067135
0.066955
0.066776
0.066597
0.066419
0.066241
0.066064
0.065887
0.065711
0.065535
0.065360
0.065185
0.065010
0.064836
0.064663
0.064490
0.064317
0.064145
0.063974
0.063802
0.063632
0.063462
0.063292
0.063123
0.062954
0.062785
0.062617
0.062450
0.062283
0.062116
0.061950
0.061785
0.061619
0.061455
0.061290
0.061126
0.060963
0.060800
0.060637
0.060475
0.060314
0.060152
0.059991
0.059831
0.059671
0.059512
0.059353
0.059194
0.059036
0.058878
0.058721
0.058564
0.058407
0.058251
0.058095
0.057940
0.057785
0.057631
0.057477
0.057323
0.057170
0.057017
0.056865
0.056713
0.056562
0.056411
0.056260
0.056110
0.055960
0.055810
0.055661
0.055512
0.055364
0.055216
0.055069
0.054922
0.054775
0.054629
0.054483
0.054337
0.054192
0.054048
0.053903
0.053759
0.053616
0.053473
0.053330
0.053188
0.053046
0.052904
0.052763
0.052622
0.052481
0.052341
0.052202
0.052062
0.051923
0.051785
0.051647
0.051509
0.051371
0.051234
0.051098
0.050961
0.050825
0.050690
0.050554
0.050419
0.050285
0.050151
0.050017
0.049884
0.049750
0.049618
0.049485
0.049353
0.049222
0.049090
0.048960
0.048829
0.048699
0.048569
0.048439
0.048310
0.048181
0.048053
0.047925
0.047797
0.047669
0.047542
0.047416
0.047289
0.047163
0.047037
0.046912
0.046787
0.046662
0.046538
0.046414
0.046290
0.046167
0.046044
0.045921
0.045798
0.045676
0.045555
0.045433
0.045312
0.045191
0.045071
0.044951
0.044831
0.044712
0.044593
0.044474
0.044355
0.044237
0.044119
0.044002
0.043884
0.043768
0.043651
0.043535
0.043419
0.043303
0.043188
0.043073
0.042958
0.042844
0.042729
0.042616
0.042502
0.042389
0.042276
0.042164
0.042051
0.041939
0.041828
0.041716
0.041605
0.041494
0.041384
0.041274
0.041164
0.041054
0.040945
0.040836
0.040727
0.040619
0.040511
0.040403
0.040296
0.040188
0.040081
0.039975
0.039868
0.039762
0.039656
0.039551
0.039446
0.039341
0.039236
0.039132
0.039028
0.038924
0.038820
0.038717
0.038614
0.038511
0.038409
0.038307
0.038205
0.038103
0.038002
0.037901
0.037800
0.037699
0.037599
0.037499
0.037399
0.037300
0.037201
0.037102
0.037003
0.036905
0.036807
0.036709
0.036611
0.036514
0.036417
0.036320
0.036223
0.036127
0.036031
0.035935
0.035840
0.035745
0.035650
0.035555
0.035460
0.035366
0.035272
0.035178
0.035085
0.034992
0.034899
0.034806
0.034713
0.034621
0.034529
0.034437
0.034346
0.034255
0.034164
0.034073
0.033982
0.033892
0.033802
0.033712
0.033623
0.033534
0.033445
0.033356
0.033267
0.033179
0.033091
0.033003
0.032915
0.032828
0.032741
0.032654
0.032567
0.032480
0.032394
0.032308
0.032222
0.032137
0.032052
0.031967
0.031882
0.031797
0.031713
0.031628
0.031544
0.031461
0.031377
0.031294
0.031211
0.031128
0.031046
0.030963
0.030881
0.030799
0.030717
0.030636
0.030555
0.030473
0.030393
0.030312
0.030232
0.030151
0.030071
0.029992
0.029912
0.029833
0.029754
0.029675
0.029596
0.029517
0.029439
0.029361
0.029283
0.029206
0.029128
0.029051
0.028974
0.028897
0.028820
0.028744
0.028668
0.028592
0.028516
0.028440
0.028365
0.028290
0.028215
0.028140
0.028065
0.027991
0.027917
0.027843
0.027769
0.027695
0.027622
0.027549
0.027476
0.027403
0.027330
0.027258
0.027186
0.027114
0.027042
0.026970
0.026899
0.026827
0.026756
0.026685
0.026615
0.026544
0.026474
0.026404
0.026334
0.026264
0.026195
0.026125
0.026056
0.025987
0.025918
0.025850
0.025781
0.025713
0.025645
0.025577
0.025509
0.025442
0.025374
0.025307
0.025240
0.025173
0.025106
0.025040
0.024974
0.024908
0.024842
0.024776
0.024710
0.024645
0.024580
0.024515
0.024450
0.024385
0.024321
0.024256
0.024192
0.024128
0.024064
0.024000
0.023937
0.023874
0.023810
0.023747
0.023685
0.023622
0.023559
0.023497
0.023435
0.023373
0.023311
0.023249
0.023188
0.023127
0.023065
0.023004
0.022944
0.022883
0.022822
0.022762
0.022702
0.022642
0.022582
0.022522
0.022463
0.022403
0.022344
0.022285
0.022226
0.022167
0.022109
0.022050
0.021992
0.021934
0.021876
0.021818
0.021760
0.021703
0.021645
0.021588
0.021531
0.021474
0.021417
0.021361
0.021304
0.021248
0.021192
0.021136
0.021080
0.021024
0.020969
0.020913
0.020858
0.020803
0.020748
0.020693
0.020639
0.020584
0.020530
0.020476
0.020421
0.020367
0.020314
0.020260
0.020207
0.020153
0.020100
0.020047
0.019994
0.019941
0.019888
0.019836
0.019784
0.019731
0.019679
0.019627
0.019575
0.019524
0.019472
0.019421
0.019370
0.019318
0.019267
0.019217
0.019166
0.019115
0.019065
0.019014
0.018964
0.018914
0.018864
0.018814
0.018765
0.018715
0.018666
0.018617
0.018568
0.018519
0.018470
0.018421
0.018372
0.018324
0.018276
0.018227
0.018179
0.018131
0.018083
0.018036
0.017988
0.017941
0.017893
0.017846
0.017799
0.017752
0.017705
0.017659
0.017612
0.017566
0.017519
0.017473
0.017427
0.017381
0.017335
0.017290
0.017244
0.017199
0.017153
0.017108
0.017063
0.017018
0.016973
0.016928
0.016884
0.016839
0.016795
0.016750
0.016706
0.016662
0.016618
0.016575
0.016531
0.016487
0.016444
0.016401
0.016357
0.016314
0.016271
0.016228
0.016186
0.016143
0.016100
0.016058
0.016016
0.015974
0.015931
0.015889
0.015848
0.015806
0.015764
0.015723
0.015681
0.015640
0.015599
0.015558
0.015517
0.015476
0.015435
0.015394
0.015354
0.015314
0.015273
0.015233
0.015193
0.015153
0.015113
0.015073
0.015034
0.014994
0.014954
0.014915
0.014876
0.014837
0.014798
0.014759
0.014720
0.014681
0.014642
0.014604
0.014565
0.014527
0.014489
0.014451
0.014413
0.014375
0.014337
0.014299
0.014262
0.014224
0.014187
0.014149
0.014112
0.014075
0.014038
0.014001
0.013964
0.013928
0.013891
0.013854
0.013818
0.013782
0.013745
0.013709
0.013673
0.013637
0.013601
0.013566
0.013530
0.013494
0.013459
0.013423
0.013388
0.013353
0.013318
0.013283
0.013248
0.013213
0.013178
0.013144
0.013109
0.013075
0.013040
0.013006
0.012972
0.012938
0.012904
0.012870
0.012836
0.012802
0.012769
0.012735
0.012702
0.012668
0.012635
0.012602
0.012569
0.012536
0.012503
0.012470
0.012437
0.012404
0.012372
0.012339
0.012307
0.012274
0.012242
0.012210
0.012178
0.012146
0.012114
0.012082
0.012051
0.012019
0.011987
0.011956
0.011924
0.011893
0.011862
0.011831
0.011800
0.011769
0.011738
0.011707
0.011676
0.011646
0.011615
0.011585
0.011554
0.011524
0.011494
0.011463
0.011433
0.011403
0.011373
0.011344
0.011314
0.011284
0.011254
0.011225
0.011195
0.011166
0.011137
0.011108
0.011078
0.011049
0.011020
0.010991
0.010963
0.010934
0.010905
0.010877
0.010848
0.010820
0.010791
0.010763
0.010735
0.010706
0.010678
0.010650
0.010622
0.010595
0.010567
0.010539
0.010511
0.010484
0.010456
0.010429
0.010402
0.010374
0.010347
0.010320
0.010293
0.010266
0.010239
0.010212
0.010185
0.010159
0.010132
0.010106
0.010079
0.010053
0.010026
0.010000
0.009974
0.009948
0.009922
0.009896
0.009870
0.009844
0.009818
0.009792
0.009767
0.009741
0.009715
0.009690
0.009665
0.009639
0.009614
0.009589
0.009564
0.009539
0.009514
0.009489
0.009464
0.009439
0.009414
0.009390
0.009365
0.009341
0.009316
0.009292
0.009267
0.009243
0.009219
0.009195
0.009171
0.009147
0.009123
0.009099
0.009075
0.009051
0.009028
0.009004
0.008980
0.008957
0.008933
0.008910
0.008887
0.008863
0.008840
0.008817
0.008794
0.008771
0.008748
0.008725
0.008702
0.008679
0.008657
0.008634
0.008612
0.008589
0.008567
0.008544
0.008522
0.008499
0.008477
0.008455
0.008433
0.008411
0.008389
0.008367
0.008345
0.008323
0.008301
0.008280
0.008258
0.008236
0.008215
0.008193
0.008172
0.008151
0.008129
0.008108
0.008087
0.008066
0.008045
0.008024
0.008003
0.007982
0.007961
0.007940
0.007919
0.007898
0.007878
0.007857
0.007837
0.007816
0.007796
0.007775
0.007755
0.007735
0.007715
0.007694
0.007674
0.007654
0.007634
0.007614
0.007594
0.007575
0.007555
0.007535
0.007515
0.007496
0.007476
0.007457
0.007437
0.007418
0.007398
0.007379
0.007360
0.007340
0.007321
0.007302
0.007283
0.007264
0.007245
0.007226
0.007207
0.007188
0.007170
0.007151
0.007132
0.007114
0.007095
0.007076
0.007058
0.007040
0.007021
0.007003
0.006985
0.006966
0.006948
0.006930
0.006912
0.006894
0.006876
0.006858
0.006840
0.006822
0.006804
0.006787
0.006769
0.006751
0.006734
0.006716
0.006698
0.006681
0.006664
0.006646
0.006629
0.006612
0.006594
0.006577
0.006560
0.006543
0.006526
0.006509
0.006492
0.006475
0.006458
0.006441
0.006424
0.006407
0.006391
0.006374
0.006357
0.006341
0.006324
0.006308
0.006291
0.006275
0.006259
0.006242
0.006226
0.006210
0.006194
0.006177
0.006161
0.006145
0.006129
0.006113
0.006097
0.006081
0.006066
0.006050
0.006034
0.006018
0.006003
0.005987
0.005971
0.005956
0.005940
0.005925
0.005909
0.005894
0.005878
0.005863
0.005848
0.005833
0.005817
0.005802
0.005787
0.005772
0.005757
0.005742
0.005727
0.005712
0.005697
0.005682
0.005668
0.005653
0.005638
0.005623
0.005609
0.005594
0.005580
0.005565
0.005551
0.005536
0.005522
0.005507
0.005493
0.005479
0.005464
0.005450
0.005436
0.005422
0.005408
0.005394
0.005380
0.005366
0.005352
0.005338
0.005324
0.005310
0.005296
0.005282
0.005269
0.005255
0.005241
0.005227
0.005214
0.005200
0.005187
0.005173
0.005160
0.005146
0.005133
0.005120
0.005106
0.005093
0.005080
0.005067
0.005053
0.005040
0.005027
0.005014
0.005001
0.004988
0.004975
0.004962
0.004949
0.004936
0.004923
0.004911
0.004898
0.004885
0.004872
0.004860
0.004847
0.004834
0.004822
0.004809
0.004797
0.004784
0.004772
0.004759
0.004747
0.004735
0.004722
0.004710
0.004698
0.004686
0.004673
0.004661
0.004649
0.004637
0.004625
0.004613
0.004601
0.004589
0.004577
0.004565
0.004553
0.004542
0.004530
0.004518
0.004506
0.004495
0.004483
0.004471
0.004460
0.004448
0.004436
0.004425
