62.833186
62.833186
25.065560
10.069540
4.115022
1.750447
0.811265
0.438038
0.289526
0.230238
0.206377
0.196584
0.192377
0.190389
0.189283
0.188529
0.187914
0.187356
0.186821
0.186297
0.185777
0.185260
0.184745
0.184232
0.183720
0.183210
0.182701
0.182194
0.181688
0.181184
0.180681
0.180179
0.179679
0.179180
0.178682
0.178186
0.177692
0.177198
0.176707
0.176216
0.175727
0.175239
0.174753
0.174268
0.173784
0.173301
0.172820
0.172341
0.171863
0.171386
0.170910
0.170436
0.169963
0.169491
0.169021
0.168552
0.168084
0.167618
0.167152
0.166689
0.166226
0.165765
0.165305
0.164846
0.164389
0.163933
0.163478
0.163025
0.162573
0.162122
0.161672
0.161223
0.160776
0.160330
0.159886
0.159442
0.159000
0.158559
0.158119
0.157681
0.157243
0.156807
0.156372
0.155939
0.155506
0.155075
0.154645
0.154216
0.153789
0.153362
0.152937
0.152513
0.152090
0.151669
0.151248
0.150829
0.150411
0.149994
0.149578
0.149163
0.148750
0.148338
0.147926
0.147516
0.147108
0.146700
0.146293
0.145888
0.145483
0.145080
0.144678
0.144277
0.143878
0.143479
0.143081
0.142685
0.142289
0.141895
0.141502
0.141110
0.140719
0.140329
0.139940
0.139553
0.139166
0.138781
0.138396
0.138013
0.137630
0.137249
0.136869
0.136490
0.136112
0.135735
0.135359
0.134984
0.134610
0.134237
0.133866
0.133495
0.133125
0.132757
0.132389
0.132022
0.131657
0.131292
0.130929
0.130566
0.130205
0.129844
0.129485
0.129126
0.128769
0.128412
0.128057
0.127702
0.127349
0.126996
0.126645
0.126294
0.125945
0.125596
0.125248
0.124902
0.124556
0.124211
0.123868
0.123525
0.123183
0.122842
0.122502
0.122163
0.121825
0.121488
0.121152
0.120817
0.120482
0.120149
0.119817
0.119485
0.119154
0.118825
0.118496
0.118168
0.117841
0.117515
0.117190
0.116866
0.116543
0.116221
0.115899
0.115579
0.115259
0.114940
0.114622
0.114305
0.113989
0.113674
0.113359
0.113046
0.112733
0.112422
0.112111
0.111801
0.111492
0.111183
0.110876
0.110569
0.110264
0.109959
0.109655
0.109352
0.109049
0.108748
0.108447
0.108148
0.107849
0.107551
0.107253
0.106957
0.106661
0.106366
0.106072
0.105779
0.105487
0.105195
0.104905
0.104615
0.104326
0.104037
0.103750
0.103463
0.103177
0.102892
0.102608
0.102324
0.102042
0.101760
0.101479
0.101198
0.100919
0.100640
0.100362
0.100085
0.099808
0.099533
0.099258
0.098983
0.098710
0.098437
0.098166
0.097894
0.097624
0.097354
0.097086
0.096817
0.096550
0.096283
0.096018
0.095752
0.095488
0.095224
0.094961
0.094699
0.094438
0.094177
0.093917
0.093658
0.093399
0.093141
0.092884
0.092628
0.092372
0.092117
0.091863
0.091609
0.091356
0.091104
0.090853
0.090602
0.090352
0.090103
0.089854
0.089606
0.089359
0.089112
0.088866
0.088621
0.088376
0.088133
0.087889
0.087647
0.087405
0.087164
0.086923
0.086684
0.086444
0.086206
0.085968
0.085731
0.085494
0.085259
0.085023
0.084789
0.084555
0.084322
0.084089
0.083857
0.083626
0.083395
0.083165
0.082936
0.082707
0.082479
0.082252
0.082025
0.081799
0.081573
0.081348
0.081124
0.080900
0.080677
0.080455
0.080233
0.080012
0.079791
0.079571
0.079352
0.079133
0.078915
0.078697
0.078480
0.078264
0.078048
0.077833
0.077619
0.077405
0.077191
0.076978
0.076766
0.076555
0.076344
0.076133
0.075924
0.075714
0.075506
0.075298
0.075090
0.074883
0.074677
0.074471
0.074266
0.074061
0.073857
0.073654
0.073451
0.073249
0.073047
0.072846
0.072645
0.072445
0.072245
0.072046
0.071848
0.071650
0.071452
0.071256
0.071059
0.070864
0.070669
0.070474
0.070280
0.070086
0.069893
0.069701
0.069509
0.069317
0.069127
0.068936
0.068746
0.068557
0.068368
0.068180
0.067992
0.067805
0.067619
0.067432
0.067247
0.067062
0.066877
0.066693
0.066509
0.066326
0.066144
0.065962
0.065780
0.065599
0.065419
0.065239
0.065059
0.064880
0.064701
0.064523
0.064346
0.064169
0.063992
0.063816
0.063640
0.063465
0.063291
0.063117
0.062943
0.062770
0.062597
0.062425
0.062253
0.062082
0.061911
0.061741
0.061571
0.061402
0.061233
0.061064
0.060896
0.060729
0.060562
0.060395
0.060229
0.060063
0.059898
0.059734
0.059569
0.059405
0.059242
0.059079
0.058917
0.058755
0.058593
0.058432
0.058271
0.058111
0.057951
0.057792
0.057633
0.057475
0.057317
0.057159
0.057002
0.056845
0.056689
0.056533
0.056378
0.056223
0.056068
0.055914
0.055761
0.055607
0.055455
0.055302
0.055150
0.054999
0.054847
0.054697
0.054546
0.054397
0.054247
0.054098
0.053949
0.053801
0.053653
0.053506
0.053359
0.053212
0.053066
0.052920
0.052775
0.052630
0.052485
0.052341
0.052197
0.052054
0.051911
0.051769
0.051626
0.051485
0.051343
0.051202
0.051062
0.050921
0.050781
0.050642
0.050503
0.050364
0.050226
0.050088
0.049951
0.049813
0.049677
0.049540
0.049404
0.049269
0.049133
0.048998
0.048864
0.048730
0.048596
0.048463
0.048330
0.048197
0.048065
0.047933
0.047801
0.047670
0.047539
0.047409
0.047278
0.047149
0.047019
0.046890
0.046762
0.046633
0.046505
0.046378
0.046250
0.046124
0.045997
0.045871
0.045745
0.045619
0.045494
0.045369
0.045245
0.045121
0.044997
0.044874
0.044751
0.044628
0.044505
0.044383
0.044262
0.044140
0.044019
0.043898
0.043778
0.043658
0.043538
0.043419
0.043300
0.043181
0.043063
0.042944
0.042827
0.042709
0.042592
0.042475
0.042359
0.042243
0.042127
0.042011
0.041896
0.041781
0.041667
0.041553
0.041439
0.041325
0.041212
0.041099
0.040986
0.040874
0.040762
0.040650
0.040539
0.040428
0.040317
0.040206
0.040096
0.039986
0.039877
0.039767
0.039658
0.039550
0.039441
0.039333
0.039225
0.039118
0.039011
0.038904
0.038797
0.038691
0.038585
0.038479
0.038374
0.038269
0.038164
0.038059
0.037955
0.037851
0.037748
0.037644
0.037541
0.037438
0.037336
0.037233
0.037131
0.037030
0.036928
0.036827
0.036726
0.036626
0.036525
0.036425
0.036326
0.036226
0.036127
0.036028
0.035930
0.035831
0.035733
0.035635
0.035538
0.035440
0.035343
0.035247
0.035150
0.035054
0.034958
0.034862
0.034767
0.034672
0.034577
0.034482
0.034388
0.034294
0.034200
0.034106
0.034013
0.033920
0.033827
0.033734
0.033642
0.033550
0.033458
0.033367
0.033275
0.033184
0.033094
0.033003
0.032913
0.032823
0.032733
0.032643
0.032554
0.032465
0.032376
0.032288
0.032199
0.032111
0.032023
0.031936
0.031848
0.031761
0.031674
0.031588
0.031501
0.031415
0.031329
0.031244
0.031158
0.031073
0.030988
0.030903
0.030819
0.030735
0.030651
0.030567
0.030483
0.030400
0.030317
0.030234
0.030151
0.030069
0.029987
0.029905
0.029823
0.029741
0.029660
0.029579
0.029498
0.029417
0.029337
0.029257
0.029177
0.029097
0.029018
0.028938
0.028859
0.028780
0.028702
0.028623
0.028545
0.028467
0.028389
0.028312
0.028234
0.028157
0.028080
0.028004
0.027927
0.027851
0.027775
0.027699
0.027623
0.027548
0.027473
0.027397
0.027323
0.027248
0.027174
0.027099
0.027025
0.026952
0.026878
0.026805
0.026731
0.026658
0.026586
0.026513
0.026441
0.026368
0.026296
0.026225
0.026153
0.026082
0.026010
0.025939
0.025868
0.025798
0.025727
0.025657
0.025587
0.025517
0.025448
0.025378
0.025309
0.025240
0.025171
0.025102
0.025034
0.024965
0.024897
0.024829
0.024762
0.024694
0.024627
0.024559
0.024492
0.024426
0.024359
0.024292
0.024226
0.024160
0.024094
0.024028
0.023963
0.023897
0.023832
0.023767
0.023702
0.023638
0.023573
0.023509
0.023445
0.023381
0.023317
0.023253
0.023190
0.023127
0.023064
0.023001
0.022938
0.022876
0.022813
0.022751
0.022689
0.022627
0.022565
0.022504
0.022442
0.022381
0.022320
0.022259
0.022199
0.022138
0.022078
0.022018
0.021958
0.021898
0.021838
0.021778
0.021719
0.021660
0.021601
0.021542
0.021483
0.021425
0.021366
0.021308
0.021250
0.021192
0.021134
0.021077
0.021019
0.020962
0.020905
0.020848
0.020791
0.020734
0.020678
0.020622
0.020565
0.020509
0.020453
0.020398
0.020342
0.020287
0.020231
0.020176
0.020121
0.020067
0.020012
0.019957
0.019903
0.019849
0.019795
0.019741
0.019687
0.019633
0.019580
0.019527
0.019473
0.019420
0.019368
0.019315
0.019262
0.019210
0.019157
0.019105
0.019053
0.019001
0.018950
0.018898
0.018847
0.018795
0.018744
0.018693
0.018642
0.018591
0.018541
0.018490
0.018440
0.018390
0.018340
0.018290
0.018240
0.018190
0.018141
0.018092
0.018042
0.017993
0.017944
0.017895
0.017847
0.017798
0.017750
0.017701
0.017653
0.017605
0.017557
0.017509
0.017462
0.017414
0.017367
0.017320
0.017273
0.017226
0.017179
0.017132
0.017085
0.017039
0.016993
0.016946
0.016900
0.016854
0.016808
0.016763
0.016717
0.016672
0.016626
0.016581
0.016536
0.016491
0.016446
0.016401
0.016357
0.016312
0.016268
0.016224
0.016180
0.016136
0.016092
0.016048
0.016004
0.015961
0.015918
0.015874
0.015831
0.015788
0.015745
0.015702
0.015660
0.015617
0.015575
0.015532
0.015490
0.015448
0.015406
0.015364
0.015322
0.015281
0.015239
0.015198
0.015156
0.015115
0.015074
0.015033
0.014992
0.014952
0.014911
0.014870
0.014830
0.014790
0.014750
0.014710
0.014670
0.014630
0.014590
0.014550
0.014511
0.014471
0.014432
0.014393
0.014354
0.014315
0.014276
0.014237
0.014198
0.014160
0.014121
0.014083
0.014045
0.014007
0.013969
0.013931
0.013893
0.013855
0.013818
0.013780
0.013743
0.013705
0.013668
0.013631
0.013594
0.013557
0.013520
0.013484
0.013447
0.013410
0.013374
0.013338
0.013302
0.013265
0.013229
0.013194
0.013158
0.013122
0.013086
0.013051
0.013015
0.012980
0.012945
0.012910
0.012875
0.012840
0.012805
0.012770
0.012736
0.012701
0.012667
0.012632
0.012598
0.012564
0.012530
0.012496
0.012462
0.012428
0.012394
0.012361
0.012327
0.012294
0.012260
0.012227
0.012194
0.012161
0.012128
0.012095
0.012062
0.012029
0.011997
0.011964
0.011932
0.011899
0.011867
0.011835
0.011803
0.011771
0.011739
0.011707
0.011675
0.011644
0.011612
0.011581
0.011549
0.011518
0.011487
0.011456
0.011425
0.011394
0.011363
0.011332
0.011301
0.011271
0.011240
0.011210
0.011179
0.011149
0.011119
0.011088
0.011058
0.011028
0.010999
0.010969
0.010939
0.010909
0.010880
0.010850
0.010821
0.010792
0.010762
0.010733
0.010704
0.010675
0.010646
0.010617
0.010589
0.010560
0.010531
0.010503
0.010474
0.010446
0.010418
0.010389
0.010361
0.010333
0.010305
0.010277
0.010249
0.010222
0.010194
0.010166
0.010139
0.010111
0.010084
0.010057
0.010030
0.010002
0.009975
0.009948
0.009921
0.009894
0.009868
0.009841
0.009814
0.009788
0.009761
0.009735
0.009708
0.009682
0.009656
0.009630
0.009604
0.009578
0.009552
0.009526
0.009500
0.009475
0.009449
0.009423
0.009398
0.009372
0.009347
0.009322
0.009296
0.009271
0.009246
0.009221
0.009196
0.009171
0.009147
0.009122
0.009097
0.009073
0.009048
0.009023
0.008999
0.008975
0.008950
0.008926
0.008902
0.008878
0.008854
0.008830
0.008806
0.008782
0.008759
0.008735
0.008711
0.008688
0.008664
0.008641
0.008617
0.008594
0.008571
0.008548
0.008525
0.008502
0.008479
0.008456
0.008433
0.008410
0.008387
0.008365
0.008342
0.008319
0.008297
0.008274
0.008252
0.008230
0.008208
0.008185
0.008163
0.008141
0.008119
0.008097
0.008075
0.008053
0.008032
0.008010
0.007988
0.007967
0.007945
0.007924
0.007902
0.007881
0.007860
0.007838
0.007817
0.007796
0.007775
0.007754
0.007733
0.007712
0.007691
0.007671
0.007650
0.007629
0.007609
0.007588
0.007568
0.007547
0.007527
0.007506
0.007486
0.007466
0.007446
0.007426
0.007406
0.007386
0.007366
0.007346
0.007326
0.007306
0.007286
0.007267
0.007247
0.007228
0.007208
0.007189
0.007169
0.007150
0.007130
0.007111
0.007092
0.007073
0.007054
0.007035
0.007016
0.006997
0.006978
0.006959
0.006940
0.006922
0.006903
0.006884
0.006866
0.006847
0.006829
0.006810
0.006792
0.006774
0.006755
0.006737
0.006719
0.006701
0.006683
0.006665
0.006647
0.006629
0.006611
0.006593
0.006575
0.006557
0.006540
0.006522
0.006504
0.006487
0.006469
0.006452
0.006435
0.006417
0.006400
0.006383
0.006365
0.006348
0.006331
0.006314
0.006297
0.006280
0.006263
0.006246
0.006229
0.006213
0.006196
0.006179
0.006162
0.006146
0.006129
0.006113
0.006096
0.006080
0.006063
0.006047
0.006031
0.006014
0.005998
0.005982
0.005966
0.005950
0.005934
0.005918
0.005902
0.005886
0.005870
0.005854
0.005839
0.005823
0.005807
0.005791
0.005776
0.005760
0.005745
0.005729
0.005714
0.005698
0.005683
0.005668
0.005652
0.005637
0.005622
0.005607
0.005592
0.005577
0.005562
0.005547
0.005532
0.005517
0.005502
0.005487
0.005472
0.005458
0.005443
0.005428
0.005414
0.005399
0.005385
0.005370
0.005356
0.005341
0.005327
0.005312
0.005298
0.005284
0.005270
0.005255
0.005241
0.005227
0.005213
0.005199
0.005185
0.005171
0.005157
0.005143
0.005129
0.005116
0.005102
0.005088
0.005074
0.005061
0.005047
0.005034
0.005020
0.005006
0.004993
0.004980
0.004966
0.004953
0.004939
0.004926
0.004913
0.004900
0.004887
0.004873
0.004860
0.004847
0.004834
0.004821
0.004808
0.004795
0.004782
0.004769
0.004757
0.004744
0.004731
0.004718
0.004706
0.004693
0.004680
0.004668
0.004655
0.004643
0.004630
0.004618
0.004605
0.004593
0.004581
0.004568
0.004556
0.004544
0.004531
0.004519
0.004507
0.004495
0.004483
0.004471
0.004459
0.004447
0.004435
0.004423
0.004411
0.004399
0.004387
0.004376
0.004364
0.004352
0.004340
0.004329
0.004317
0.004305
0.004294
0.004282
0.004271
0.004259
0.004248
0.004236
0.004225
0.004214
0.004202
0.004191
0.004180
0.004169
0.004157
0.004146
0.004135
0.004124
0.004113
0.004102
0.004091
0.004080
0.004069
0.004058
0.004047
0.004036
0.004025
0.004014
0.004004
0.003993
0.003982
0.003972
0.003961
0.003950
0.003940
0.003929
0.003918
0.003908
0.003897
0.003887
0.003877
0.003866
0.003856
0.003845
0.003835
0.003825
0.003814
0.003804
0.003794
0.003784
0.003774
0.003764
0.003753
0.003743
0.003733
0.003723
0.003713
0.003703
0.003693
0.003683
0.003674
0.003664
0.003654
0.003644
0.003634
0.003625
0.003615
0.003605
0.003595
0.003586
0.003576
0.003567
0.003557
0.003547
0.003538
0.003528
0.003519
0.003509
0.003500
0.003491
0.003481
0.003472
0.003463
0.003453
0.003444
0.003435
0.003426
0.003416
0.003407
0.003398
0.003389
0.003380
0.003371
0.003362
0.003353
0.003344
0.003335
0.003326
0.003317
0.003308
0.003299
0.003290
0.003281
0.003273
0.003264
