62.564554
62.564554
25.836733
10.732759
4.521212
1.966519
0.915644
0.483188
0.305048
0.231490
0.200942
0.188081
0.182495
0.179900
0.178538
0.177682
0.177036
0.176477
0.175955
0.175448
0.174949
0.174454
0.173961
0.173470
0.172980
0.172492
0.172006
0.171520
0.171036
0.170554
0.170073
0.169593
0.169115
0.168638
0.168162
0.167687
0.167214
0.166743
0.166273
0.165804
0.165336
0.164870
0.164405
0.163941
0.163479
0.163018
0.162558
0.162099
0.161642
0.161186
0.160732
0.160279
0.159827
0.159376
0.158927
0.158479
0.158032
0.157586
0.157142
0.156699
0.156257
0.155817
0.155377
0.154939
0.154502
0.154067
0.153633
0.153200
0.152768
0.152337
0.151908
0.151479
0.151053
0.150627
0.150202
0.149779
0.149357
0.148936
0.148516
0.148098
0.147680
0.147264
0.146849
0.146435
0.146023
0.145611
0.145201
0.144792
0.144384
0.143977
0.143571
0.143167
0.142763
0.142361
0.141960
0.141560
0.141161
0.140764
0.140367
0.139972
0.139577
0.139184
0.138792
0.138401
0.138011
0.137623
0.137235
0.136848
0.136463
0.136079
0.135695
0.135313
0.134932
0.134552
0.134173
0.133795
0.133419
0.133043
0.132668
0.132295
0.131922
0.131551
0.131180
0.130811
0.130443
0.130075
0.129709
0.129344
0.128980
0.128617
0.128255
0.127894
0.127534
0.127175
0.126817
0.126460
0.126104
0.125749
0.125395
0.125042
0.124690
0.124339
0.123989
0.123640
0.123292
0.122945
0.122599
0.122254
0.121910
0.121567
0.121225
0.120884
0.120544
0.120204
0.119866
0.119529
0.119192
0.118857
0.118523
0.118189
0.117857
0.117525
0.117194
0.116865
0.116536
0.116208
0.115881
0.115555
0.115230
0.114906
0.114583
0.114261
0.113939
0.113619
0.113299
0.112980
0.112663
0.112346
0.112030
0.111715
0.111401
0.111087
0.110775
0.110463
0.110153
0.109843
0.109534
0.109226
0.108919
0.108613
0.108307
0.108003
0.107699
0.107396
0.107095
0.106793
0.106493
0.106194
0.105895
0.105598
0.105301
0.105005
0.104710
0.104415
0.104122
0.103829
0.103537
0.103246
0.102956
0.102667
0.102378
0.102090
0.101803
0.101517
0.101232
0.100948
0.100664
0.100381
0.100099
0.099818
0.099537
0.099257
0.098979
0.098700
0.098423
0.098147
0.097871
0.097596
0.097322
0.097048
0.096776
0.096504
0.096233
0.095962
0.095693
0.095424
0.095156
0.094889
0.094622
0.094356
0.094091
0.093827
0.093563
0.093301
0.093039
0.092777
0.092517
0.092257
0.091998
0.091739
0.091482
0.091225
0.090969
0.090713
0.090459
0.090205
0.089951
0.089699
0.089447
0.089196
0.088945
0.088696
0.088447
0.088198
0.087951
0.087704
0.087458
0.087212
0.086967
0.086723
0.086480
0.086237
0.085995
0.085754
0.085513
0.085273
0.085033
0.084795
0.084557
0.084320
0.084083
0.083847
0.083612
0.083377
0.083143
0.082910
0.082677
0.082445
0.082214
0.081983
0.081753
0.081524
0.081295
0.081067
0.080839
0.080612
0.080386
0.080161
0.079936
0.079712
0.079488
0.079265
0.079043
0.078821
0.078600
0.078379
0.078160
0.077940
0.077722
0.077504
0.077286
0.077070
0.076853
0.076638
0.076423
0.076209
0.075995
0.075782
0.075569
0.075357
0.075146
0.074935
0.074725
0.074516
0.074307
0.074098
0.073891
0.073684
0.073477
0.073271
0.073066
0.072861
0.072656
0.072453
0.072250
0.072047
0.071845
0.071644
0.071443
0.071243
0.071043
0.070844
0.070645
0.070447
0.070250
0.070053
0.069857
0.069661
0.069466
0.069271
0.069077
0.068883
0.068690
0.068498
0.068306
0.068114
0.067924
0.067733
0.067543
0.067354
0.067165
0.066977
0.066790
0.066603
0.066416
0.066230
0.066044
0.065859
0.065675
0.065491
0.065307
0.065124
0.064942
0.064760
0.064579
0.064398
0.064217
0.064038
0.063858
0.063679
0.063501
0.063323
0.063146
0.062969
0.062793
0.062617
0.062442
0.062267
0.062092
0.061918
0.061745
0.061572
0.061400
0.061228
0.061056
0.060886
0.060715
0.060545
0.060376
0.060207
0.060038
0.059870
0.059702
0.059535
0.059369
0.059202
0.059037
0.058871
0.058707
0.058542
0.058378
0.058215
0.058052
0.057890
0.057728
0.057566
0.057405
0.057244
0.057084
0.056924
0.056765
0.056606
0.056448
0.056290
0.056132
0.055975
0.055819
0.055663
0.055507
0.055352
0.055197
0.055042
0.054888
0.054735
0.054582
0.054429
0.054277
0.054125
0.053973
0.053822
0.053672
0.053522
0.053372
0.053223
0.053074
0.052925
0.052777
0.052630
0.052483
0.052336
0.052190
0.052044
0.051898
0.051753
0.051608
0.051464
0.051320
0.051176
0.051033
0.050891
0.050748
0.050607
0.050465
0.050324
0.050183
0.050043
0.049903
0.049764
0.049624
0.049486
0.049347
0.049209
0.049072
0.048935
0.048798
0.048662
0.048525
0.048390
0.048255
0.048120
0.047985
0.047851
0.047717
0.047584
0.047451
0.047318
0.047186
0.047054
0.046923
0.046792
0.046661
0.046531
0.046401
0.046271
0.046142
0.046013
0.045884
0.045756
0.045628
0.045501
0.045374
0.045247
0.045120
0.044994
0.044869
0.044743
0.044618
0.044494
0.044370
0.044246
0.044122
0.043999
0.043876
0.043753
0.043631
0.043509
0.043388
0.043267
0.043146
0.043025
0.042905
0.042785
0.042666
0.042547
0.042428
0.042309
0.042191
0.042074
0.041956
0.041839
0.041722
0.041606
0.041489
0.041374
0.041258
0.041143
0.041028
0.040914
0.040799
0.040685
0.040572
0.040459
0.040346
0.040233
0.040121
0.040009
0.039897
0.039786
0.039675
0.039564
0.039454
0.039344
0.039234
0.039124
0.039015
0.038906
0.038798
0.038689
0.038581
0.038474
0.038366
0.038259
0.038153
0.038046
0.037940
0.037834
0.037729
0.037623
0.037518
0.037414
0.037309
0.037205
0.037102
0.036998
0.036895
0.036792
0.036689
0.036587
0.036485
0.036383
0.036282
0.036181
0.036080
0.035979
0.035879
0.035779
0.035679
0.035579
0.035480
0.035381
0.035283
0.035184
0.035086
0.034988
0.034891
0.034793
0.034696
0.034600
0.034503
0.034407
0.034311
0.034215
0.034120
0.034025
0.033930
0.033835
0.033741
0.033647
0.033553
0.033460
0.033367
0.033274
0.033181
0.033088
0.032996
0.032904
0.032812
0.032721
0.032630
0.032539
0.032448
0.032358
0.032268
0.032178
0.032088
0.031999
0.031909
0.031821
0.031732
0.031643
0.031555
0.031467
0.031380
0.031292
0.031205
0.031118
0.031031
0.030945
0.030859
0.030773
0.030687
0.030602
0.030516
0.030431
0.030347
0.030262
0.030178
0.030094
0.030010
0.029926
0.029843
0.029760
0.029677
0.029594
0.029512
0.029430
0.029348
0.029266
0.029185
0.029103
0.029022
0.028942
0.028861
0.028781
0.028700
0.028621
0.028541
0.028461
0.028382
0.028303
0.028224
0.028146
0.028067
0.027989
0.027911
0.027834
0.027756
0.027679
0.027602
0.027525
0.027449
0.027372
0.027296
0.027220
0.027144
0.027069
0.026993
0.026918
0.026843
0.026769
0.026694
0.026620
0.026546
0.026472
0.026398
0.026325
0.026252
0.026179
0.026106
0.026033
0.025961
0.025888
0.025816
0.025745
0.025673
0.025602
0.025530
0.025459
0.025389
0.025318
0.025247
0.025177
0.025107
0.025037
0.024968
0.024898
0.024829
0.024760
0.024691
0.024622
0.024554
0.024486
0.024418
0.024350
0.024282
0.024215
0.024147
0.024080
0.024013
0.023946
0.023880
0.023813
0.023747
0.023681
0.023615
0.023550
0.023484
0.023419
0.023354
0.023289
0.023224
0.023160
0.023095
0.023031
0.022967
0.022903
0.022839
0.022776
0.022713
0.022650
0.022587
0.022524
0.022461
0.022399
0.022337
0.022275
0.022213
0.022151
0.022089
0.022028
0.021967
0.021906
0.021845
0.021784
0.021724
0.021663
0.021603
0.021543
0.021483
0.021424
0.021364
0.021305
0.021245
0.021186
0.021128
0.021069
0.021010
0.020952
0.020894
0.020836
0.020778
0.020720
0.020663
0.020605
0.020548
0.020491
0.020434
0.020377
0.020321
0.020264
0.020208
0.020152
0.020096
0.020040
0.019985
0.019929
0.019874
0.019819
0.019764
0.019709
0.019654
0.019599
0.019545
0.019491
0.019437
0.019383
0.019329
0.019275
0.019222
0.019168
0.019115
0.019062
0.019009
0.018956
0.018904
0.018851
0.018799
0.018747
0.018695
0.018643
0.018591
0.018540
0.018488
0.018437
0.018386
0.018335
0.018284
0.018233
0.018182
0.018132
0.018082
0.018031
0.017981
0.017932
0.017882
0.017832
0.017783
0.017733
0.017684
0.017635
0.017586
0.017537
0.017489
0.017440
0.017392
0.017344
0.017296
0.017248
0.017200
0.017152
0.017104
0.017057
0.017010
0.016963
0.016916
0.016869
0.016822
0.016775
0.016729
0.016682
0.016636
0.016590
0.016544
0.016498
0.016452
0.016407
0.016361
0.016316
0.016271
0.016225
0.016180
0.016136
0.016091
0.016046
0.016002
0.015957
0.015913
0.015869
0.015825
0.015781
0.015738
0.015694
0.015650
0.015607
0.015564
0.015521
0.015478
0.015435
0.015392
0.015349
0.015307
0.015264
0.015222
0.015180
0.015138
0.015096
0.015054
0.015012
0.014971
0.014929
0.014888
0.014847
0.014805
0.014764
0.014724
0.014683
0.014642
0.014602
0.014561
0.014521
0.014481
0.014440
0.014400
0.014361
0.014321
0.014281
0.014242
0.014202
0.014163
0.014124
0.014084
0.014045
0.014007
0.013968
0.013929
0.013890
0.013852
0.013814
0.013775
0.013737
0.013699
0.013661
0.013623
0.013586
0.013548
0.013511
0.013473
0.013436
0.013399
0.013362
0.013325
0.013288
0.013251
0.013214
0.013178
0.013141
0.013105
0.013069
0.013032
0.012996
0.012960
0.012925
0.012889
0.012853
0.012817
0.012782
0.012747
0.012711
0.012676
0.012641
0.012606
0.012571
0.012536
0.012502
0.012467
0.012433
0.012398
0.012364
0.012330
0.012296
0.012262
0.012228
0.012194
0.012160
0.012127
0.012093
0.012060
0.012026
0.011993
0.011960
0.011927
0.011894
0.011861
0.011828
0.011795
0.011763
0.011730
0.011698
0.011665
0.011633
0.011601
0.011569
0.011537
0.011505
0.011473
0.011441
0.011410
0.011378
0.011347
0.011315
0.011284
0.011253
0.011222
0.011191
0.011160
0.011129
0.011098
0.011067
0.011037
0.011006
0.010976
0.010946
0.010915
0.010885
0.010855
0.010825
0.010795
0.010765
0.010736
0.010706
0.010676
0.010647
0.010617
0.010588
0.010559
0.010530
0.010501
0.010471
0.010443
0.010414
0.010385
0.010356
0.010328
0.010299
0.010271
0.010242
0.010214
0.010186
0.010158
0.010130
0.010102
0.010074
0.010046
0.010018
0.009990
0.009963
0.009935
0.009908
0.009880
0.009853
0.009826
0.009799
0.009772
0.009745
0.009718
0.009691
0.009664
0.009638
0.009611
0.009584
0.009558
0.009532
0.009505
0.009479
0.009453
0.009427
0.009401
0.009375
0.009349
0.009323
0.009297
0.009272
0.009246
0.009220
0.009195
0.009170
0.009144
0.009119
0.009094
0.009069
0.009044
0.009019
0.008994
0.008969
0.008944
0.008920
0.008895
0.008870
0.008846
0.008822
0.008797
0.008773
0.008749
0.008725
0.008701
0.008677
0.008653
0.008629
0.008605
0.008581
0.008557
0.008534
0.008510
0.008487
0.008463
0.008440
0.008417
0.008394
0.008370
0.008347
0.008324
0.008301
0.008278
0.008256
0.008233
0.008210
0.008187
0.008165
0.008142
0.008120
0.008098
0.008075
0.008053
0.008031
0.008009
0.007986
0.007964
0.007942
0.007921
0.007899
0.007877
0.007855
0.007834
0.007812
0.007790
0.007769
0.007748
0.007726
0.007705
0.007684
0.007662
0.007641
0.007620
0.007599
0.007578
0.007557
0.007537
0.007516
0.007495
0.007474
0.007454
0.007433
0.007413
0.007392
0.007372
0.007352
0.007331
0.007311
0.007291
0.007271
0.007251
0.007231
0.007211
0.007191
0.007171
0.007152
0.007132
0.007112
0.007093
0.007073
0.007054
0.007034
0.007015
0.006995
0.006976
0.006957
0.006938
0.006919
0.006900
0.006881
0.006862
0.006843
0.006824
0.006805
0.006786
0.006768
0.006749
0.006730
0.006712
0.006693
0.006675
0.006657
0.006638
0.006620
0.006602
0.006584
0.006565
0.006547
0.006529
0.006511
0.006493
0.006476
0.006458
0.006440
0.006422
0.006405
0.006387
0.006369
0.006352
0.006334
0.006317
0.006299
0.006282
0.006265
0.006248
0.006230
0.006213
0.006196
0.006179
0.006162
0.006145
0.006128
0.006111
0.006094
0.006078
0.006061
0.006044
0.006028
0.006011
0.005995
0.005978
0.005962
0.005945
0.005929
0.005913
0.005896
0.005880
0.005864
0.005848
0.005832
0.005816
0.005800
0.005784
0.005768
0.005752
0.005736
0.005720
0.005704
0.005689
0.005673
0.005658
0.005642
0.005626
0.005611
0.005596
0.005580
0.005565
0.005550
0.005534
0.005519
0.005504
0.005489
0.005474
0.005459
0.005444
0.005429
0.005414
0.005399
0.005384
0.005369
0.005354
0.005340
0.005325
0.005310
0.005296
0.005281
0.005267
0.005252
0.005238
0.005223
0.005209
0.005195
0.005180
0.005166
0.005152
0.005138
0.005124
0.005110
0.005096
0.005081
0.005068
0.005054
0.005040
0.005026
0.005012
0.004998
0.004985
0.004971
0.004957
0.004944
0.004930
0.004916
0.004903
0.004889
0.004876
0.004863
0.004849
0.004836
0.004823
0.004809
0.004796
0.004783
0.004770
0.004757
0.004744
0.004731
0.004718
0.004705
0.004692
0.004679
0.004666
0.004653
0.004640
0.004628
0.004615
0.004602
0.004590
0.004577
0.004564
0.004552
0.004539
0.004527
0.004515
0.004502
0.004490
0.004477
0.004465
0.004453
0.004441
0.004428
0.004416
0.004404
0.004392
0.004380
0.004368
0.004356
0.004344
0.004332
0.004320
0.004308
0.004297
0.004285
0.004273
0.004261
0.004250
0.004238
0.004226
0.004215
0.004203
0.004192
0.004180
0.004169
0.004157
0.004146
0.004134
0.004123
0.004112
0.004100
0.004089
0.004078
0.004067
0.004056
0.004044
0.004033
0.004022
0.004011
0.004000
0.003989
0.003978
0.003967
0.003957
0.003946
0.003935
0.003924
0.003913
0.003903
0.003892
0.003881
0.003871
0.003860
0.003849
0.003839
0.003828
0.003818
0.003807
0.003797
0.003786
0.003776
0.003766
0.003755
0.003745
0.003735
0.003725
0.003714
0.003704
0.003694
0.003684
0.003674
0.003664
0.003654
0.003644
0.003634
0.003624
0.003614
0.003604
0.003594
0.003584
0.003574
0.003564
0.003555
0.003545
0.003535
0.003526
0.003516
0.003506
0.003497
0.003487
0.003478
0.003468
0.003458
0.003449
0.003440
0.003430
0.003421
0.003411
0.003402
0.003393
0.003383
0.003374
0.003365
0.003356
0.003346
0.003337
0.003328
0.003319
0.003310
0.003301
0.003292
0.003283
0.003274
0.003265
0.003256
0.003247
0.003238
0.003229
0.003220
0.003212
0.003203
0.003194
0.003185
0.003176
0.003168
0.003159
0.003150
0.003142
0.003133
0.003125
0.003116
0.003108
0.003099
0.003091
0.003082
0.003074
0.003065
0.003057
0.003048
0.003040
0.003032
0.003023
0.003015
0.003007
0.002999
0.002991
0.002982
0.002974
0.002966
0.002958
0.002950
0.002942
0.002934
0.002926
0.002918
0.002910
0.002902
0.002894
0.002886
0.002878
0.002870
0.002862
0.002854
