62.910779
62.910779
27.044244
11.677622
5.093821
2.272864
1.064031
0.545884
0.323650
0.228195
0.187057
0.169191
0.161295
0.157673
0.155881
0.154875
0.154206
0.153682
0.153220
0.152786
0.152365
0.151950
0.151538
0.151127
0.150719
0.150311
0.149905
0.149500
0.149096
0.148693
0.148292
0.147891
0.147491
0.147093
0.146696
0.146299
0.145904
0.145510
0.145117
0.144725
0.144334
0.143944
0.143556
0.143168
0.142781
0.142396
0.142011
0.141628
0.141245
0.140864
0.140483
0.140104
0.139726
0.139349
0.138972
0.138597
0.138223
0.137850
0.137478
0.137107
0.136737
0.136368
0.136000
0.135633
0.135267
0.134901
0.134537
0.134174
0.133812
0.133451
0.133091
0.132732
0.132374
0.132017
0.131660
0.131305
0.130951
0.130598
0.130245
0.129894
0.129544
0.129194
0.128846
0.128498
0.128152
0.127806
0.127461
0.127118
0.126775
0.126433
0.126092
0.125752
0.125413
0.125075
0.124737
0.124401
0.124066
0.123731
0.123398
0.123065
0.122733
0.122402
0.122072
0.121743
0.121415
0.121088
0.120761
0.120436
0.120111
0.119788
0.119465
0.119143
0.118822
0.118502
0.118182
0.117864
0.117546
0.117229
0.116914
0.116599
0.116284
0.115971
0.115659
0.115347
0.115036
0.114727
0.114418
0.114109
0.113802
0.113495
0.113190
0.112885
0.112581
0.112278
0.111975
0.111674
0.111373
0.111073
0.110774
0.110476
0.110178
0.109882
0.109586
0.109291
0.108997
0.108703
0.108411
0.108119
0.107828
0.107537
0.107248
0.106959
0.106671
0.106384
0.106098
0.105813
0.105528
0.105244
0.104961
0.104678
0.104396
0.104116
0.103835
0.103556
0.103277
0.103000
0.102722
0.102446
0.102171
0.101896
0.101622
0.101348
0.101076
0.100804
0.100533
0.100262
0.099993
0.099724
0.099455
0.099188
0.098921
0.098655
0.098390
0.098125
0.097862
0.097598
0.097336
0.097074
0.096813
0.096553
0.096294
0.096035
0.095777
0.095519
0.095262
0.095006
0.094751
0.094496
0.094242
0.093989
0.093736
0.093484
0.093233
0.092983
0.092733
0.092484
0.092235
0.091987
0.091740
0.091494
0.091248
0.091003
0.090758
0.090514
0.090271
0.090029
0.089787
0.089546
0.089305
0.089065
0.088826
0.088588
0.088350
0.088112
0.087876
0.087640
0.087405
0.087170
0.086936
0.086702
0.086470
0.086237
0.086006
0.085775
0.085545
0.085315
0.085086
0.084858
0.084630
0.084403
0.084176
0.083950
0.083725
0.083500
0.083276
0.083052
0.082830
0.082607
0.082386
0.082165
0.081944
0.081724
0.081505
0.081286
0.081068
0.080851
0.080634
0.080417
0.080202
0.079987
0.079772
0.079558
0.079345
0.079132
0.078920
0.078708
0.078497
0.078286
0.078076
0.077867
0.077658
0.077450
0.077242
0.077035
0.076829
0.076623
0.076417
0.076212
0.076008
0.075804
0.075601
0.075398
0.075196
0.074995
0.074793
0.074593
0.074393
0.074194
0.073995
0.073797
0.073599
0.073401
0.073205
0.073009
0.072813
0.072618
0.072423
0.072229
0.072036
0.071843
0.071650
0.071458
0.071267
0.071076
0.070886
0.070696
0.070506
0.070317
0.070129
0.069941
0.069754
0.069567
0.069381
0.069195
0.069010
0.068825
0.068641
0.068457
0.068273
0.068091
0.067908
0.067726
0.067545
0.067364
0.067184
0.067004
0.066825
0.066646
0.066467
0.066290
0.066112
0.065935
0.065759
0.065583
0.065407
0.065232
0.065057
0.064883
0.064710
0.064537
0.064364
0.064192
0.064020
0.063849
0.063678
0.063507
0.063338
0.063168
0.062999
0.062831
0.062662
0.062495
0.062328
0.062161
0.061995
0.061829
0.061664
0.061499
0.061334
0.061170
0.061007
0.060843
0.060681
0.060518
0.060357
0.060195
0.060034
0.059874
0.059714
0.059554
0.059395
0.059236
0.059078
0.058920
0.058762
0.058605
0.058449
0.058292
0.058137
0.057981
0.057826
0.057672
0.057518
0.057364
0.057211
0.057058
0.056905
0.056753
0.056601
0.056450
0.056299
0.056149
0.055999
0.055849
0.055700
0.055551
0.055403
0.055255
0.055107
0.054960
0.054813
0.054667
0.054521
0.054375
0.054230
0.054085
0.053941
0.053797
0.053653
0.053510
0.053367
0.053225
0.053082
0.052941
0.052799
0.052658
0.052518
0.052378
0.052238
0.052098
0.051959
0.051821
0.051682
0.051544
0.051407
0.051270
0.051133
0.050996
0.050860
0.050725
0.050589
0.050454
0.050320
0.050185
0.050051
0.049918
0.049785
0.049652
0.049519
0.049387
0.049256
0.049124
0.048993
0.048862
0.048732
0.048602
0.048472
0.048343
0.048214
0.048086
0.047957
0.047830
0.047702
0.047575
0.047448
0.047321
0.047195
0.047069
0.046944
0.046819
0.046694
0.046569
0.046445
0.046321
0.046198
0.046075
0.045952
0.045830
0.045707
0.045586
0.045464
0.045343
0.045222
0.045102
0.044981
0.044861
0.044742
0.044623
0.044504
0.044385
0.044267
0.044149
0.044031
0.043914
0.043797
0.043680
0.043564
0.043448
0.043332
0.043217
0.043102
0.042987
0.042872
0.042758
0.042644
0.042531
0.042418
0.042305
0.042192
0.042080
0.041968
0.041856
0.041744
0.041633
0.041522
0.041412
0.041302
0.041192
0.041082
0.040973
0.040863
0.040755
0.040646
0.040538
0.040430
0.040323
0.040215
0.040108
0.040001
0.039895
0.039789
0.039683
0.039577
0.039472
0.039367
0.039262
0.039158
0.039054
0.038950
0.038846
0.038743
0.038640
0.038537
0.038434
0.038332
0.038230
0.038128
0.038027
0.037926
0.037825
0.037724
0.037624
0.037524
0.037424
0.037325
0.037225
0.037127
0.037028
0.036929
0.036831
0.036733
0.036636
0.036538
0.036441
0.036344
0.036248
0.036151
0.036055
0.035959
0.035864
0.035768
0.035673
0.035578
0.035484
0.035390
0.035296
0.035202
0.035108
0.035015
0.034922
0.034829
0.034737
0.034644
0.034552
0.034460
0.034369
0.034278
0.034186
0.034096
0.034005
0.033915
0.033825
0.033735
0.033645
0.033556
0.033467
0.033378
0.033289
0.033201
0.033113
0.033025
0.032937
0.032850
0.032762
0.032675
0.032589
0.032502
0.032416
0.032330
0.032244
0.032158
0.032073
0.031988
0.031903
0.031818
0.031734
0.031649
0.031565
0.031482
0.031398
0.031315
0.031232
0.031149
0.031066
0.030984
0.030902
0.030820
0.030738
0.030656
0.030575
0.030494
0.030413
0.030332
0.030252
0.030171
0.030091
0.030012
0.029932
0.029853
0.029773
0.029694
0.029616
0.029537
0.029459
0.029381
0.029303
0.029225
0.029148
0.029070
0.028993
0.028916
0.028840
0.028763
0.028687
0.028611
0.028535
0.028459
0.028384
0.028309
0.028234
0.028159
0.028084
0.028010
0.027935
0.027861
0.027788
0.027714
0.027640
0.027567
0.027494
0.027421
0.027349
0.027276
0.027204
0.027132
0.027060
0.026988
0.026917
0.026845
0.026774
0.026703
0.026633
0.026562
0.026492
0.026422
0.026352
0.026282
0.026212
0.026143
0.026074
0.026004
0.025936
0.025867
0.025798
0.025730
0.025662
0.025594
0.025526
0.025459
0.025391
0.025324
0.025257
0.025190
0.025123
0.025057
0.024991
0.024924
0.024858
0.024793
0.024727
0.024662
0.024596
0.024531
0.024466
0.024402
0.024337
0.024273
0.024208
0.024144
0.024080
0.024017
0.023953
0.023890
0.023827
0.023764
0.023701
0.023638
0.023575
0.023513
0.023451
0.023389
0.023327
0.023265
0.023204
0.023142
0.023081
0.023020
0.022959
0.022899
0.022838
0.022778
0.022717
0.022657
0.022597
0.022538
0.022478
0.022419
0.022359
0.022300
0.022241
0.022182
0.022124
0.022065
0.022007
0.021949
0.021891
0.021833
0.021775
0.021718
0.021660
0.021603
0.021546
0.021489
0.021432
0.021376
0.021319
0.021263
0.021207
0.021151
0.021095
0.021039
0.020983
0.020928
0.020873
0.020818
0.020763
0.020708
0.020653
0.020598
0.020544
0.020490
0.020436
0.020382
0.020328
0.020274
0.020221
0.020167
0.020114
0.020061
0.020008
0.019955
0.019902
0.019850
0.019797
0.019745
0.019693
0.019641
0.019589
0.019537
0.019486
0.019434
0.019383
0.019332
0.019281
0.019230
0.019179
0.019129
0.019078
0.019028
0.018978
0.018928
0.018878
0.018828
0.018778
0.018729
0.018679
0.018630
0.018581
0.018532
0.018483
0.018434
0.018385
0.018337
0.018289
0.018240
0.018192
0.018144
0.018096
0.018049
0.018001
0.017954
0.017906
0.017859
0.017812
0.017765
0.017718
0.017671
0.017625
0.017578
0.017532
0.017486
0.017440
0.017394
0.017348
0.017302
0.017256
0.017211
0.017166
0.017120
0.017075
0.017030
0.016985
0.016941
0.016896
0.016851
0.016807
0.016763
0.016719
0.016674
0.016631
0.016587
0.016543
0.016499
0.016456
0.016413
0.016369
0.016326
0.016283
0.016240
0.016198
0.016155
0.016112
0.016070
0.016028
0.015985
0.015943
0.015901
0.015859
0.015818
0.015776
0.015734
0.015693
0.015652
0.015610
0.015569
0.015528
0.015487
0.015447
0.015406
0.015365
0.015325
0.015285
0.015244
0.015204
0.015164
0.015124
0.015085
0.015045
0.015005
0.014966
0.014926
0.014887
0.014848
0.014809
0.014770
0.014731
0.014692
0.014654
0.014615
0.014577
0.014538
0.014500
0.014462
0.014424
0.014386
0.014348
0.014310
0.014273
0.014235
0.014198
0.014160
0.014123
0.014086
0.014049
0.014012
0.013975
0.013938
0.013902
0.013865
0.013829
0.013792
0.013756
0.013720
0.013684
0.013648
0.013612
0.013576
0.013540
0.013505
0.013469
0.013434
0.013399
0.013363
0.013328
0.013293
0.013258
0.013223
0.013189
0.013154
0.013119
0.013085
0.013051
0.013016
0.012982
0.012948
0.012914
0.012880
0.012846
0.012812
0.012779
0.012745
0.012712
0.012678
0.012645
0.012612
0.012579
0.012546
0.012513
0.012480
0.012447
0.012414
0.012382
0.012349
0.012317
0.012284
0.012252
0.012220
0.012188
0.012156
0.012124
0.012092
0.012060
0.012029
0.011997
0.011966
0.011934
0.011903
0.011872
0.011840
0.011809
0.011778
0.011747
0.011717
0.011686
0.011655
0.011625
0.011594
0.011564
0.011533
0.011503
0.011473
0.011443
0.011413
0.011383
0.011353
0.011323
0.011293
0.011264
0.011234
0.011205
0.011175
0.011146
0.011117
0.011088
0.011059
0.011030
0.011001
0.010972
0.010943
0.010914
0.010886
0.010857
0.010829
0.010800
0.010772
0.010744
0.010716
0.010687
0.010659
0.010631
0.010604
0.010576
0.010548
0.010520
0.010493
0.010465
0.010438
0.010410
0.010383
0.010356
0.010329
0.010302
0.010275
0.010248
0.010221
0.010194
0.010167
0.010141
0.010114
0.010088
0.010061
0.010035
0.010009
0.009982
0.009956
0.009930
0.009904
0.009878
0.009852
0.009827
0.009801
0.009775
0.009750
0.009724
0.009699
0.009673
0.009648
0.009623
0.009597
0.009572
0.009547
0.009522
0.009497
0.009472
0.009447
0.009423
0.009398
0.009373
0.009349
0.009324
0.009300
0.009276
0.009251
0.009227
0.009203
0.009179
0.009155
0.009131
0.009107
0.009083
0.009059
0.009036
0.009012
0.008988
0.008965
0.008942
0.008918
0.008895
0.008871
0.008848
0.008825
0.008802
0.008779
0.008756
0.008733
0.008710
0.008687
0.008665
0.008642
0.008619
0.008597
0.008574
0.008552
0.008530
0.008507
0.008485
0.008463
0.008441
0.008419
0.008397
0.008375
0.008353
0.008331
0.008309
0.008287
0.008266
0.008244
0.008223
0.008201
0.008180
0.008158
0.008137
0.008116
0.008094
0.008073
0.008052
0.008031
0.008010
0.007989
0.007968
0.007948
0.007927
0.007906
0.007885
0.007865
0.007844
0.007824
0.007803
0.007783
0.007763
0.007742
0.007722
0.007702
0.007682
0.007662
0.007642
0.007622
0.007602
0.007582
0.007562
0.007542
0.007523
0.007503
0.007483
0.007464
0.007444
0.007425
0.007406
0.007386
0.007367
0.007348
0.007329
0.007309
0.007290
0.007271
0.007252
0.007233
0.007214
0.007196
0.007177
0.007158
0.007139
0.007121
0.007102
0.007084
0.007065
0.007047
0.007028
0.007010
0.006992
0.006973
0.006955
0.006937
0.006919
0.006901
0.006883
0.006865
0.006847
0.006829
0.006811
0.006794
0.006776
0.006758
0.006741
0.006723
0.006705
0.006688
0.006670
0.006653
0.006636
0.006618
0.006601
0.006584
0.006567
0.006550
0.006533
0.006516
0.006499
0.006482
0.006465
0.006448
0.006431
0.006414
0.006397
0.006381
0.006364
0.006348
0.006331
0.006315
0.006298
0.006282
0.006265
0.006249
0.006233
0.006216
0.006200
0.006184
0.006168
0.006152
0.006136
0.006120
0.006104
0.006088
0.006072
0.006056
0.006040
0.006025
0.006009
0.005993
0.005978
0.005962
0.005947
0.005931
0.005916
0.005900
0.005885
0.005870
0.005854
0.005839
0.005824
0.005809
0.005794
0.005778
0.005763
0.005748
0.005733
0.005719
0.005704
0.005689
0.005674
0.005659
0.005644
0.005630
0.005615
0.005600
0.005586
0.005571
0.005557
0.005542
0.005528
0.005514
0.005499
0.005485
0.005471
0.005456
0.005442
0.005428
0.005414
0.005400
0.005386
0.005372
0.005358
0.005344
0.005330
0.005316
0.005302
0.005288
0.005275
0.005261
0.005247
0.005234
0.005220
0.005206
0.005193
0.005179
0.005166
0.005152
0.005139
0.005126
0.005112
0.005099
0.005086
0.005072
0.005059
0.005046
0.005033
0.005020
0.005007
0.004994
0.004981
0.004968
0.004955
0.004942
0.004929
0.004916
0.004904
0.004891
0.004878
0.004866
0.004853
0.004840
0.004828
0.004815
0.004803
0.004790
0.004778
0.004765
0.004753
0.004741
0.004728
0.004716
0.004704
0.004691
0.004679
0.004667
0.004655
0.004643
0.004631
0.004619
0.004607
0.004595
0.004583
0.004571
0.004559
0.004547
0.004535
0.004524
0.004512
0.004500
0.004488
0.004477
0.004465
0.004454
0.004442
0.004430
0.004419
0.004407
0.004396
0.004385
0.004373
0.004362
0.004351
0.004339
0.004328
0.004317
0.004306
0.004294
0.004283
0.004272
0.004261
0.004250
0.004239
0.004228
0.004217
0.004206
0.004195
0.004184
0.004173
0.004162
0.004152
0.004141
0.004130
0.004119
0.004109
0.004098
0.004087
0.004077
0.004066
0.004056
0.004045
0.004035
0.004024
0.004014
0.004003
0.003993
0.003983
0.003972
0.003962
0.003952
0.003941
0.003931
0.003921
0.003911
0.003901
0.003891
0.003881
0.003870
0.003860
0.003850
0.003840
0.003830
0.003821
0.003811
0.003801
0.003791
0.003781
0.003771
0.003761
0.003752
0.003742
0.003732
0.003723
0.003713
0.003703
0.003694
0.003684
0.003675
0.003665
0.003656
0.003646
0.003637
0.003627
0.003618
0.003608
0.003599
0.003590
0.003580
0.003571
0.003562
0.003553
0.003544
0.003534
0.003525
0.003516
0.003507
0.003498
0.003489
0.003480
0.003471
0.003462
0.003453
0.003444
0.003435
0.003426
0.003417
0.003408
0.003399
0.003391
0.003382
0.003373
0.003364
0.003356
0.003347
0.003338
0.003330
0.003321
0.003312
0.003304
0.003295
0.003287
0.003278
0.003270
0.003261
0.003253
0.003244
0.003236
0.003228
0.003219
0.003211
0.003203
0.003194
0.003186
0.003178
0.003170
0.003161
0.003153
0.003145
0.003137
0.003129
0.003121
0.003113
0.003105
0.003097
0.003089
0.003081
0.003073
0.003065
0.003057
0.003049
0.003041
