63.140158
63.140158
51.765666
42.447856
34.814842
28.561984
23.439725
19.243632
15.806240
12.990360
10.683614
8.793940
7.245924
5.977789
4.938927
4.087882
3.390693
2.819540
2.351633
1.968305
1.654261
1.396974
1.186181
1.013476
0.871971
0.756024
0.661016
0.583158
0.519351
0.467054
0.424185
0.389040
0.360222
0.336588
0.317199
0.301288
0.288227
0.277500
0.268685
0.261437
0.255471
0.250557
0.246504
0.243156
0.240386
0.238090
0.236181
0.234591
0.233260
0.232143
0.231200
0.230401
0.229719
0.229133
0.228625
0.228182
0.227792
0.227446
0.227135
0.226852
0.226594
0.226356
0.226133
0.225924
0.225725
0.225535
0.225353
0.225177
0.225005
0.224837
0.224673
0.224512
0.224353
0.224195
0.224040
0.223885
0.223732
0.223580
0.223428
0.223277
0.223126
0.222976
0.222827
0.222677
0.222528
0.222380
0.222231
0.222083
0.221935
0.221787
0.221639
0.221491
0.221344
0.221196
0.221049
0.220902
0.220755
0.220608
0.220461
0.220315
0.220168
0.220022
0.219875
0.219729
0.219583
0.219437
0.219291
0.219145
0.218999
0.218854
0.218708
0.218563
0.218417
0.218272
0.218127
0.217982
0.217837
0.217692
0.217547
0.217402
0.217258
0.217113
0.216969
0.216825
0.216681
0.216536
0.216392
0.216249
0.216105
0.215961
0.215817
0.215674
0.215531
0.215387
0.215244
0.215101
0.214958
0.214815
0.214672
0.214529
0.214387
0.214244
0.214102
0.213959
0.213817
0.213675
0.213533
0.213391
0.213249
0.213107
0.212966
0.212824
0.212683
0.212541
0.212400
0.212259
0.212118
0.211977
0.211836
0.211695
0.211554
0.211413
0.211273
0.211132
0.210992
0.210852
0.210712
0.210572
0.210432
0.210292
0.210152
0.210012
0.209873
0.209733
0.209594
0.209454
0.209315
0.209176
0.209037
0.208898
0.208759
0.208620
0.208482
0.208343
0.208205
0.208066
0.207928
0.207790
0.207652
0.207514
0.207376
0.207238
0.207100
0.206963
0.206825
0.206688
0.206550
0.206413
0.206276
0.206139
0.206002
0.205865
0.205728
0.205591
0.205455
0.205318
0.205182
0.205045
0.204909
0.204773
0.204637
0.204501
0.204365
0.204229
0.204093
0.203958
0.203822
0.203687
0.203551
0.203416
0.203281
0.203146
0.203011
0.202876
0.202741
0.202606
0.202472
0.202337
0.202203
0.202069
0.201934
0.201800
0.201666
0.201532
0.201398
0.201264
0.201131
0.200997
0.200863
0.200730
0.200597
0.200463
0.200330
0.200197
0.200064
0.199931
0.199798
0.199666
0.199533
0.199400
0.199268
0.199135
0.199003
0.198871
0.198739
0.198607
0.198475
0.198343
0.198211
0.198080
0.197948
0.197817
0.197685
0.197554
0.197423
0.197291
0.197160
0.197029
0.196899
0.196768
0.196637
0.196506
0.196376
0.196246
0.196115
0.195985
0.195855
0.195725
0.195595
0.195465
0.195335
0.195205
0.195076
0.194946
0.194816
0.194687
0.194558
0.194429
0.194299
0.194170
0.194041
0.193913
0.193784
0.193655
0.193526
0.193398
0.193270
0.193141
0.193013
0.192885
0.192757
0.192629
0.192501
0.192373
0.192245
0.192117
0.191990
0.191862
0.191735
0.191608
0.191480
0.191353
0.191226
0.191099
0.190972
0.190846
0.190719
0.190592
0.190466
0.190339
0.190213
0.190087
0.189960
0.189834
0.189708
0.189582
0.189456
0.189331
0.189205
0.189079
0.188954
0.188828
0.188703
0.188578
0.188452
0.188327
0.188202
0.188077
0.187952
0.187828
0.187703
0.187578
0.187454
0.187329
0.187205
0.187081
0.186956
0.186832
0.186708
0.186584
0.186461
0.186337
0.186213
0.186089
0.185966
0.185842
0.185719
0.185596
0.185473
0.185350
0.185226
0.185104
0.184981
0.184858
0.184735
0.184613
0.184490
0.184368
0.184245
0.184123
0.184001
0.183879
0.183757
0.183635
0.183513
0.183391
0.183269
0.183148
0.183026
0.182905
0.182783
0.182662
0.182541
0.182419
0.182298
0.182177
0.182057
0.181936
0.181815
0.181694
0.181574
0.181453
0.181333
0.181212
0.181092
0.180972
0.180852
0.180732
0.180612
0.180492
0.180372
0.180253
0.180133
0.180014
0.179894
0.179775
0.179655
0.179536
0.179417
0.179298
0.179179
0.179060
0.178941
0.178823
0.178704
0.178585
0.178467
0.178349
0.178230
0.178112
0.177994
0.177876
0.177758
0.177640
0.177522
0.177404
0.177286
0.177169
0.177051
0.176934
0.176816
0.176699
0.176582
0.176465
0.176348
0.176231
0.176114
0.175997
0.175880
0.175763
0.175647
0.175530
0.175414
0.175298
0.175181
0.175065
0.174949
0.174833
0.174717
0.174601
0.174485
0.174369
0.174254
0.174138
0.174023
0.173907
0.173792
0.173677
0.173561
0.173446
0.173331
0.173216
0.173101
0.172987
0.172872
0.172757
0.172643
0.172528
0.172414
0.172299
0.172185
0.172071
0.171957
0.171843
0.171729
0.171615
0.171501
0.171387
0.171274
0.171160
0.171047
0.170933
0.170820
0.170706
0.170593
0.170480
0.170367
0.170254
0.170141
0.170028
0.169916
0.169803
0.169690
0.169578
0.169465
0.169353
0.169241
0.169128
0.169016
0.168904
0.168792
0.168680
0.168568
0.168457
0.168345
0.168233
0.168122
0.168010
0.167899
0.167788
0.167676
0.167565
0.167454
0.167343
0.167232
0.167121
0.167010
0.166900
0.166789
0.166679
0.166568
0.166458
0.166347
0.166237
0.166127
0.166017
0.165907
0.165797
0.165687
0.165577
0.165467
0.165357
0.165248
0.165138
0.165029
0.164919
0.164810
0.164701
0.164592
0.164482
0.164373
0.164264
0.164156
0.164047
0.163938
0.163829
0.163721
0.163612
0.163504
0.163395
0.163287
0.163179
0.163071
0.162963
0.162855
0.162747
0.162639
0.162531
0.162423
0.162316
0.162208
0.162101
0.161993
0.161886
0.161778
0.161671
0.161564
0.161457
0.161350
0.161243
0.161136
0.161029
0.160923
0.160816
0.160710
0.160603
0.160497
0.160390
0.160284
0.160178
0.160072
0.159966
0.159860
0.159754
0.159648
0.159542
0.159436
0.159331
0.159225
0.159119
0.159014
0.158909
0.158803
0.158698
0.158593
0.158488
0.158383
0.158278
0.158173
0.158068
0.157964
0.157859
0.157754
0.157650
0.157545
0.157441
0.157337
0.157232
0.157128
0.157024
0.156920
0.156816
0.156712
0.156608
0.156505
0.156401
0.156297
0.156194
0.156090
0.155987
0.155884
0.155780
0.155677
0.155574
0.155471
0.155368
0.155265
0.155162
0.155059
0.154957
0.154854
0.154751
0.154649
0.154546
0.154444
0.154342
0.154240
0.154137
0.154035
0.153933
0.153831
0.153729
0.153628
0.153526
0.153424
0.153323
0.153221
0.153119
0.153018
0.152917
0.152815
0.152714
0.152613
0.152512
0.152411
0.152310
0.152209
0.152108
0.152008
0.151907
0.151806
0.151706
0.151605
0.151505
0.151405
0.151304
0.151204
0.151104
0.151004
0.150904
0.150804
0.150704
0.150604
0.150505
0.150405
0.150305
0.150206
0.150106
0.150007
0.149908
0.149808
0.149709
0.149610
0.149511
0.149412
0.149313
0.149214
0.149115
0.149017
0.148918
0.148819
0.148721
0.148622
0.148524
0.148426
0.148327
0.148229
0.148131
0.148033
0.147935
0.147837
0.147739
0.147641
0.147544
0.147446
0.147348
0.147251
0.147153
0.147056
0.146958
0.146861
0.146764
0.146667
0.146570
0.146473
0.146376
0.146279
0.146182
0.146085
0.145988
0.145892
0.145795
0.145699
0.145602
0.145506
0.145410
0.145313
0.145217
0.145121
0.145025
0.144929
0.144833
0.144737
0.144641
0.144546
0.144450
0.144354
0.144259
0.144163
0.144068
0.143973
0.143877
0.143782
0.143687
0.143592
0.143497
0.143402
0.143307
0.143212
0.143117
0.143022
0.142928
0.142833
0.142739
0.142644
0.142550
0.142456
0.142361
0.142267
0.142173
0.142079
0.141985
0.141891
0.141797
0.141703
0.141609
0.141516
0.141422
0.141328
0.141235
0.141141
0.141048
0.140955
0.140861
0.140768
0.140675
0.140582
0.140489
0.140396
0.140303
0.140210
0.140117
0.140025
0.139932
0.139840
0.139747
0.139655
0.139562
0.139470
0.139378
0.139285
0.139193
0.139101
0.139009
0.138917
0.138825
0.138733
0.138642
0.138550
0.138458
0.138367
0.138275
0.138184
0.138092
0.138001
0.137909
0.137818
0.137727
0.137636
0.137545
0.137454
0.137363
0.137272
0.137181
0.137091
0.137000
0.136909
0.136819
0.136728
0.136638
0.136547
0.136457
0.136367
0.136277
0.136186
0.136096
0.136006
0.135916
0.135826
0.135737
0.135647
0.135557
0.135467
0.135378
0.135288
0.135199
0.135109
0.135020
0.134931
0.134842
0.134752
0.134663
0.134574
0.134485
0.134396
0.134307
0.134219
0.134130
0.134041
0.133952
0.133864
0.133775
0.133687
0.133598
0.133510
0.133422
0.133334
0.133245
0.133157
0.133069
0.132981
0.132893
0.132805
0.132718
0.132630
0.132542
0.132454
0.132367
0.132279
0.132192
0.132105
0.132017
0.131930
0.131843
0.131755
0.131668
0.131581
0.131494
0.131407
0.131320
0.131234
0.131147
0.131060
0.130974
0.130887
0.130800
0.130714
0.130627
0.130541
0.130455
0.130369
0.130282
0.130196
0.130110
0.130024
0.129938
0.129852
0.129766
0.129681
0.129595
0.129509
0.129424
0.129338
0.129253
0.129167
0.129082
0.128996
0.128911
0.128826
0.128741
0.128656
0.128571
0.128486
0.128401
0.128316
0.128231
0.128146
0.128062
0.127977
0.127892
0.127808
0.127723
0.127639
0.127555
0.127470
0.127386
0.127302
0.127218
0.127134
0.127050
0.126966
0.126882
0.126798
0.126714
0.126630
0.126547
0.126463
0.126379
0.126296
0.126212
0.126129
0.126046
0.125962
0.125879
0.125796
0.125713
0.125630
0.125547
0.125464
0.125381
0.125298
0.125215
0.125132
0.125050
0.124967
0.124884
0.124802
0.124720
0.124637
0.124555
0.124472
0.124390
0.124308
0.124226
0.124144
0.124062
0.123980
0.123898
0.123816
0.123734
0.123652
0.123571
0.123489
0.123408
0.123326
0.123244
0.123163
0.123082
0.123000
0.122919
0.122838
0.122757
0.122676
0.122595
0.122514
0.122433
0.122352
0.122271
0.122190
0.122109
0.122029
0.121948
0.121868
0.121787
0.121707
0.121626
0.121546
0.121466
0.121385
0.121305
0.121225
0.121145
0.121065
0.120985
0.120905
0.120825
0.120745
0.120666
0.120586
0.120506
0.120427
0.120347
0.120268
0.120188
0.120109
0.120030
0.119950
0.119871
0.119792
0.119713
0.119634
0.119555
0.119476
0.119397
0.119318
0.119239
0.119160
0.119082
0.119003
0.118924
0.118846
0.118767
0.118689
0.118611
0.118532
0.118454
0.118376
0.118298
0.118219
0.118141
0.118063
0.117985
0.117907
0.117830
0.117752
0.117674
0.117596
0.117519
0.117441
0.117364
0.117286
0.117209
0.117131
0.117054
0.116977
0.116899
0.116822
0.116745
0.116668
0.116591
0.116514
0.116437
0.116360
0.116283
0.116206
0.116130
0.116053
0.115976
0.115900
0.115823
0.115747
0.115671
0.115594
0.115518
0.115442
0.115365
0.115289
0.115213
0.115137
0.115061
0.114985
0.114909
0.114833
0.114757
0.114682
0.114606
0.114530
0.114455
0.114379
0.114304
0.114228
0.114153
0.114077
0.114002
0.113927
0.113852
0.113777
0.113701
0.113626
0.113551
0.113476
0.113402
0.113327
0.113252
0.113177
0.113102
0.113028
0.112953
0.112879
0.112804
0.112730
0.112655
0.112581
0.112507
0.112432
0.112358
0.112284
0.112210
0.112136
0.112062
0.111988
0.111914
0.111840
0.111766
0.111693
0.111619
0.111545
0.111472
0.111398
0.111324
0.111251
0.111178
0.111104
0.111031
0.110958
0.110884
0.110811
0.110738
0.110665
0.110592
0.110519
0.110446
0.110373
0.110300
0.110228
0.110155
0.110082
0.110010
0.109937
0.109864
0.109792
0.109720
0.109647
0.109575
0.109502
0.109430
0.109358
0.109286
0.109214
0.109142
0.109070
0.108998
0.108926
0.108854
0.108782
0.108710
0.108639
0.108567
0.108495
0.108424
0.108352
0.108281
0.108209
0.108138
0.108067
0.107995
0.107924
0.107853
0.107782
0.107711
0.107640
0.107569
0.107498
0.107427
0.107356
0.107285
0.107214
0.107144
0.107073
0.107002
0.106932
0.106861
0.106791
0.106720
0.106650
0.106579
0.106509
0.106439
0.106369
0.106299
0.106228
0.106158
0.106088
0.106018
0.105948
0.105879
0.105809
0.105739
0.105669
0.105600
0.105530
0.105460
0.105391
0.105321
0.105252
0.105182
0.105113
0.105044
0.104974
0.104905
0.104836
0.104767
0.104698
0.104629
0.104560
0.104491
0.104422
0.104353
0.104284
0.104215
0.104147
0.104078
0.104009
0.103941
0.103872
0.103804
0.103735
0.103667
0.103599
0.103530
0.103462
0.103394
0.103326
0.103257
0.103189
0.103121
0.103053
0.102985
0.102917
0.102850
0.102782
0.102714
0.102646
0.102579
0.102511
0.102443
0.102376
0.102308
0.102241
0.102174
0.102106
0.102039
0.101972
0.101904
0.101837
0.101770
0.101703
0.101636
0.101569
0.101502
0.101435
0.101368
0.101301
0.101235
0.101168
0.101101
0.101035
0.100968
0.100901
0.100835
0.100768
0.100702
0.100636
0.100569
0.100503
0.100437
0.100370
0.100304
0.100238
0.100172
0.100106
0.100040
0.099974
0.099908
0.099842
0.099777
0.099711
0.099645
0.099580
0.099514
0.099448
0.099383
0.099317
0.099252
0.099186
0.099121
0.099056
0.098990
0.098925
0.098860
0.098795
0.098730
0.098665
0.098600
0.098535
0.098470
0.098405
0.098340
0.098275
0.098210
0.098146
0.098081
0.098016
0.097952
0.097887
0.097823
0.097758
0.097694
0.097629
0.097565
0.097501
0.097437
0.097372
0.097308
0.097244
0.097180
0.097116
0.097052
0.096988
0.096924
0.096860
0.096797
0.096733
0.096669
0.096605
0.096542
0.096478
0.096415
0.096351
0.096288
0.096224
0.096161
0.096097
0.096034
0.095971
0.095908
0.095844
0.095781
0.095718
0.095655
0.095592
0.095529
0.095466
0.095403
0.095340
0.095278
0.095215
0.095152
0.095089
0.095027
0.094964
0.094902
0.094839
0.094777
0.094714
0.094652
0.094589
0.094527
0.094465
0.094403
0.094340
0.094278
0.094216
0.094154
0.094092
0.094030
0.093968
0.093906
0.093845
0.093783
0.093721
0.093659
0.093598
0.093536
0.093474
0.093413
0.093351
0.093290
0.093228
0.093167
0.093106
0.093044
0.092983
0.092922
0.092861
0.092799
0.092738
0.092677
0.092616
0.092555
0.092494
0.092433
0.092372
0.092312
0.092251
0.092190
0.092129
0.092069
0.092008
0.091947
0.091887
0.091826
0.091766
0.091706
0.091645
0.091585
0.091525
0.091464
0.091404
0.091344
0.091284
0.091224
0.091164
0.091104
0.091044
0.090984
0.090924
0.090864
0.090804
0.090744
0.090684
0.090625
0.090565
0.090505
0.090446
0.090386
0.090327
0.090267
0.090208
0.090149
0.090089
0.090030
0.089971
0.089911
0.089852
0.089793
0.089734
0.089675
0.089616
0.089557
0.089498
0.089439
0.089380
0.089321
0.089262
0.089204
0.089145
0.089086
0.089028
0.088969
0.088911
0.088852
0.088794
0.088735
0.088677
0.088618
0.088560
0.088502
0.088443
0.088385
0.088327
0.088269
0.088211
0.088153
0.088095
0.088037
0.087979
0.087921
0.087863
0.087805
0.087747
0.087690
0.087632
0.087574
0.087517
0.087459
0.087402
0.087344
0.087287
0.087229
