62.564554
62.564554
56.033857
50.186858
44.951981
40.265143
36.068968
32.312088
28.948514
25.937068
23.240887
20.826966
18.665754
16.730794
14.998400
13.447366
12.058704
10.815416
9.702282
8.705676
7.813398
7.014528
6.299285
5.658914
5.085578
4.572258
4.112671
3.701191
3.332783
3.002937
2.707615
2.443204
2.206468
1.994509
1.804733
1.634818
1.482684
1.346471
1.224511
1.115312
1.017538
0.929993
0.851606
0.781419
0.718573
0.662299
0.611910
0.566788
0.526384
0.490203
0.457802
0.428787
0.402802
0.379531
0.358689
0.340022
0.323302
0.308326
0.294911
0.282893
0.272126
0.262480
0.253836
0.246091
0.239149
0.232928
0.227350
0.222350
0.217866
0.213845
0.210237
0.207001
0.204096
0.201489
0.199147
0.197044
0.195154
0.193455
0.191927
0.190552
0.189314
0.188199
0.187193
0.186286
0.185467
0.184727
0.184058
0.183451
0.182902
0.182403
0.181949
0.181536
0.181159
0.180815
0.180500
0.180211
0.179946
0.179701
0.179475
0.179266
0.179072
0.178892
0.178723
0.178566
0.178418
0.178278
0.178147
0.178022
0.177903
0.177791
0.177683
0.177579
0.177480
0.177384
0.177291
0.177202
0.177114
0.177030
0.176947
0.176866
0.176787
0.176709
0.176632
0.176557
0.176483
0.176410
0.176338
0.176266
0.176195
0.176125
0.176056
0.175987
0.175918
0.175850
0.175782
0.175714
0.175647
0.175580
0.175514
0.175447
0.175381
0.175315
0.175249
0.175183
0.175117
0.175052
0.174987
0.174921
0.174856
0.174791
0.174726
0.174661
0.174596
0.174532
0.174467
0.174402
0.174338
0.174273
0.174209
0.174144
0.174080
0.174016
0.173951
0.173887
0.173823
0.173758
0.173694
0.173630
0.173566
0.173502
0.173438
0.173374
0.173310
0.173246
0.173182
0.173118
0.173054
0.172990
0.172927
0.172863
0.172799
0.172735
0.172671
0.172608
0.172544
0.172480
0.172417
0.172353
0.172290
0.172226
0.172163
0.172099
0.172036
0.171972
0.171909
0.171845
0.171782
0.171719
0.171655
0.171592
0.171529
0.171465
0.171402
0.171339
0.171276
0.171213
0.171149
0.171086
0.171023
0.170960
0.170897
0.170834
0.170771
0.170708
0.170645
0.170582
0.170519
0.170456
0.170394
0.170331
0.170268
0.170205
0.170142
0.170080
0.170017
0.169954
0.169891
0.169829
0.169766
0.169704
0.169641
0.169578
0.169516
0.169453
0.169391
0.169328
0.169266
0.169204
0.169141
0.169079
0.169016
0.168954
0.168892
0.168830
0.168767
0.168705
0.168643
0.168581
0.168518
0.168456
0.168394
0.168332
0.168270
0.168208
0.168146
0.168084
0.168022
0.167960
0.167898
0.167836
0.167774
0.167712
0.167651
0.167589
0.167527
0.167465
0.167403
0.167342
0.167280
0.167218
0.167157
0.167095
0.167033
0.166972
0.166910
0.166849
0.166787
0.166726
0.166664
0.166603
0.166541
0.166480
0.166419
0.166357
0.166296
0.166234
0.166173
0.166112
0.166051
0.165989
0.165928
0.165867
0.165806
0.165745
0.165684
0.165623
0.165562
0.165500
0.165439
0.165378
0.165317
0.165257
0.165196
0.165135
0.165074
0.165013
0.164952
0.164891
0.164830
0.164770
0.164709
0.164648
0.164588
0.164527
0.164466
0.164406
0.164345
0.164284
0.164224
0.164163
0.164103
0.164042
0.163982
0.163921
0.163861
0.163800
0.163740
0.163680
0.163619
0.163559
0.163499
0.163438
0.163378
0.163318
0.163258
0.163197
0.163137
0.163077
0.163017
0.162957
0.162897
0.162837
0.162777
0.162717
0.162657
0.162597
0.162537
0.162477
0.162417
0.162357
0.162297
0.162238
0.162178
0.162118
0.162058
0.161998
0.161939
0.161879
0.161819
0.161760
0.161700
0.161640
0.161581
0.161521
0.161462
0.161402
0.161343
0.161283
0.161224
0.161164
0.161105
0.161046
0.160986
0.160927
0.160867
0.160808
0.160749
0.160690
0.160630
0.160571
0.160512
0.160453
0.160394
0.160335
0.160275
0.160216
0.160157
0.160098
0.160039
0.159980
0.159921
0.159862
0.159803
0.159745
0.159686
0.159627
0.159568
0.159509
0.159450
0.159392
0.159333
0.159274
0.159215
0.159157
0.159098
0.159039
0.158981
0.158922
0.158864
0.158805
0.158746
0.158688
0.158629
0.158571
0.158513
0.158454
0.158396
0.158337
0.158279
0.158221
0.158162
0.158104
0.158046
0.157987
0.157929
0.157871
0.157813
0.157755
0.157697
0.157638
0.157580
0.157522
0.157464
0.157406
0.157348
0.157290
0.157232
0.157174
0.157116
0.157058
0.157000
0.156943
0.156885
0.156827
0.156769
0.156711
0.156654
0.156596
0.156538
0.156480
0.156423
0.156365
0.156308
0.156250
0.156192
0.156135
0.156077
0.156020
0.155962
0.155905
0.155847
0.155790
0.155732
0.155675
0.155618
0.155560
0.155503
0.155446
0.155388
0.155331
0.155274
0.155217
0.155159
0.155102
0.155045
0.154988
0.154931
0.154874
0.154817
0.154760
0.154703
0.154646
0.154589
0.154532
0.154475
0.154418
0.154361
0.154304
0.154247
0.154190
0.154133
0.154077
0.154020
0.153963
0.153906
0.153850
0.153793
0.153736
0.153680
0.153623
0.153566
0.153510
0.153453
0.153397
0.153340
0.153284
0.153227
0.153171
0.153114
0.153058
0.153001
0.152945
0.152889
0.152832
0.152776
0.152720
0.152663
0.152607
0.152551
0.152495
0.152438
0.152382
0.152326
0.152270
0.152214
0.152158
0.152102
0.152046
0.151990
0.151934
0.151878
0.151822
0.151766
0.151710
0.151654
0.151598
0.151542
0.151486
0.151431
0.151375
0.151319
0.151263
0.151208
0.151152
0.151096
0.151040
0.150985
0.150929
0.150874
0.150818
0.150762
0.150707
0.150651
0.150596
0.150540
0.150485
0.150429
0.150374
0.150319
0.150263
0.150208
0.150152
0.150097
0.150042
0.149987
0.149931
0.149876
0.149821
0.149766
0.149710
0.149655
0.149600
0.149545
0.149490
0.149435
0.149380
0.149325
0.149270
0.149215
0.149160
0.149105
0.149050
0.148995
0.148940
0.148885
0.148830
0.148776
0.148721
0.148666
0.148611
0.148556
0.148502
0.148447
0.148392
0.148338
0.148283
0.148228
0.148174
0.148119
0.148065
0.148010
0.147955
0.147901
0.147846
0.147792
0.147738
0.147683
0.147629
0.147574
0.147520
0.147466
0.147411
0.147357
0.147303
0.147248
0.147194
0.147140
0.147086
0.147032
0.146977
0.146923
0.146869
0.146815
0.146761
0.146707
0.146653
0.146599
0.146545
0.146491
0.146437
0.146383
0.146329
0.146275
0.146221
0.146167
0.146114
0.146060
0.146006
0.145952
0.145898
0.145845
0.145791
0.145737
0.145683
0.145630
0.145576
0.145523
0.145469
0.145415
0.145362
0.145308
0.145255
0.145201
0.145148
0.145094
0.145041
0.144987
0.144934
0.144881
0.144827
0.144774
0.144721
0.144667
0.144614
0.144561
0.144507
0.144454
0.144401
0.144348
0.144295
0.144241
0.144188
0.144135
0.144082
0.144029
0.143976
0.143923
0.143870
0.143817
0.143764
0.143711
0.143658
0.143605
0.143552
0.143499
0.143447
0.143394
0.143341
0.143288
0.143235
0.143183
0.143130
0.143077
0.143024
0.142972
0.142919
0.142867
0.142814
0.142761
0.142709
0.142656
0.142604
0.142551
0.142499
0.142446
0.142394
0.142341
0.142289
0.142236
0.142184
0.142132
0.142079
0.142027
0.141975
0.141922
0.141870
0.141818
0.141766
0.141713
0.141661
0.141609
0.141557
0.141505
0.141453
0.141401
0.141348
0.141296
0.141244
0.141192
0.141140
0.141088
0.141036
0.140984
0.140933
0.140881
0.140829
0.140777
0.140725
0.140673
0.140621
0.140570
0.140518
0.140466
0.140414
0.140363
0.140311
0.140259
0.140208
0.140156
0.140104
0.140053
0.140001
0.139950
0.139898
0.139847
0.139795
0.139744
0.139692
0.139641
0.139589
0.139538
0.139487
0.139435
0.139384
0.139332
0.139281
0.139230
0.139179
0.139127
0.139076
0.139025
0.138974
0.138923
0.138871
0.138820
0.138769
0.138718
0.138667
0.138616
0.138565
0.138514
0.138463
0.138412
0.138361
0.138310
0.138259
0.138208
0.138157
0.138106
0.138055
0.138005
0.137954
0.137903
0.137852
0.137801
0.137751
0.137700
0.137649
0.137599
0.137548
0.137497
0.137447
0.137396
0.137345
0.137295
0.137244
0.137194
0.137143
0.137093
0.137042
0.136992
0.136941
0.136891
0.136841
0.136790
0.136740
0.136690
0.136639
0.136589
0.136539
0.136488
0.136438
0.136388
0.136338
0.136287
0.136237
0.136187
0.136137
0.136087
0.136037
0.135987
0.135937
0.135887
0.135836
0.135786
0.135736
0.135687
0.135637
0.135587
0.135537
0.135487
0.135437
0.135387
0.135337
0.135287
0.135238
0.135188
0.135138
0.135088
0.135039
0.134989
0.134939
0.134889
0.134840
0.134790
0.134741
0.134691
0.134641
0.134592
0.134542
0.134493
0.134443
0.134394
0.134344
0.134295
0.134245
0.134196
0.134146
0.134097
0.134048
0.133998
0.133949
0.133900
0.133850
0.133801
0.133752
0.133703
0.133653
0.133604
0.133555
0.133506
0.133457
0.133408
0.133358
0.133309
0.133260
0.133211
0.133162
0.133113
0.133064
0.133015
0.132966
0.132917
0.132868
0.132819
0.132771
0.132722
0.132673
0.132624
0.132575
0.132526
0.132478
0.132429
0.132380
0.132331
0.132283
0.132234
0.132185
0.132137
0.132088
0.132039
0.131991
0.131942
0.131894
0.131845
0.131797
0.131748
0.131700
0.131651
0.131603
0.131554
0.131506
0.131457
0.131409
0.131361
0.131312
0.131264
0.131216
0.131167
0.131119
0.131071
0.131022
0.130974
0.130926
0.130878
0.130830
0.130782
0.130733
0.130685
0.130637
0.130589
0.130541
0.130493
0.130445
0.130397
0.130349
0.130301
0.130253
0.130205
0.130157
0.130109
0.130061
0.130013
0.129966
0.129918
0.129870
0.129822
0.129774
0.129727
0.129679
0.129631
0.129583
0.129536
0.129488
0.129440
0.129393
0.129345
0.129298
0.129250
0.129202
0.129155
0.129107
0.129060
0.129012
0.128965
0.128917
0.128870
0.128822
0.128775
0.128728
0.128680
0.128633
0.128586
0.128538
0.128491
0.128444
0.128396
0.128349
0.128302
0.128255
0.128207
0.128160
0.128113
0.128066
0.128019
0.127972
0.127925
0.127878
0.127831
0.127783
0.127736
0.127689
0.127642
0.127595
0.127549
0.127502
0.127455
0.127408
0.127361
0.127314
0.127267
0.127220
0.127173
0.127127
0.127080
0.127033
0.126986
0.126940
0.126893
0.126846
0.126800
0.126753
0.126706
0.126660
0.126613
0.126566
0.126520
0.126473
0.126427
0.126380
0.126334
0.126287
0.126241
0.126194
0.126148
0.126101
0.126055
0.126009
0.125962
0.125916
0.125870
0.125823
0.125777
0.125731
0.125684
0.125638
0.125592
0.125546
0.125500
0.125453
0.125407
0.125361
0.125315
0.125269
0.125223
0.125177
0.125131
0.125085
0.125039
0.124993
0.124947
0.124901
0.124855
0.124809
0.124763
0.124717
0.124671
0.124625
0.124579
0.124533
0.124488
0.124442
0.124396
0.124350
0.124304
0.124259
0.124213
0.124167
0.124122
0.124076
0.124030
0.123985
0.123939
0.123893
0.123848
0.123802
0.123757
0.123711
0.123666
0.123620
0.123575
0.123529
0.123484
0.123438
0.123393
0.123348
0.123302
0.123257
0.123211
0.123166
0.123121
0.123076
0.123030
0.122985
0.122940
0.122895
0.122849
0.122804
0.122759
0.122714
0.122669
0.122623
0.122578
0.122533
0.122488
0.122443
0.122398
0.122353
0.122308
0.122263
0.122218
0.122173
0.122128
0.122083
0.122038
0.121993
0.121949
0.121904
0.121859
0.121814
0.121769
0.121724
0.121680
0.121635
0.121590
0.121545
0.121501
0.121456
0.121411
0.121367
0.121322
0.121277
0.121233
0.121188
0.121144
0.121099
0.121054
0.121010
0.120965
0.120921
0.120876
0.120832
0.120787
0.120743
0.120699
0.120654
0.120610
0.120565
0.120521
0.120477
0.120432
0.120388
0.120344
0.120300
0.120255
0.120211
0.120167
0.120123
0.120079
0.120034
0.119990
0.119946
0.119902
0.119858
0.119814
0.119770
0.119726
0.119682
0.119638
0.119594
0.119550
0.119506
0.119462
0.119418
0.119374
0.119330
0.119286
0.119242
0.119198
0.119154
0.119111
0.119067
0.119023
0.118979
0.118935
0.118892
0.118848
0.118804
0.118761
0.118717
0.118673
0.118630
0.118586
0.118542
0.118499
0.118455
0.118412
0.118368
0.118324
0.118281
0.118237
0.118194
0.118150
0.118107
0.118064
0.118020
0.117977
0.117933
0.117890
0.117847
0.117803
0.117760
0.117717
0.117673
0.117630
0.117587
0.117544
0.117500
0.117457
0.117414
0.117371
0.117328
0.117284
0.117241
0.117198
0.117155
0.117112
0.117069
0.117026
0.116983
0.116940
0.116897
0.116854
0.116811
0.116768
0.116725
0.116682
0.116639
0.116596
0.116553
0.116510
0.116468
0.116425
0.116382
0.116339
0.116296
0.116254
0.116211
0.116168
0.116125
0.116083
0.116040
0.115997
0.115955
0.115912
0.115869
0.115827
0.115784
0.115742
0.115699
0.115656
0.115614
0.115571
0.115529
0.115486
0.115444
0.115402
0.115359
0.115317
0.115274
0.115232
0.115190
0.115147
0.115105
0.115062
0.115020
0.114978
0.114936
0.114893
0.114851
0.114809
0.114767
0.114724
0.114682
0.114640
0.114598
0.114556
0.114514
0.114472
0.114429
0.114387
0.114345
0.114303
0.114261
0.114219
0.114177
0.114135
0.114093
0.114051
0.114009
0.113967
0.113926
0.113884
0.113842
0.113800
0.113758
0.113716
0.113674
0.113633
0.113591
0.113549
0.113507
0.113466
0.113424
0.113382
0.113341
0.113299
0.113257
0.113216
0.113174
0.113132
0.113091
0.113049
0.113008
0.112966
0.112924
0.112883
0.112841
0.112800
0.112758
0.112717
0.112676
0.112634
0.112593
0.112551
0.112510
0.112469
0.112427
0.112386
0.112345
0.112303
0.112262
0.112221
0.112179
0.112138
0.112097
0.112056
0.112015
0.111973
0.111932
0.111891
0.111850
0.111809
0.111768
0.111727
0.111686
0.111644
0.111603
0.111562
0.111521
0.111480
0.111439
0.111398
0.111357
0.111317
0.111276
0.111235
0.111194
0.111153
0.111112
0.111071
0.111030
0.110990
0.110949
0.110908
0.110867
0.110826
0.110786
0.110745
0.110704
0.110664
0.110623
0.110582
0.110542
0.110501
0.110460
0.110420
0.110379
0.110339
0.110298
0.110257
0.110217
0.110176
0.110136
0.110095
0.110055
0.110014
0.109974
0.109934
0.109893
0.109853
0.109812
0.109772
0.109732
0.109691
0.109651
0.109611
0.109570
0.109530
0.109490
0.109450
0.109409
0.109369
0.109329
0.109289
0.109249
0.109208
0.109168
0.109128
0.109088
0.109048
0.109008
0.108968
0.108928
0.108888
0.108848
0.108808
0.108768
0.108728
0.108688
0.108648
0.108608
0.108568
0.108528
0.108488
0.108448
0.108408
0.108369
0.108329
0.108289
0.108249
0.108209
0.108170
0.108130
0.108090
0.108050
0.108011
0.107971
0.107931
0.107892
0.107852
0.107812
0.107773
0.107733
0.107693
0.107654
0.107614
0.107575
0.107535
0.107496
0.107456
0.107417
0.107377
0.107338
0.107298
0.107259
0.107219
0.107180
0.107141
0.107101
0.107062
0.107023
0.106983
0.106944
0.106905
0.106865
0.106826
0.106787
0.106747
0.106708
0.106669
0.106630
0.106591
0.106551
0.106512
0.106473
0.106434
0.106395
0.106356
0.106317
