60.959449
60.959449
49.817510
40.718794
33.288607
27.220970
22.266013
18.219689
14.915370
12.216985
10.013415
8.213920
6.744399
5.544340
4.564329
3.764012
3.110436
2.576692
2.140805
1.784828
1.494109
1.256679
1.062767
0.904392
0.775037
0.669380
0.583076
0.512575
0.454980
0.407924
0.369473
0.338051
0.312368
0.291372
0.274203
0.260160
0.248668
0.239261
0.231556
0.225241
0.220062
0.215809
0.212312
0.209435
0.207062
0.205101
0.203477
0.202127
0.201003
0.200062
0.199270
0.198601
0.198032
0.197544
0.197123
0.196756
0.196434
0.196148
0.195892
0.195660
0.195448
0.195252
0.195070
0.194898
0.194735
0.194579
0.194429
0.194285
0.194144
0.194006
0.193871
0.193738
0.193607
0.193478
0.193350
0.193223
0.193096
0.192971
0.192846
0.192721
0.192597
0.192473
0.192350
0.192227
0.192104
0.191981
0.191858
0.191736
0.191614
0.191492
0.191370
0.191248
0.191126
0.191004
0.190883
0.190761
0.190640
0.190519
0.190397
0.190276
0.190155
0.190034
0.189914
0.189793
0.189672
0.189551
0.189431
0.189310
0.189190
0.189070
0.188949
0.188829
0.188709
0.188589
0.188469
0.188349
0.188230
0.188110
0.187990
0.187871
0.187751
0.187632
0.187513
0.187393
0.187274
0.187155
0.187036
0.186917
0.186798
0.186680
0.186561
0.186442
0.186324
0.186205
0.186087
0.185969
0.185850
0.185732
0.185614
0.185496
0.185378
0.185260
0.185143
0.185025
0.184907
0.184790
0.184672
0.184555
0.184437
0.184320
0.184203
0.184086
0.183969
0.183852
0.183735
0.183618
0.183501
0.183385
0.183268
0.183152
0.183035
0.182919
0.182803
0.182686
0.182570
0.182454
0.182338
0.182222
0.182107
0.181991
0.181875
0.181759
0.181644
0.181528
0.181413
0.181298
0.181183
0.181067
0.180952
0.180837
0.180722
0.180607
0.180493
0.180378
0.180263
0.180149
0.180034
0.179920
0.179805
0.179691
0.179577
0.179463
0.179349
0.179235
0.179121
0.179007
0.178893
0.178779
0.178666
0.178552
0.178439
0.178325
0.178212
0.178099
0.177986
0.177873
0.177760
0.177647
0.177534
0.177421
0.177308
0.177195
0.177083
0.176970
0.176858
0.176745
0.176633
0.176521
0.176409
0.176297
0.176185
0.176073
0.175961
0.175849
0.175737
0.175625
0.175514
0.175402
0.175291
0.175179
0.175068
0.174957
0.174846
0.174735
0.174624
0.174513
0.174402
0.174291
0.174180
0.174070
0.173959
0.173848
0.173738
0.173628
0.173517
0.173407
0.173297
0.173187
0.173077
0.172967
0.172857
0.172747
0.172637
0.172528
0.172418
0.172308
0.172199
0.172090
0.171980
0.171871
0.171762
0.171653
0.171544
0.171435
0.171326
0.171217
0.171108
0.170999
0.170891
0.170782
0.170674
0.170565
0.170457
0.170349
0.170241
0.170132
0.170024
0.169916
0.169808
0.169701
0.169593
0.169485
0.169377
0.169270
0.169162
0.169055
0.168947
0.168840
0.168733
0.168626
0.168519
0.168412
0.168305
0.168198
0.168091
0.167984
0.167877
0.167771
0.167664
0.167558
0.167451
0.167345
0.167239
0.167132
0.167026
0.166920
0.166814
0.166708
0.166602
0.166497
0.166391
0.166285
0.166180
0.166074
0.165969
0.165863
0.165758
0.165653
0.165547
0.165442
0.165337
0.165232
0.165127
0.165022
0.164918
0.164813
0.164708
0.164604
0.164499
0.164395
0.164290
0.164186
0.164082
0.163977
0.163873
0.163769
0.163665
0.163561
0.163457
0.163354
0.163250
0.163146
0.163043
0.162939
0.162836
0.162732
0.162629
0.162526
0.162423
0.162319
0.162216
0.162113
0.162010
0.161908
0.161805
0.161702
0.161599
0.161497
0.161394
0.161292
0.161189
0.161087
0.160985
0.160883
0.160780
0.160678
0.160576
0.160474
0.160373
0.160271
0.160169
0.160067
0.159966
0.159864
0.159763
0.159661
0.159560
0.159459
0.159357
0.159256
0.159155
0.159054
0.158953
0.158852
0.158751
0.158651
0.158550
0.158449
0.158349
0.158248
0.158148
0.158047
0.157947
0.157847
0.157747
0.157646
0.157546
0.157446
0.157346
0.157247
0.157147
0.157047
0.156947
0.156848
0.156748
0.156649
0.156549
0.156450
0.156351
0.156251
0.156152
0.156053
0.155954
0.155855
0.155756
0.155657
0.155558
0.155460
0.155361
0.155263
0.155164
0.155065
0.154967
0.154869
0.154770
0.154672
0.154574
0.154476
0.154378
0.154280
0.154182
0.154084
0.153986
0.153889
0.153791
0.153693
0.153596
0.153498
0.153401
0.153304
0.153206
0.153109
0.153012
0.152915
0.152818
0.152721
0.152624
0.152527
0.152430
0.152334
0.152237
0.152141
0.152044
0.151947
0.151851
0.151755
0.151658
0.151562
0.151466
0.151370
0.151274
0.151178
0.151082
0.150986
0.150890
0.150795
0.150699
0.150603
0.150508
0.150412
0.150317
0.150222
0.150126
0.150031
0.149936
0.149841
0.149746
0.149651
0.149556
0.149461
0.149366
0.149271
0.149177
0.149082
0.148987
0.148893
0.148798
0.148704
0.148610
0.148515
0.148421
0.148327
0.148233
0.148139
0.148045
0.147951
0.147857
0.147763
0.147670
0.147576
0.147482
0.147389
0.147295
0.147202
0.147109
0.147015
0.146922
0.146829
0.146736
0.146643
0.146550
0.146457
0.146364
0.146271
0.146178
0.146085
0.145993
0.145900
0.145808
0.145715
0.145623
0.145530
0.145438
0.145346
0.145254
0.145162
0.145069
0.144977
0.144886
0.144794
0.144702
0.144610
0.144518
0.144427
0.144335
0.144244
0.144152
0.144061
0.143969
0.143878
0.143787
0.143696
0.143604
0.143513
0.143422
0.143331
0.143241
0.143150
0.143059
0.142968
0.142878
0.142787
0.142696
0.142606
0.142516
0.142425
0.142335
0.142245
0.142154
0.142064
0.141974
0.141884
0.141794
0.141704
0.141614
0.141525
0.141435
0.141345
0.141256
0.141166
0.141077
0.140987
0.140898
0.140808
0.140719
0.140630
0.140541
0.140452
0.140363
0.140274
0.140185
0.140096
0.140007
0.139918
0.139830
0.139741
0.139652
0.139564
0.139475
0.139387
0.139299
0.139210
0.139122
0.139034
0.138946
0.138858
0.138770
0.138682
0.138594
0.138506
0.138418
0.138330
0.138243
0.138155
0.138067
0.137980
0.137892
0.137805
0.137718
0.137630
0.137543
0.137456
0.137369
0.137282
0.137195
0.137108
0.137021
0.136934
0.136847
0.136760
0.136674
0.136587
0.136501
0.136414
0.136328
0.136241
0.136155
0.136069
0.135982
0.135896
0.135810
0.135724
0.135638
0.135552
0.135466
0.135380
0.135294
0.135209
0.135123
0.135037
0.134952
0.134866
0.134781
0.134695
0.134610
0.134525
0.134439
0.134354
0.134269
0.134184
0.134099
0.134014
0.133929
0.133844
0.133759
0.133675
0.133590
0.133505
0.133421
0.133336
0.133252
0.133167
0.133083
0.132998
0.132914
0.132830
0.132746
0.132662
0.132578
0.132494
0.132410
0.132326
0.132242
0.132158
0.132074
0.131991
0.131907
0.131824
0.131740
0.131657
0.131573
0.131490
0.131406
0.131323
0.131240
0.131157
0.131074
0.130991
0.130908
0.130825
0.130742
0.130659
0.130576
0.130494
0.130411
0.130328
0.130246
0.130163
0.130081
0.129998
0.129916
0.129834
0.129751
0.129669
0.129587
0.129505
0.129423
0.129341
0.129259
0.129177
0.129095
0.129014
0.128932
0.128850
0.128769
0.128687
0.128606
0.128524
0.128443
0.128361
0.128280
0.128199
0.128118
0.128036
0.127955
0.127874
0.127793
0.127712
0.127631
0.127551
0.127470
0.127389
0.127308
0.127228
0.127147
0.127067
0.126986
0.126906
0.126825
0.126745
0.126665
0.126585
0.126504
0.126424
0.126344
0.126264
0.126184
0.126104
0.126024
0.125945
0.125865
0.125785
0.125705
0.125626
0.125546
0.125467
0.125387
0.125308
0.125229
0.125149
0.125070
0.124991
0.124912
0.124833
0.124754
0.124675
0.124596
0.124517
0.124438
0.124359
0.124280
0.124202
0.124123
0.124044
0.123966
0.123887
0.123809
0.123731
0.123652
0.123574
0.123496
0.123417
0.123339
0.123261
0.123183
0.123105
0.123027
0.122949
0.122872
0.122794
0.122716
0.122638
0.122561
0.122483
0.122405
0.122328
0.122251
0.122173
0.122096
0.122019
0.121941
0.121864
0.121787
0.121710
0.121633
0.121556
0.121479
0.121402
0.121325
0.121248
0.121171
0.121095
0.121018
0.120942
0.120865
0.120788
0.120712
0.120636
0.120559
0.120483
0.120407
0.120330
0.120254
0.120178
0.120102
0.120026
0.119950
0.119874
0.119798
0.119722
0.119647
0.119571
0.119495
0.119420
0.119344
0.119268
0.119193
0.119118
0.119042
0.118967
0.118891
0.118816
0.118741
0.118666
0.118591
0.118516
0.118441
0.118366
0.118291
0.118216
0.118141
0.118066
0.117992
0.117917
0.117842
0.117768
0.117693
0.117619
0.117544
0.117470
0.117396
0.117321
0.117247
0.117173
0.117099
0.117025
0.116951
0.116877
0.116803
0.116729
0.116655
0.116581
0.116507
0.116433
0.116360
0.116286
0.116213
0.116139
0.116066
0.115992
0.115919
0.115845
0.115772
0.115699
0.115626
0.115552
0.115479
0.115406
0.115333
0.115260
0.115187
0.115114
0.115042
0.114969
0.114896
0.114823
0.114751
0.114678
0.114606
0.114533
0.114461
0.114388
0.114316
0.114244
0.114171
0.114099
0.114027
0.113955
0.113883
0.113811
0.113739
0.113667
0.113595
0.113523
0.113451
0.113379
0.113308
0.113236
0.113164
0.113093
0.113021
0.112950
0.112878
0.112807
0.112735
0.112664
0.112593
0.112522
0.112450
0.112379
0.112308
0.112237
0.112166
0.112095
0.112024
0.111953
0.111883
0.111812
0.111741
0.111670
0.111600
0.111529
0.111459
0.111388
0.111318
0.111247
0.111177
0.111107
0.111036
0.110966
0.110896
0.110826
0.110756
0.110686
0.110616
0.110546
0.110476
0.110406
0.110336
0.110266
0.110197
0.110127
0.110057
0.109988
0.109918
0.109849
0.109779
0.109710
0.109640
0.109571
0.109502
0.109432
0.109363
0.109294
0.109225
0.109156
0.109087
0.109018
0.108949
0.108880
0.108811
0.108742
0.108674
0.108605
0.108536
0.108467
0.108399
0.108330
0.108262
0.108193
0.108125
0.108057
0.107988
0.107920
0.107852
0.107784
0.107715
0.107647
0.107579
0.107511
0.107443
0.107375
0.107307
0.107240
0.107172
0.107104
0.107036
0.106969
0.106901
0.106833
0.106766
0.106698
0.106631
0.106564
0.106496
0.106429
0.106362
0.106294
0.106227
0.106160
0.106093
0.106026
0.105959
0.105892
0.105825
0.105758
0.105691
0.105624
0.105557
0.105491
0.105424
0.105357
0.105291
0.105224
0.105158
0.105091
0.105025
0.104958
0.104892
0.104826
0.104759
0.104693
0.104627
0.104561
0.104495
0.104429
0.104363
0.104297
0.104231
0.104165
0.104099
0.104033
0.103968
0.103902
0.103836
0.103771
0.103705
0.103639
0.103574
0.103509
0.103443
0.103378
0.103312
0.103247
0.103182
0.103117
0.103051
0.102986
0.102921
0.102856
0.102791
0.102726
0.102661
0.102596
0.102532
0.102467
0.102402
0.102337
0.102273
0.102208
0.102143
0.102079
0.102014
0.101950
0.101885
0.101821
0.101757
0.101692
0.101628
0.101564
0.101500
0.101436
0.101372
0.101307
0.101243
0.101179
0.101116
0.101052
0.100988
0.100924
0.100860
0.100796
0.100733
0.100669
0.100606
0.100542
0.100478
0.100415
0.100351
0.100288
0.100225
0.100161
0.100098
0.100035
0.099972
0.099908
0.099845
0.099782
0.099719
0.099656
0.099593
0.099530
0.099467
0.099405
0.099342
0.099279
0.099216
0.099154
0.099091
0.099028
0.098966
0.098903
0.098841
0.098778
0.098716
0.098654
0.098591
0.098529
0.098467
0.098405
0.098342
0.098280
0.098218
0.098156
0.098094
0.098032
0.097970
0.097908
0.097847
0.097785
0.097723
0.097661
0.097600
0.097538
0.097476
0.097415
0.097353
0.097292
0.097230
0.097169
0.097107
0.097046
0.096985
0.096924
0.096862
0.096801
0.096740
0.096679
0.096618
0.096557
0.096496
0.096435
0.096374
0.096313
0.096252
0.096191
0.096131
0.096070
0.096009
0.095949
0.095888
0.095828
0.095767
0.095707
0.095646
0.095586
0.095525
0.095465
0.095405
0.095344
0.095284
0.095224
0.095164
0.095104
0.095044
0.094984
0.094924
0.094864
0.094804
0.094744
0.094684
0.094624
0.094565
0.094505
0.094445
0.094386
0.094326
0.094267
0.094207
0.094148
0.094088
0.094029
0.093969
0.093910
0.093851
0.093791
0.093732
0.093673
0.093614
0.093555
0.093496
0.093437
0.093378
0.093319
0.093260
0.093201
0.093142
0.093083
0.093024
0.092966
0.092907
0.092848
0.092790
0.092731
0.092673
0.092614
0.092556
0.092497
0.092439
0.092380
0.092322
0.092264
0.092206
0.092147
0.092089
0.092031
0.091973
0.091915
0.091857
0.091799
0.091741
0.091683
0.091625
0.091567
0.091510
0.091452
0.091394
0.091336
0.091279
0.091221
0.091164
0.091106
0.091048
0.090991
0.090934
0.090876
0.090819
0.090761
0.090704
0.090647
0.090590
0.090533
0.090475
0.090418
0.090361
0.090304
0.090247
0.090190
0.090133
0.090076
0.090020
0.089963
0.089906
0.089849
0.089792
0.089736
0.089679
0.089623
0.089566
0.089509
0.089453
0.089397
0.089340
0.089284
0.089227
0.089171
0.089115
0.089059
0.089002
0.088946
0.088890
0.088834
0.088778
0.088722
0.088666
0.088610
0.088554
0.088498
0.088442
0.088386
0.088331
0.088275
0.088219
0.088164
0.088108
0.088052
0.087997
0.087941
0.087886
0.087830
0.087775
0.087720
0.087664
0.087609
0.087554
0.087498
0.087443
0.087388
0.087333
0.087278
0.087223
0.087168
0.087113
0.087058
0.087003
0.086948
0.086893
0.086838
0.086783
0.086729
0.086674
0.086619
0.086565
0.086510
0.086455
0.086401
0.086346
0.086292
0.086237
0.086183
0.086129
0.086074
0.086020
0.085966
0.085911
0.085857
0.085803
0.085749
0.085695
0.085641
0.085587
0.085533
0.085479
0.085425
0.085371
0.085317
0.085263
0.085210
0.085156
0.085102
0.085048
0.084995
0.084941
0.084888
0.084834
0.084781
0.084727
0.084674
0.084620
0.084567
0.084514
0.084460
0.084407
0.084354
0.084300
0.084247
0.084194
0.084141
0.084088
0.084035
0.083982
0.083929
0.083876
0.083823
0.083770
0.083717
0.083665
0.083612
0.083559
0.083506
0.083454
0.083401
0.083349
0.083296
0.083243
0.083191
0.083139
0.083086
0.083034
0.082981
0.082929
0.082877
0.082824
0.082772
0.082720
0.082668
0.082616
0.082564
0.082512
0.082459
0.082407
0.082356
0.082304
0.082252
0.082200
0.082148
0.082096
0.082044
0.081993
0.081941
0.081889
0.081838
0.081786
0.081735
0.081683
0.081631
0.081580
0.081529
0.081477
0.081426
0.081374
0.081323
0.081272
0.081221
0.081169
0.081118
0.081067
0.081016
0.080965
0.080914
0.080863
0.080812
0.080761
0.080710
0.080659
0.080608
0.080557
0.080507
0.080456
0.080405
0.080354
0.080304
0.080253
0.080203
0.080152
0.080102
0.080051
0.080001
0.079950
0.079900
0.079849
0.079799
0.079749
0.079698
0.079648
0.079598
0.079548
0.079498
0.079448
0.079397
0.079347
0.079297
0.079247
0.079197
0.079148
0.079098
0.079048
0.078998
0.078948
0.078898
0.078849
0.078799
0.078749
0.078700
0.078650
0.078600
0.078551
0.078501
0.078452
0.078403
