62.564554
62.564554
51.248191
41.984687
34.401638
28.194194
23.112810
18.953209
15.548172
12.760815
10.479086
8.611259
7.082249
5.830592
4.805975
3.967209
3.280580
2.718490
2.258345
1.881653
1.573274
1.320815
1.114133
0.944923
0.806387
0.692960
0.600089
0.524043
0.461771
0.410774
0.369006
0.334793
0.306766
0.283801
0.264980
0.249552
0.236901
0.226523
0.218006
0.211013
0.205267
0.200541
0.196651
0.193446
0.190800
0.188613
0.186801
0.185296
0.184042
0.182995
0.182116
0.181375
0.180747
0.180211
0.179752
0.179354
0.179007
0.178702
0.178430
0.178187
0.177966
0.177764
0.177578
0.177404
0.177240
0.177085
0.176936
0.176794
0.176655
0.176521
0.176390
0.176262
0.176136
0.176011
0.175888
0.175766
0.175645
0.175525
0.175406
0.175287
0.175169
0.175051
0.174934
0.174817
0.174700
0.174583
0.174467
0.174350
0.174234
0.174118
0.174002
0.173887
0.173771
0.173656
0.173540
0.173425
0.173310
0.173195
0.173080
0.172965
0.172850
0.172735
0.172620
0.172506
0.172391
0.172277
0.172162
0.172048
0.171934
0.171820
0.171706
0.171592
0.171478
0.171364
0.171250
0.171137
0.171023
0.170909
0.170796
0.170683
0.170569
0.170456
0.170343
0.170230
0.170117
0.170004
0.169891
0.169778
0.169666
0.169553
0.169441
0.169328
0.169216
0.169103
0.168991
0.168879
0.168767
0.168655
0.168543
0.168431
0.168319
0.168208
0.168096
0.167985
0.167873
0.167762
0.167650
0.167539
0.167428
0.167317
0.167206
0.167095
0.166984
0.166873
0.166762
0.166652
0.166541
0.166430
0.166320
0.166210
0.166099
0.165989
0.165879
0.165769
0.165659
0.165549
0.165439
0.165329
0.165220
0.165110
0.165000
0.164891
0.164782
0.164672
0.164563
0.164454
0.164345
0.164236
0.164127
0.164018
0.163909
0.163800
0.163691
0.163583
0.163474
0.163366
0.163257
0.163149
0.163041
0.162933
0.162824
0.162716
0.162608
0.162501
0.162393
0.162285
0.162177
0.162070
0.161962
0.161855
0.161747
0.161640
0.161533
0.161426
0.161318
0.161211
0.161105
0.160998
0.160891
0.160784
0.160677
0.160571
0.160464
0.160358
0.160251
0.160145
0.160039
0.159933
0.159827
0.159721
0.159615
0.159509
0.159403
0.159297
0.159191
0.159086
0.158980
0.158875
0.158769
0.158664
0.158559
0.158454
0.158349
0.158244
0.158139
0.158034
0.157929
0.157824
0.157719
0.157615
0.157510
0.157406
0.157301
0.157197
0.157093
0.156988
0.156884
0.156780
0.156676
0.156572
0.156468
0.156365
0.156261
0.156157
0.156054
0.155950
0.155847
0.155743
0.155640
0.155537
0.155434
0.155331
0.155228
0.155125
0.155022
0.154919
0.154816
0.154713
0.154611
0.154508
0.154406
0.154303
0.154201
0.154099
0.153997
0.153894
0.153792
0.153690
0.153588
0.153487
0.153385
0.153283
0.153181
0.153080
0.152978
0.152877
0.152775
0.152674
0.152573
0.152472
0.152371
0.152269
0.152169
0.152068
0.151967
0.151866
0.151765
0.151665
0.151564
0.151464
0.151363
0.151263
0.151162
0.151062
0.150962
0.150862
0.150762
0.150662
0.150562
0.150462
0.150362
0.150263
0.150163
0.150063
0.149964
0.149864
0.149765
0.149666
0.149566
0.149467
0.149368
0.149269
0.149170
0.149071
0.148972
0.148874
0.148775
0.148676
0.148578
0.148479
0.148381
0.148282
0.148184
0.148086
0.147988
0.147889
0.147791
0.147693
0.147595
0.147498
0.147400
0.147302
0.147204
0.147107
0.147009
0.146912
0.146814
0.146717
0.146620
0.146523
0.146425
0.146328
0.146231
0.146134
0.146038
0.145941
0.145844
0.145747
0.145651
0.145554
0.145458
0.145361
0.145265
0.145168
0.145072
0.144976
0.144880
0.144784
0.144688
0.144592
0.144496
0.144400
0.144305
0.144209
0.144113
0.144018
0.143922
0.143827
0.143732
0.143636
0.143541
0.143446
0.143351
0.143256
0.143161
0.143066
0.142971
0.142876
0.142782
0.142687
0.142592
0.142498
0.142403
0.142309
0.142215
0.142120
0.142026
0.141932
0.141838
0.141744
0.141650
0.141556
0.141462
0.141369
0.141275
0.141181
0.141088
0.140994
0.140901
0.140807
0.140714
0.140621
0.140527
0.140434
0.140341
0.140248
0.140155
0.140062
0.139970
0.139877
0.139784
0.139691
0.139599
0.139506
0.139414
0.139321
0.139229
0.139137
0.139045
0.138953
0.138860
0.138768
0.138676
0.138585
0.138493
0.138401
0.138309
0.138218
0.138126
0.138034
0.137943
0.137851
0.137760
0.137669
0.137578
0.137486
0.137395
0.137304
0.137213
0.137122
0.137031
0.136941
0.136850
0.136759
0.136669
0.136578
0.136488
0.136397
0.136307
0.136216
0.136126
0.136036
0.135946
0.135856
0.135766
0.135676
0.135586
0.135496
0.135406
0.135316
0.135227
0.135137
0.135048
0.134958
0.134869
0.134779
0.134690
0.134601
0.134512
0.134423
0.134333
0.134244
0.134156
0.134067
0.133978
0.133889
0.133800
0.133712
0.133623
0.133535
0.133446
0.133358
0.133269
0.133181
0.133093
0.133005
0.132917
0.132828
0.132740
0.132652
0.132565
0.132477
0.132389
0.132301
0.132214
0.132126
0.132039
0.131951
0.131864
0.131776
0.131689
0.131602
0.131515
0.131427
0.131340
0.131253
0.131166
0.131080
0.130993
0.130906
0.130819
0.130733
0.130646
0.130559
0.130473
0.130386
0.130300
0.130214
0.130128
0.130041
0.129955
0.129869
0.129783
0.129697
0.129611
0.129525
0.129440
0.129354
0.129268
0.129182
0.129097
0.129011
0.128926
0.128841
0.128755
0.128670
0.128585
0.128500
0.128414
0.128329
0.128244
0.128159
0.128075
0.127990
0.127905
0.127820
0.127736
0.127651
0.127566
0.127482
0.127397
0.127313
0.127229
0.127145
0.127060
0.126976
0.126892
0.126808
0.126724
0.126640
0.126556
0.126472
0.126389
0.126305
0.126221
0.126138
0.126054
0.125971
0.125887
0.125804
0.125721
0.125637
0.125554
0.125471
0.125388
0.125305
0.125222
0.125139
0.125056
0.124973
0.124890
0.124808
0.124725
0.124643
0.124560
0.124478
0.124395
0.124313
0.124230
0.124148
0.124066
0.123984
0.123902
0.123820
0.123738
0.123656
0.123574
0.123492
0.123410
0.123328
0.123247
0.123165
0.123084
0.123002
0.122921
0.122839
0.122758
0.122677
0.122595
0.122514
0.122433
0.122352
0.122271
0.122190
0.122109
0.122028
0.121948
0.121867
0.121786
0.121706
0.121625
0.121544
0.121464
0.121384
0.121303
0.121223
0.121143
0.121062
0.120982
0.120902
0.120822
0.120742
0.120662
0.120582
0.120502
0.120423
0.120343
0.120263
0.120184
0.120104
0.120025
0.119945
0.119866
0.119786
0.119707
0.119628
0.119549
0.119469
0.119390
0.119311
0.119232
0.119153
0.119075
0.118996
0.118917
0.118838
0.118760
0.118681
0.118602
0.118524
0.118445
0.118367
0.118289
0.118210
0.118132
0.118054
0.117976
0.117898
0.117820
0.117742
0.117664
0.117586
0.117508
0.117430
0.117352
0.117275
0.117197
0.117120
0.117042
0.116965
0.116887
0.116810
0.116733
0.116655
0.116578
0.116501
0.116424
0.116347
0.116270
0.116193
0.116116
0.116039
0.115962
0.115885
0.115809
0.115732
0.115655
0.115579
0.115502
0.115426
0.115350
0.115273
0.115197
0.115121
0.115045
0.114968
0.114892
0.114816
0.114740
0.114664
0.114588
0.114513
0.114437
0.114361
0.114285
0.114210
0.114134
0.114059
0.113983
0.113908
0.113832
0.113757
0.113682
0.113607
0.113531
0.113456
0.113381
0.113306
0.113231
0.113156
0.113081
0.113007
0.112932
0.112857
0.112782
0.112708
0.112633
0.112559
0.112484
0.112410
0.112335
0.112261
0.112187
0.112112
0.112038
0.111964
0.111890
0.111816
0.111742
0.111668
0.111594
0.111520
0.111447
0.111373
0.111299
0.111225
0.111152
0.111078
0.111005
0.110931
0.110858
0.110785
0.110711
0.110638
0.110565
0.110492
0.110419
0.110346
0.110273
0.110200
0.110127
0.110054
0.109981
0.109908
0.109836
0.109763
0.109690
0.109618
0.109545
0.109473
0.109400
0.109328
0.109256
0.109183
0.109111
0.109039
0.108967
0.108895
0.108823
0.108751
0.108679
0.108607
0.108535
0.108463
0.108391
0.108320
0.108248
0.108176
0.108105
0.108033
0.107962
0.107890
0.107819
0.107748
0.107677
0.107605
0.107534
0.107463
0.107392
0.107321
0.107250
0.107179
0.107108
0.107037
0.106966
0.106896
0.106825
0.106754
0.106684
0.106613
0.106543
0.106472
0.106402
0.106331
0.106261
0.106191
0.106120
0.106050
0.105980
0.105910
0.105840
0.105770
0.105700
0.105630
0.105560
0.105490
0.105421
0.105351
0.105281
0.105212
0.105142
0.105072
0.105003
0.104934
0.104864
0.104795
0.104725
0.104656
0.104587
0.104518
0.104449
0.104380
0.104311
0.104242
0.104173
0.104104
0.104035
0.103966
0.103897
0.103829
0.103760
0.103691
0.103623
0.103554
0.103486
0.103417
0.103349
0.103281
0.103212
0.103144
0.103076
0.103008
0.102940
0.102872
0.102803
0.102735
0.102668
0.102600
0.102532
0.102464
0.102396
0.102329
0.102261
0.102193
0.102126
0.102058
0.101991
0.101923
0.101856
0.101789
0.101721
0.101654
0.101587
0.101520
0.101452
0.101385
0.101318
0.101251
0.101184
0.101117
0.101051
0.100984
0.100917
0.100850
0.100784
0.100717
0.100650
0.100584
0.100517
0.100451
0.100384
0.100318
0.100252
0.100186
0.100119
0.100053
0.099987
0.099921
0.099855
0.099789
0.099723
0.099657
0.099591
0.099525
0.099459
0.099394
0.099328
0.099262
0.099197
0.099131
0.099065
0.099000
0.098935
0.098869
0.098804
0.098738
0.098673
0.098608
0.098543
0.098478
0.098412
0.098347
0.098282
0.098217
0.098153
0.098088
0.098023
0.097958
0.097893
0.097829
0.097764
0.097699
0.097635
0.097570
0.097506
0.097441
0.097377
0.097312
0.097248
0.097184
0.097120
0.097055
0.096991
0.096927
0.096863
0.096799
0.096735
0.096671
0.096607
0.096543
0.096480
0.096416
0.096352
0.096288
0.096225
0.096161
0.096098
0.096034
0.095971
0.095907
0.095844
0.095780
0.095717
0.095654
0.095591
0.095527
0.095464
0.095401
0.095338
0.095275
0.095212
0.095149
0.095086
0.095024
0.094961
0.094898
0.094835
0.094773
0.094710
0.094647
0.094585
0.094522
0.094460
0.094397
0.094335
0.094273
0.094210
0.094148
0.094086
0.094024
0.093962
0.093900
0.093837
0.093775
0.093713
0.093652
0.093590
0.093528
0.093466
0.093404
0.093343
0.093281
0.093219
0.093158
0.093096
0.093035
0.092973
0.092912
0.092850
0.092789
0.092728
0.092666
0.092605
0.092544
0.092483
0.092422
0.092361
0.092300
0.092239
0.092178
0.092117
0.092056
0.091995
0.091934
0.091873
0.091813
0.091752
0.091691
0.091631
0.091570
0.091510
0.091449
0.091389
0.091329
0.091268
0.091208
0.091148
0.091087
0.091027
0.090967
0.090907
0.090847
0.090787
0.090727
0.090667
0.090607
0.090547
0.090487
0.090428
0.090368
0.090308
0.090249
0.090189
0.090129
0.090070
0.090010
0.089951
0.089891
0.089832
0.089773
0.089713
0.089654
0.089595
0.089536
0.089477
0.089417
0.089358
0.089299
0.089240
0.089181
0.089123
0.089064
0.089005
0.088946
0.088887
0.088829
0.088770
0.088711
0.088653
0.088594
0.088536
0.088477
0.088419
0.088360
0.088302
0.088244
0.088185
0.088127
0.088069
0.088011
0.087953
0.087894
0.087836
0.087778
0.087720
0.087662
0.087605
0.087547
0.087489
0.087431
0.087373
0.087316
0.087258
0.087200
0.087143
0.087085
0.087028
0.086970
0.086913
0.086855
0.086798
0.086741
0.086683
0.086626
0.086569
0.086512
0.086455
0.086397
0.086340
0.086283
0.086226
0.086169
0.086113
0.086056
0.085999
0.085942
0.085885
0.085829
0.085772
0.085715
0.085659
0.085602
0.085546
0.085489
0.085433
0.085376
0.085320
0.085263
0.085207
0.085151
0.085095
0.085039
0.084982
0.084926
0.084870
0.084814
0.084758
0.084702
0.084646
0.084590
0.084534
0.084479
0.084423
0.084367
0.084311
0.084256
0.084200
0.084144
0.084089
0.084033
0.083978
0.083922
0.083867
0.083812
0.083756
0.083701
0.083646
0.083591
0.083535
0.083480
0.083425
0.083370
0.083315
0.083260
0.083205
0.083150
0.083095
0.083040
0.082985
0.082931
0.082876
0.082821
0.082767
0.082712
0.082657
0.082603
0.082548
0.082494
0.082439
0.082385
0.082330
0.082276
0.082222
0.082167
0.082113
0.082059
0.082005
0.081951
0.081897
0.081843
0.081788
0.081734
0.081681
0.081627
0.081573
0.081519
0.081465
0.081411
0.081358
0.081304
0.081250
0.081197
0.081143
0.081089
0.081036
0.080982
0.080929
0.080875
0.080822
0.080769
0.080715
0.080662
0.080609
0.080556
0.080503
0.080449
0.080396
0.080343
0.080290
0.080237
0.080184
0.080131
0.080078
0.080026
0.079973
0.079920
0.079867
0.079814
0.079762
0.079709
0.079657
0.079604
0.079551
0.079499
0.079446
0.079394
0.079342
0.079289
0.079237
0.079185
0.079132
0.079080
0.079028
0.078976
0.078924
0.078872
0.078820
0.078767
0.078716
0.078664
0.078612
0.078560
0.078508
0.078456
0.078404
0.078353
0.078301
0.078249
0.078198
0.078146
0.078094
0.078043
0.077991
0.077940
0.077888
0.077837
0.077786
0.077734
0.077683
0.077632
0.077581
0.077529
0.077478
0.077427
0.077376
0.077325
0.077274
0.077223
0.077172
0.077121
0.077070
0.077019
0.076968
0.076918
0.076867
0.076816
0.076766
0.076715
0.076664
0.076614
0.076563
0.076513
0.076462
0.076412
0.076361
0.076311
0.076260
0.076210
0.076160
0.076110
0.076059
0.076009
0.075959
0.075909
0.075859
0.075809
0.075759
0.075709
0.075659
0.075609
0.075559
0.075509
0.075459
0.075410
0.075360
0.075310
0.075260
0.075211
0.075161
0.075112
0.075062
0.075013
0.074963
0.074914
0.074864
0.074815
0.074765
0.074716
0.074667
0.074618
0.074568
0.074519
0.074470
0.074421
0.074372
0.074323
0.074274
0.074225
0.074176
0.074127
0.074078
0.074029
0.073980
0.073931
0.073883
0.073834
0.073785
0.073736
0.073688
0.073639
0.073591
0.073542
0.073494
0.073445
0.073397
0.073348
0.073300
0.073252
0.073203
0.073155
0.073107
0.073058
0.073010
0.072962
0.072914
0.072866
0.072818
0.072770
0.072722
0.072674
0.072626
0.072578
0.072530
0.072482
0.072434
0.072387
0.072339
0.072291
0.072244
0.072196
0.072148
0.072101
0.072053
0.072006
0.071958
0.071911
0.071863
0.071816
0.071768
0.071721
0.071674
0.071627
0.071579
0.071532
0.071485
0.071438
0.071391
0.071344
0.071297
0.071250
0.071203
0.071156
0.071109
0.071062
0.071015
0.070968
0.070921
0.070875
0.070828
0.070781
0.070734
0.070688
0.070641
0.070595
0.070548
0.070501
0.070455
0.070409
0.070362
0.070316
0.070269
0.070223
0.070177
0.070130
0.070084
0.070038
0.069992
0.069946
0.069900
0.069853
0.069807
0.069761
0.069715
0.069669
0.069623
0.069578
0.069532
0.069486
0.069440
0.069394
0.069348
0.069303
0.069257
0.069211
0.069166
0.069120
0.069075
0.069029
0.068983
0.068938
0.068893
0.068847
0.068802
0.068756
0.068711
0.068666
0.068620
0.068575
0.068530
0.068485
