62.833186
62.833186
56.246773
50.352918
45.078796
40.359244
36.135947
32.356724
28.974881
25.948633
23.240589
20.817289
18.648793
16.708309
14.971859
13.417991
12.027505
10.783223
9.669770
8.673389
7.781771
6.983900
6.269918
5.631005
5.059266
4.547638
4.089801
3.680099
3.313469
2.985384
2.691789
2.429059
2.193948
1.983552
1.795271
1.626782
1.476001
1.341068
1.220316
1.112254
1.015548
0.929003
0.851551
0.782236
0.720202
0.664683
0.614996
0.570526
0.530724
0.495101
0.463216
0.434677
0.409131
0.386264
0.365795
0.347470
0.331066
0.316379
0.303229
0.291455
0.280911
0.271469
0.263013
0.255439
0.248654
0.242575
0.237128
0.232247
0.227872
0.223950
0.220433
0.217278
0.214448
0.211909
0.209630
0.207583
0.205744
0.204091
0.202605
0.201268
0.200064
0.198980
0.198003
0.197122
0.196326
0.195606
0.194955
0.194366
0.193831
0.193345
0.192904
0.192501
0.192134
0.191798
0.191491
0.191209
0.190949
0.190710
0.190488
0.190283
0.190093
0.189915
0.189749
0.189593
0.189447
0.189308
0.189178
0.189054
0.188936
0.188823
0.188715
0.188612
0.188512
0.188416
0.188322
0.188232
0.188144
0.188058
0.187974
0.187892
0.187812
0.187733
0.187655
0.187578
0.187503
0.187428
0.187354
0.187281
0.187209
0.187137
0.187066
0.186995
0.186924
0.186855
0.186785
0.186716
0.186647
0.186578
0.186509
0.186441
0.186373
0.186305
0.186237
0.186170
0.186102
0.186035
0.185968
0.185901
0.185834
0.185767
0.185700
0.185633
0.185566
0.185499
0.185433
0.185366
0.185300
0.185233
0.185167
0.185101
0.185034
0.184968
0.184902
0.184836
0.184769
0.184703
0.184637
0.184571
0.184505
0.184439
0.184373
0.184307
0.184241
0.184175
0.184109
0.184044
0.183978
0.183912
0.183846
0.183781
0.183715
0.183649
0.183583
0.183518
0.183452
0.183387
0.183321
0.183256
0.183190
0.183125
0.183059
0.182994
0.182928
0.182863
0.182798
0.182732
0.182667
0.182602
0.182536
0.182471
0.182406
0.182341
0.182276
0.182210
0.182145
0.182080
0.182015
0.181950
0.181885
0.181820
0.181755
0.181690
0.181625
0.181560
0.181495
0.181430
0.181366
0.181301
0.181236
0.181171
0.181107
0.181042
0.180977
0.180912
0.180848
0.180783
0.180719
0.180654
0.180589
0.180525
0.180460
0.180396
0.180331
0.180267
0.180203
0.180138
0.180074
0.180009
0.179945
0.179881
0.179816
0.179752
0.179688
0.179624
0.179560
0.179495
0.179431
0.179367
0.179303
0.179239
0.179175
0.179111
0.179047
0.178983
0.178919
0.178855
0.178791
0.178727
0.178663
0.178600
0.178536
0.178472
0.178408
0.178344
0.178281
0.178217
0.178153
0.178090
0.178026
0.177962
0.177899
0.177835
0.177772
0.177708
0.177645
0.177581
0.177518
0.177454
0.177391
0.177327
0.177264
0.177201
0.177137
0.177074
0.177011
0.176948
0.176884
0.176821
0.176758
0.176695
0.176632
0.176569
0.176506
0.176443
0.176379
0.176316
0.176253
0.176190
0.176128
0.176065
0.176002
0.175939
0.175876
0.175813
0.175750
0.175688
0.175625
0.175562
0.175499
0.175437
0.175374
0.175311
0.175249
0.175186
0.175123
0.175061
0.174998
0.174936
0.174873
0.174811
0.174748
0.174686
0.174623
0.174561
0.174499
0.174436
0.174374
0.174312
0.174249
0.174187
0.174125
0.174063
0.174001
0.173938
0.173876
0.173814
0.173752
0.173690
0.173628
0.173566
0.173504
0.173442
0.173380
0.173318
0.173256
0.173194
0.173132
0.173071
0.173009
0.172947
0.172885
0.172823
0.172762
0.172700
0.172638
0.172577
0.172515
0.172453
0.172392
0.172330
0.172269
0.172207
0.172145
0.172084
0.172023
0.171961
0.171900
0.171838
0.171777
0.171715
0.171654
0.171593
0.171532
0.171470
0.171409
0.171348
0.171287
0.171225
0.171164
0.171103
0.171042
0.170981
0.170920
0.170859
0.170798
0.170737
0.170676
0.170615
0.170554
0.170493
0.170432
0.170371
0.170310
0.170249
0.170189
0.170128
0.170067
0.170006
0.169946
0.169885
0.169824
0.169764
0.169703
0.169642
0.169582
0.169521
0.169461
0.169400
0.169340
0.169279
0.169219
0.169158
0.169098
0.169037
0.168977
0.168917
0.168856
0.168796
0.168736
0.168675
0.168615
0.168555
0.168495
0.168435
0.168374
0.168314
0.168254
0.168194
0.168134
0.168074
0.168014
0.167954
0.167894
0.167834
0.167774
0.167714
0.167654
0.167594
0.167535
0.167475
0.167415
0.167355
0.167295
0.167236
0.167176
0.167116
0.167056
0.166997
0.166937
0.166878
0.166818
0.166758
0.166699
0.166639
0.166580
0.166520
0.166461
0.166401
0.166342
0.166283
0.166223
0.166164
0.166104
0.166045
0.165986
0.165927
0.165867
0.165808
0.165749
0.165690
0.165631
0.165571
0.165512
0.165453
0.165394
0.165335
0.165276
0.165217
0.165158
0.165099
0.165040
0.164981
0.164922
0.164863
0.164804
0.164746
0.164687
0.164628
0.164569
0.164510
0.164452
0.164393
0.164334
0.164276
0.164217
0.164158
0.164100
0.164041
0.163982
0.163924
0.163865
0.163807
0.163748
0.163690
0.163631
0.163573
0.163515
0.163456
0.163398
0.163340
0.163281
0.163223
0.163165
0.163106
0.163048
0.162990
0.162932
0.162874
0.162815
0.162757
0.162699
0.162641
0.162583
0.162525
0.162467
0.162409
0.162351
0.162293
0.162235
0.162177
0.162119
0.162061
0.162003
0.161946
0.161888
0.161830
0.161772
0.161714
0.161657
0.161599
0.161541
0.161484
0.161426
0.161368
0.161311
0.161253
0.161196
0.161138
0.161080
0.161023
0.160965
0.160908
0.160851
0.160793
0.160736
0.160678
0.160621
0.160564
0.160506
0.160449
0.160392
0.160334
0.160277
0.160220
0.160163
0.160106
0.160048
0.159991
0.159934
0.159877
0.159820
0.159763
0.159706
0.159649
0.159592
0.159535
0.159478
0.159421
0.159364
0.159307
0.159250
0.159194
0.159137
0.159080
0.159023
0.158966
0.158910
0.158853
0.158796
0.158740
0.158683
0.158626
0.158570
0.158513
0.158456
0.158400
0.158343
0.158287
0.158230
0.158174
0.158117
0.158061
0.158004
0.157948
0.157892
0.157835
0.157779
0.157723
0.157666
0.157610
0.157554
0.157498
0.157441
0.157385
0.157329
0.157273
0.157217
0.157161
0.157105
0.157048
0.156992
0.156936
0.156880
0.156824
0.156768
0.156712
0.156656
0.156601
0.156545
0.156489
0.156433
0.156377
0.156321
0.156265
0.156210
0.156154
0.156098
0.156042
0.155987
0.155931
0.155875
0.155820
0.155764
0.155709
0.155653
0.155597
0.155542
0.155486
0.155431
0.155375
0.155320
0.155265
0.155209
0.155154
0.155098
0.155043
0.154988
0.154932
0.154877
0.154822
0.154767
0.154711
0.154656
0.154601
0.154546
0.154491
0.154435
0.154380
0.154325
0.154270
0.154215
0.154160
0.154105
0.154050
0.153995
0.153940
0.153885
0.153830
0.153775
0.153721
0.153666
0.153611
0.153556
0.153501
0.153446
0.153392
0.153337
0.153282
0.153228
0.153173
0.153118
0.153064
0.153009
0.152954
0.152900
0.152845
0.152791
0.152736
0.152682
0.152627
0.152573
0.152518
0.152464
0.152409
0.152355
0.152301
0.152246
0.152192
0.152138
0.152083
0.152029
0.151975
0.151921
0.151866
0.151812
0.151758
0.151704
0.151650
0.151596
0.151542
0.151487
0.151433
0.151379
0.151325
0.151271
0.151217
0.151163
0.151109
0.151056
0.151002
0.150948
0.150894
0.150840
0.150786
0.150732
0.150679
0.150625
0.150571
0.150517
0.150464
0.150410
0.150356
0.150303
0.150249
0.150195
0.150142
0.150088
0.150035
0.149981
0.149928
0.149874
0.149821
0.149767
0.149714
0.149660
0.149607
0.149554
0.149500
0.149447
0.149394
0.149340
0.149287
0.149234
0.149181
0.149127
0.149074
0.149021
0.148968
0.148915
0.148862
0.148808
0.148755
0.148702
0.148649
0.148596
0.148543
0.148490
0.148437
0.148384
0.148331
0.148278
0.148225
0.148173
0.148120
0.148067
0.148014
0.147961
0.147908
0.147856
0.147803
0.147750
0.147698
0.147645
0.147592
0.147539
0.147487
0.147434
0.147382
0.147329
0.147277
0.147224
0.147171
0.147119
0.147066
0.147014
0.146962
0.146909
0.146857
0.146804
0.146752
0.146700
0.146647
0.146595
0.146543
0.146490
0.146438
0.146386
0.146334
0.146281
0.146229
0.146177
0.146125
0.146073
0.146021
0.145969
0.145917
0.145865
0.145813
0.145761
0.145709
0.145657
0.145605
0.145553
0.145501
0.145449
0.145397
0.145345
0.145293
0.145241
0.145190
0.145138
0.145086
0.145034
0.144983
0.144931
0.144879
0.144827
0.144776
0.144724
0.144673
0.144621
0.144569
0.144518
0.144466
0.144415
0.144363
0.144312
0.144260
0.144209
0.144157
0.144106
0.144055
0.144003
0.143952
0.143900
0.143849
0.143798
0.143747
0.143695
0.143644
0.143593
0.143542
0.143490
0.143439
0.143388
0.143337
0.143286
0.143235
0.143184
0.143133
0.143082
0.143030
0.142979
0.142928
0.142878
0.142827
0.142776
0.142725
0.142674
0.142623
0.142572
0.142521
0.142470
0.142420
0.142369
0.142318
0.142267
0.142216
0.142166
0.142115
0.142064
0.142014
0.141963
0.141912
0.141862
0.141811
0.141761
0.141710
0.141660
0.141609
0.141559
0.141508
0.141458
0.141407
0.141357
0.141306
0.141256
0.141206
0.141155
0.141105
0.141055
0.141004
0.140954
0.140904
0.140853
0.140803
0.140753
0.140703
0.140653
0.140603
0.140552
0.140502
0.140452
0.140402
0.140352
0.140302
0.140252
0.140202
0.140152
0.140102
0.140052
0.140002
0.139952
0.139902
0.139852
0.139802
0.139753
0.139703
0.139653
0.139603
0.139553
0.139504
0.139454
0.139404
0.139354
0.139305
0.139255
0.139205
0.139156
0.139106
0.139057
0.139007
0.138957
0.138908
0.138858
0.138809
0.138759
0.138710
0.138660
0.138611
0.138562
0.138512
0.138463
0.138413
0.138364
0.138315
0.138265
0.138216
0.138167
0.138118
0.138068
0.138019
0.137970
0.137921
0.137872
0.137822
0.137773
0.137724
0.137675
0.137626
0.137577
0.137528
0.137479
0.137430
0.137381
0.137332
0.137283
0.137234
0.137185
0.137136
0.137087
0.137038
0.136989
0.136941
0.136892
0.136843
0.136794
0.136745
0.136697
0.136648
0.136599
0.136550
0.136502
0.136453
0.136405
0.136356
0.136307
0.136259
0.136210
0.136162
0.136113
0.136064
0.136016
0.135967
0.135919
0.135871
0.135822
0.135774
0.135725
0.135677
0.135629
0.135580
0.135532
0.135484
0.135435
0.135387
0.135339
0.135290
0.135242
0.135194
0.135146
0.135098
0.135050
0.135001
0.134953
0.134905
0.134857
0.134809
0.134761
0.134713
0.134665
0.134617
0.134569
0.134521
0.134473
0.134425
0.134377
0.134329
0.134281
0.134233
0.134186
0.134138
0.134090
0.134042
0.133994
0.133947
0.133899
0.133851
0.133803
0.133756
0.133708
0.133660
0.133613
0.133565
0.133518
0.133470
0.133422
0.133375
0.133327
0.133280
0.133232
0.133185
0.133137
0.133090
0.133042
0.132995
0.132948
0.132900
0.132853
0.132805
0.132758
0.132711
0.132664
0.132616
0.132569
0.132522
0.132474
0.132427
0.132380
0.132333
0.132286
0.132239
0.132191
0.132144
0.132097
0.132050
0.132003
0.131956
0.131909
0.131862
0.131815
0.131768
0.131721
0.131674
0.131627
0.131580
0.131533
0.131487
0.131440
0.131393
0.131346
0.131299
0.131252
0.131206
0.131159
0.131112
0.131065
0.131019
0.130972
0.130925
0.130879
0.130832
0.130785
0.130739
0.130692
0.130646
0.130599
0.130553
0.130506
0.130459
0.130413
0.130367
0.130320
0.130274
0.130227
0.130181
0.130134
0.130088
0.130042
0.129995
0.129949
0.129903
0.129856
0.129810
0.129764
0.129718
0.129671
0.129625
0.129579
0.129533
0.129487
0.129441
0.129394
0.129348
0.129302
0.129256
0.129210
0.129164
0.129118
0.129072
0.129026
0.128980
0.128934
0.128888
0.128842
0.128796
0.128750
0.128705
0.128659
0.128613
0.128567
0.128521
0.128475
0.128430
0.128384
0.128338
0.128292
0.128247
0.128201
0.128155
0.128110
0.128064
0.128018
0.127973
0.127927
0.127882
0.127836
0.127790
0.127745
0.127699
0.127654
0.127608
0.127563
0.127517
0.127472
0.127427
0.127381
0.127336
0.127290
0.127245
0.127200
0.127154
0.127109
0.127064
0.127019
0.126973
0.126928
0.126883
0.126838
0.126793
0.126747
0.126702
0.126657
0.126612
0.126567
0.126522
0.126477
0.126432
0.126387
0.126342
0.126296
0.126251
0.126207
0.126162
0.126117
0.126072
0.126027
0.125982
0.125937
0.125892
0.125847
0.125802
0.125758
0.125713
0.125668
0.125623
0.125579
0.125534
0.125489
0.125444
0.125400
0.125355
0.125310
0.125266
0.125221
0.125176
0.125132
0.125087
0.125043
0.124998
0.124954
0.124909
0.124865
0.124820
0.124776
0.124731
0.124687
0.124642
0.124598
0.124554
0.124509
0.124465
0.124421
0.124376
0.124332
0.124288
0.124243
0.124199
0.124155
0.124111
0.124066
0.124022
0.123978
0.123934
0.123890
0.123846
0.123802
0.123757
0.123713
0.123669
0.123625
0.123581
0.123537
0.123493
0.123449
0.123405
0.123361
0.123317
0.123273
0.123229
0.123186
0.123142
0.123098
0.123054
0.123010
0.122966
0.122923
0.122879
0.122835
0.122791
0.122748
0.122704
0.122660
0.122616
0.122573
0.122529
0.122485
0.122442
0.122398
0.122355
0.122311
0.122267
0.122224
0.122180
0.122137
0.122093
0.122050
0.122006
0.121963
0.121920
0.121876
0.121833
0.121789
0.121746
0.121703
0.121659
0.121616
0.121573
0.121529
0.121486
0.121443
0.121399
0.121356
0.121313
0.121270
0.121227
0.121183
0.121140
0.121097
0.121054
0.121011
0.120968
0.120925
0.120882
0.120839
0.120796
0.120753
0.120710
0.120667
0.120624
0.120581
0.120538
0.120495
0.120452
0.120409
0.120366
0.120323
0.120280
0.120238
0.120195
0.120152
0.120109
0.120066
0.120024
0.119981
0.119938
0.119895
0.119853
0.119810
0.119767
0.119725
0.119682
0.119640
0.119597
0.119554
0.119512
0.119469
0.119427
0.119384
0.119342
0.119299
0.119257
0.119214
0.119172
0.119129
0.119087
0.119044
0.119002
0.118960
0.118917
0.118875
0.118833
0.118790
0.118748
0.118706
0.118663
0.118621
0.118579
0.118537
0.118495
0.118452
0.118410
0.118368
0.118326
0.118284
0.118242
0.118200
0.118157
0.118115
0.118073
0.118031
0.117989
0.117947
0.117905
0.117863
0.117821
0.117779
0.117737
0.117696
0.117654
0.117612
0.117570
0.117528
0.117486
0.117444
0.117402
0.117361
0.117319
0.117277
0.117235
0.117194
0.117152
0.117110
0.117069
0.117027
0.116985
0.116944
0.116902
0.116860
0.116819
0.116777
0.116735
0.116694
0.116652
0.116611
0.116569
0.116528
0.116486
0.116445
0.116403
0.116362
0.116321
0.116279
0.116238
0.116196
0.116155
0.116114
0.116072
0.116031
0.115990
0.115948
0.115907
0.115866
0.115825
0.115783
0.115742
0.115701
0.115660
0.115619
0.115577
0.115536
0.115495
0.115454
0.115413
0.115372
0.115331
0.115290
0.115249
0.115208
0.115167
0.115126
0.115085
0.115044
0.115003
0.114962
0.114921
0.114880
0.114839
0.114798
0.114757
