62.910779
62.910779
51.527762
42.209605
34.581741
28.337552
23.226039
19.041735
15.616444
12.812482
10.517140
8.638153
7.099996
5.840841
4.810078
3.966277
3.275522
2.710051
2.247138
1.868178
1.557943
1.303966
1.096042
0.925816
0.786450
0.672347
0.578923
0.502428
0.439790
0.388497
0.346489
0.312083
0.283899
0.260809
0.241890
0.226383
0.213672
0.203247
0.194695
0.187676
0.181911
0.177174
0.173277
0.170069
0.167425
0.165242
0.163436
0.161939
0.160696
0.159660
0.158793
0.158065
0.157451
0.156930
0.156485
0.156102
0.155771
0.155481
0.155226
0.154999
0.154794
0.154609
0.154439
0.154281
0.154134
0.153995
0.153864
0.153738
0.153617
0.153499
0.153385
0.153273
0.153164
0.153056
0.152950
0.152845
0.152740
0.152637
0.152535
0.152433
0.152331
0.152230
0.152129
0.152029
0.151929
0.151829
0.151729
0.151629
0.151530
0.151430
0.151331
0.151232
0.151133
0.151034
0.150935
0.150836
0.150738
0.150639
0.150541
0.150442
0.150344
0.150246
0.150147
0.150049
0.149951
0.149853
0.149755
0.149657
0.149560
0.149462
0.149364
0.149266
0.149169
0.149071
0.148974
0.148877
0.148779
0.148682
0.148585
0.148488
0.148391
0.148294
0.148197
0.148100
0.148003
0.147907
0.147810
0.147713
0.147617
0.147520
0.147424
0.147328
0.147232
0.147135
0.147039
0.146943
0.146847
0.146751
0.146655
0.146559
0.146464
0.146368
0.146272
0.146177
0.146081
0.145986
0.145890
0.145795
0.145700
0.145605
0.145510
0.145415
0.145320
0.145225
0.145130
0.145035
0.144940
0.144846
0.144751
0.144656
0.144562
0.144467
0.144373
0.144279
0.144184
0.144090
0.143996
0.143902
0.143808
0.143714
0.143620
0.143526
0.143433
0.143339
0.143245
0.143152
0.143058
0.142965
0.142871
0.142778
0.142685
0.142592
0.142499
0.142406
0.142313
0.142220
0.142127
0.142034
0.141941
0.141848
0.141756
0.141663
0.141571
0.141478
0.141386
0.141293
0.141201
0.141109
0.141017
0.140925
0.140833
0.140741
0.140649
0.140557
0.140465
0.140373
0.140282
0.140190
0.140099
0.140007
0.139916
0.139824
0.139733
0.139642
0.139551
0.139459
0.139368
0.139277
0.139186
0.139096
0.139005
0.138914
0.138823
0.138733
0.138642
0.138552
0.138461
0.138371
0.138280
0.138190
0.138100
0.138010
0.137920
0.137829
0.137739
0.137650
0.137560
0.137470
0.137380
0.137290
0.137201
0.137111
0.137022
0.136932
0.136843
0.136754
0.136664
0.136575
0.136486
0.136397
0.136308
0.136219
0.136130
0.136041
0.135952
0.135863
0.135775
0.135686
0.135598
0.135509
0.135421
0.135332
0.135244
0.135156
0.135067
0.134979
0.134891
0.134803
0.134715
0.134627
0.134539
0.134451
0.134364
0.134276
0.134188
0.134101
0.134013
0.133926
0.133838
0.133751
0.133664
0.133576
0.133489
0.133402
0.133315
0.133228
0.133141
0.133054
0.132967
0.132881
0.132794
0.132707
0.132621
0.132534
0.132448
0.132361
0.132275
0.132188
0.132102
0.132016
0.131930
0.131844
0.131758
0.131672
0.131586
0.131500
0.131414
0.131328
0.131243
0.131157
0.131071
0.130986
0.130900
0.130815
0.130730
0.130644
0.130559
0.130474
0.130389
0.130304
0.130219
0.130134
0.130049
0.129964
0.129879
0.129794
0.129710
0.129625
0.129541
0.129456
0.129372
0.129287
0.129203
0.129119
0.129034
0.128950
0.128866
0.128782
0.128698
0.128614
0.128530
0.128446
0.128362
0.128279
0.128195
0.128111
0.128028
0.127944
0.127861
0.127777
0.127694
0.127611
0.127528
0.127444
0.127361
0.127278
0.127195
0.127112
0.127029
0.126946
0.126864
0.126781
0.126698
0.126615
0.126533
0.126450
0.126368
0.126285
0.126203
0.126121
0.126039
0.125956
0.125874
0.125792
0.125710
0.125628
0.125546
0.125464
0.125382
0.125301
0.125219
0.125137
0.125056
0.124974
0.124893
0.124811
0.124730
0.124648
0.124567
0.124486
0.124405
0.124324
0.124242
0.124161
0.124081
0.124000
0.123919
0.123838
0.123757
0.123676
0.123596
0.123515
0.123435
0.123354
0.123274
0.123193
0.123113
0.123033
0.122953
0.122872
0.122792
0.122712
0.122632
0.122552
0.122472
0.122392
0.122313
0.122233
0.122153
0.122074
0.121994
0.121914
0.121835
0.121756
0.121676
0.121597
0.121518
0.121438
0.121359
0.121280
0.121201
0.121122
0.121043
0.120964
0.120885
0.120806
0.120728
0.120649
0.120570
0.120492
0.120413
0.120335
0.120256
0.120178
0.120100
0.120021
0.119943
0.119865
0.119787
0.119709
0.119631
0.119553
0.119475
0.119397
0.119319
0.119241
0.119163
0.119086
0.119008
0.118931
0.118853
0.118776
0.118698
0.118621
0.118544
0.118466
0.118389
0.118312
0.118235
0.118158
0.118081
0.118004
0.117927
0.117850
0.117773
0.117696
0.117620
0.117543
0.117467
0.117390
0.117313
0.117237
0.117161
0.117084
0.117008
0.116932
0.116856
0.116779
0.116703
0.116627
0.116551
0.116475
0.116399
0.116324
0.116248
0.116172
0.116096
0.116021
0.115945
0.115869
0.115794
0.115719
0.115643
0.115568
0.115492
0.115417
0.115342
0.115267
0.115192
0.115117
0.115042
0.114967
0.114892
0.114817
0.114742
0.114667
0.114593
0.114518
0.114443
0.114369
0.114294
0.114220
0.114146
0.114071
0.113997
0.113923
0.113848
0.113774
0.113700
0.113626
0.113552
0.113478
0.113404
0.113330
0.113256
0.113183
0.113109
0.113035
0.112962
0.112888
0.112814
0.112741
0.112668
0.112594
0.112521
0.112448
0.112374
0.112301
0.112228
0.112155
0.112082
0.112009
0.111936
0.111863
0.111790
0.111717
0.111645
0.111572
0.111499
0.111427
0.111354
0.111281
0.111209
0.111137
0.111064
0.110992
0.110920
0.110847
0.110775
0.110703
0.110631
0.110559
0.110487
0.110415
0.110343
0.110271
0.110199
0.110128
0.110056
0.109984
0.109913
0.109841
0.109769
0.109698
0.109626
0.109555
0.109484
0.109412
0.109341
0.109270
0.109199
0.109128
0.109057
0.108986
0.108915
0.108844
0.108773
0.108702
0.108631
0.108561
0.108490
0.108419
0.108349
0.108278
0.108208
0.108137
0.108067
0.107996
0.107926
0.107856
0.107786
0.107716
0.107645
0.107575
0.107505
0.107435
0.107365
0.107295
0.107226
0.107156
0.107086
0.107016
0.106947
0.106877
0.106807
0.106738
0.106668
0.106599
0.106530
0.106460
0.106391
0.106322
0.106252
0.106183
0.106114
0.106045
0.105976
0.105907
0.105838
0.105769
0.105700
0.105632
0.105563
0.105494
0.105426
0.105357
0.105288
0.105220
0.105151
0.105083
0.105014
0.104946
0.104878
0.104810
0.104741
0.104673
0.104605
0.104537
0.104469
0.104401
0.104333
0.104265
0.104197
0.104129
0.104062
0.103994
0.103926
0.103859
0.103791
0.103724
0.103656
0.103589
0.103521
0.103454
0.103386
0.103319
0.103252
0.103185
0.103118
0.103051
0.102983
0.102916
0.102850
0.102783
0.102716
0.102649
0.102582
0.102515
0.102449
0.102382
0.102315
0.102249
0.102182
0.102116
0.102049
0.101983
0.101917
0.101850
0.101784
0.101718
0.101652
0.101585
0.101519
0.101453
0.101387
0.101321
0.101255
0.101190
0.101124
0.101058
0.100992
0.100927
0.100861
0.100795
0.100730
0.100664
0.100599
0.100533
0.100468
0.100402
0.100337
0.100272
0.100207
0.100141
0.100076
0.100011
0.099946
0.099881
0.099816
0.099751
0.099686
0.099622
0.099557
0.099492
0.099427
0.099363
0.099298
0.099233
0.099169
0.099104
0.099040
0.098975
0.098911
0.098847
0.098782
0.098718
0.098654
0.098590
0.098526
0.098462
0.098398
0.098334
0.098270
0.098206
0.098142
0.098078
0.098014
0.097951
0.097887
0.097823
0.097760
0.097696
0.097632
0.097569
0.097506
0.097442
0.097379
0.097315
0.097252
0.097189
0.097126
0.097063
0.096999
0.096936
0.096873
0.096810
0.096747
0.096684
0.096622
0.096559
0.096496
0.096433
0.096371
0.096308
0.096245
0.096183
0.096120
0.096058
0.095995
0.095933
0.095870
0.095808
0.095746
0.095684
0.095621
0.095559
0.095497
0.095435
0.095373
0.095311
0.095249
0.095187
0.095125
0.095063
0.095002
0.094940
0.094878
0.094816
0.094755
0.094693
0.094632
0.094570
0.094509
0.094447
0.094386
0.094324
0.094263
0.094202
0.094141
0.094079
0.094018
0.093957
0.093896
0.093835
0.093774
0.093713
0.093652
0.093591
0.093530
0.093470
0.093409
0.093348
0.093288
0.093227
0.093166
0.093106
0.093045
0.092985
0.092924
0.092864
0.092804
0.092743
0.092683
0.092623
0.092563
0.092502
0.092442
0.092382
0.092322
0.092262
0.092202
0.092142
0.092082
0.092023
0.091963
0.091903
0.091843
0.091784
0.091724
0.091664
0.091605
0.091545
0.091486
0.091426
0.091367
0.091308
0.091248
0.091189
0.091130
0.091070
0.091011
0.090952
0.090893
0.090834
0.090775
0.090716
0.090657
0.090598
0.090539
0.090480
0.090422
0.090363
0.090304
0.090246
0.090187
0.090128
0.090070
0.090011
0.089953
0.089894
0.089836
0.089778
0.089719
0.089661
0.089603
0.089544
0.089486
0.089428
0.089370
0.089312
0.089254
0.089196
0.089138
0.089080
0.089022
0.088964
0.088907
0.088849
0.088791
0.088733
0.088676
0.088618
0.088561
0.088503
0.088446
0.088388
0.088331
0.088273
0.088216
0.088159
0.088102
0.088044
0.087987
0.087930
0.087873
0.087816
0.087759
0.087702
0.087645
0.087588
0.087531
0.087474
0.087417
0.087361
0.087304
0.087247
0.087190
0.087134
0.087077
0.087021
0.086964
0.086908
0.086851
0.086795
0.086738
0.086682
0.086626
0.086570
0.086513
0.086457
0.086401
0.086345
0.086289
0.086233
0.086177
0.086121
0.086065
0.086009
0.085953
0.085897
0.085842
0.085786
0.085730
0.085675
0.085619
0.085563
0.085508
0.085452
0.085397
0.085341
0.085286
0.085231
0.085175
0.085120
0.085065
0.085009
0.084954
0.084899
0.084844
0.084789
0.084734
0.084679
0.084624
0.084569
0.084514
0.084459
0.084404
0.084349
0.084295
0.084240
0.084185
0.084131
0.084076
0.084021
0.083967
0.083912
0.083858
0.083803
0.083749
0.083695
0.083640
0.083586
0.083532
0.083478
0.083423
0.083369
0.083315
0.083261
0.083207
0.083153
0.083099
0.083045
0.082991
0.082937
0.082883
0.082830
0.082776
0.082722
0.082668
0.082615
0.082561
0.082508
0.082454
0.082401
0.082347
0.082294
0.082240
0.082187
0.082134
0.082080
0.082027
0.081974
0.081921
0.081867
0.081814
0.081761
0.081708
0.081655
0.081602
0.081549
0.081496
0.081443
0.081390
0.081338
0.081285
0.081232
0.081179
0.081127
0.081074
0.081021
0.080969
0.080916
0.080864
0.080811
0.080759
0.080706
0.080654
0.080602
0.080549
0.080497
0.080445
0.080393
0.080341
0.080289
0.080236
0.080184
0.080132
0.080080
0.080028
0.079976
0.079925
0.079873
0.079821
0.079769
0.079717
0.079666
0.079614
0.079562
0.079511
0.079459
0.079408
0.079356
0.079305
0.079253
0.079202
0.079150
0.079099
0.079048
0.078996
0.078945
0.078894
0.078843
0.078792
0.078740
0.078689
0.078638
0.078587
0.078536
0.078485
0.078435
0.078384
0.078333
0.078282
0.078231
0.078180
0.078130
0.078079
0.078028
0.077978
0.077927
0.077877
0.077826
0.077776
0.077725
0.077675
0.077624
0.077574
0.077524
0.077474
0.077423
0.077373
0.077323
0.077273
0.077223
0.077173
0.077122
0.077072
0.077022
0.076973
0.076923
0.076873
0.076823
0.076773
0.076723
0.076674
0.076624
0.076574
0.076524
0.076475
0.076425
0.076376
0.076326
0.076277
0.076227
0.076178
0.076128
0.076079
0.076030
0.075980
0.075931
0.075882
0.075833
0.075783
0.075734
0.075685
0.075636
0.075587
0.075538
0.075489
0.075440
0.075391
0.075342
0.075294
0.075245
0.075196
0.075147
0.075098
0.075050
0.075001
0.074953
0.074904
0.074855
0.074807
0.074758
0.074710
0.074661
0.074613
0.074565
0.074516
0.074468
0.074420
0.074371
0.074323
0.074275
0.074227
0.074179
0.074131
0.074083
0.074035
0.073987
0.073939
0.073891
0.073843
0.073795
0.073747
0.073699
0.073652
0.073604
0.073556
0.073508
0.073461
0.073413
0.073366
0.073318
0.073271
0.073223
0.073176
0.073128
0.073081
0.073033
0.072986
0.072939
0.072892
0.072844
0.072797
0.072750
0.072703
0.072656
0.072609
0.072561
0.072514
0.072467
0.072420
0.072374
0.072327
0.072280
0.072233
0.072186
0.072139
0.072093
0.072046
0.071999
0.071953
0.071906
0.071859
0.071813
0.071766
0.071720
0.071673
0.071627
0.071580
0.071534
0.071488
0.071441
0.071395
0.071349
0.071303
0.071256
0.071210
0.071164
0.071118
0.071072
0.071026
0.070980
0.070934
0.070888
0.070842
0.070796
0.070750
0.070704
0.070658
0.070613
0.070567
0.070521
0.070476
0.070430
0.070384
0.070339
0.070293
0.070248
0.070202
0.070157
0.070111
0.070066
0.070020
0.069975
0.069930
0.069884
0.069839
0.069794
0.069749
0.069703
0.069658
0.069613
0.069568
0.069523
0.069478
0.069433
0.069388
0.069343
0.069298
0.069253
0.069208
0.069164
0.069119
0.069074
0.069029
0.068985
0.068940
0.068895
0.068851
0.068806
0.068761
0.068717
0.068672
0.068628
0.068583
0.068539
0.068495
0.068450
0.068406
0.068362
0.068317
0.068273
0.068229
0.068185
0.068141
0.068096
0.068052
0.068008
0.067964
0.067920
0.067876
0.067832
0.067788
0.067744
0.067701
0.067657
0.067613
0.067569
0.067525
0.067482
0.067438
0.067394
0.067351
0.067307
0.067263
0.067220
0.067176
0.067133
0.067089
0.067046
0.067003
0.066959
0.066916
0.066872
0.066829
0.066786
0.066743
0.066699
0.066656
0.066613
0.066570
0.066527
0.066484
0.066441
0.066398
0.066355
0.066312
0.066269
0.066226
0.066183
0.066140
0.066097
0.066055
0.066012
0.065969
0.065926
0.065884
0.065841
0.065799
0.065756
0.065713
0.065671
0.065628
0.065586
0.065543
0.065501
0.065459
0.065416
0.065374
0.065332
0.065289
0.065247
0.065205
0.065163
0.065120
0.065078
0.065036
0.064994
0.064952
0.064910
0.064868
0.064826
0.064784
0.064742
0.064700
0.064658
0.064616
0.064575
0.064533
0.064491
0.064449
0.064408
0.064366
0.064324
0.064283
0.064241
0.064199
0.064158
0.064116
0.064075
0.064033
0.063992
0.063950
0.063909
0.063868
0.063826
0.063785
0.063744
0.063703
0.063661
0.063620
0.063579
0.063538
0.063497
0.063456
0.063415
0.063374
0.063333
0.063292
0.063251
0.063210
0.063169
0.063128
0.063087
0.063046
0.063005
0.062965
0.062924
0.062883
0.062843
0.062802
0.062761
0.062721
0.062680
0.062640
0.062599
0.062558
0.062518
0.062478
0.062437
0.062397
0.062356
0.062316
0.062276
0.062235
0.062195
0.062155
0.062115
0.062075
0.062034
0.061994
0.061954
0.061914
0.061874
0.061834
0.061794
0.061754
0.061714
0.061674
0.061634
0.061594
0.061555
0.061515
0.061475
0.061435
0.061395
0.061356
0.061316
0.061276
0.061237
0.061197
0.061158
0.061118
0.061078
0.061039
0.060999
0.060960
0.060921
0.060881
0.060842
0.060802
0.060763
0.060724
0.060685
0.060645
0.060606
0.060567
0.060528
