62.275811
62.275811
55.798746
49.997897
44.802664
40.149819
35.982735
32.250698
28.908288
25.914825
23.233880
20.832825
18.682437
16.756547
15.031717
13.486955
12.103462
10.864401
9.754692
8.760831
7.870724
7.073537
6.359570
5.720135
5.147449
4.634545
4.175181
3.763767
3.395297
3.065287
2.769723
2.505007
2.267920
2.055577
1.865394
1.695058
1.542497
1.405855
1.283470
1.173854
1.075673
0.987734
0.908967
0.838415
0.775220
0.718614
0.667909
0.622490
0.581803
0.545356
0.512705
0.483454
0.457248
0.433770
0.412734
0.393886
0.376997
0.361862
0.348299
0.336143
0.325248
0.315481
0.306726
0.298876
0.291836
0.285524
0.279861
0.274781
0.270223
0.266132
0.262460
0.259162
0.256200
0.253538
0.251146
0.248995
0.247060
0.245318
0.243750
0.242337
0.241062
0.239912
0.238874
0.237935
0.237086
0.236317
0.235619
0.234986
0.234411
0.233886
0.233408
0.232972
0.232572
0.232206
0.231869
0.231559
0.231272
0.231007
0.230761
0.230533
0.230319
0.230120
0.229932
0.229756
0.229589
0.229432
0.229282
0.229140
0.229003
0.228873
0.228748
0.228627
0.228510
0.228397
0.228287
0.228181
0.228077
0.227975
0.227875
0.227778
0.227682
0.227587
0.227494
0.227402
0.227312
0.227222
0.227133
0.227045
0.226958
0.226872
0.226786
0.226700
0.226615
0.226531
0.226446
0.226363
0.226279
0.226196
0.226113
0.226030
0.225948
0.225866
0.225783
0.225701
0.225620
0.225538
0.225456
0.225375
0.225294
0.225212
0.225131
0.225050
0.224969
0.224888
0.224808
0.224727
0.224646
0.224566
0.224485
0.224404
0.224324
0.224244
0.224163
0.224083
0.224003
0.223922
0.223842
0.223762
0.223682
0.223602
0.223522
0.223441
0.223361
0.223282
0.223202
0.223122
0.223042
0.222962
0.222882
0.222802
0.222723
0.222643
0.222563
0.222484
0.222404
0.222324
0.222245
0.222165
0.222086
0.222006
0.221927
0.221847
0.221768
0.221689
0.221609
0.221530
0.221451
0.221372
0.221292
0.221213
0.221134
0.221055
0.220976
0.220897
0.220818
0.220739
0.220660
0.220581
0.220502
0.220423
0.220344
0.220265
0.220186
0.220108
0.220029
0.219950
0.219871
0.219793
0.219714
0.219636
0.219557
0.219478
0.219400
0.219321
0.219243
0.219165
0.219086
0.219008
0.218929
0.218851
0.218773
0.218694
0.218616
0.218538
0.218460
0.218382
0.218304
0.218225
0.218147
0.218069
0.217991
0.217913
0.217835
0.217757
0.217680
0.217602
0.217524
0.217446
0.217368
0.217291
0.217213
0.217135
0.217057
0.216980
0.216902
0.216825
0.216747
0.216669
0.216592
0.216514
0.216437
0.216360
0.216282
0.216205
0.216127
0.216050
0.215973
0.215896
0.215818
0.215741
0.215664
0.215587
0.215510
0.215433
0.215356
0.215279
0.215202
0.215125
0.215048
0.214971
0.214894
0.214817
0.214740
0.214663
0.214587
0.214510
0.214433
0.214356
0.214280
0.214203
0.214126
0.214050
0.213973
0.213897
0.213820
0.213744
0.213667
0.213591
0.213515
0.213438
0.213362
0.213286
0.213209
0.213133
0.213057
0.212981
0.212904
0.212828
0.212752
0.212676
0.212600
0.212524
0.212448
0.212372
0.212296
0.212220
0.212144
0.212068
0.211992
0.211917
0.211841
0.211765
0.211689
0.211614
0.211538
0.211462
0.211387
0.211311
0.211236
0.211160
0.211085
0.211009
0.210934
0.210858
0.210783
0.210707
0.210632
0.210557
0.210481
0.210406
0.210331
0.210256
0.210180
0.210105
0.210030
0.209955
0.209880
0.209805
0.209730
0.209655
0.209580
0.209505
0.209430
0.209355
0.209280
0.209206
0.209131
0.209056
0.208981
0.208906
0.208832
0.208757
0.208682
0.208608
0.208533
0.208459
0.208384
0.208310
0.208235
0.208161
0.208086
0.208012
0.207937
0.207863
0.207789
0.207715
0.207640
0.207566
0.207492
0.207418
0.207343
0.207269
0.207195
0.207121
0.207047
0.206973
0.206899
0.206825
0.206751
0.206677
0.206603
0.206529
0.206456
0.206382
0.206308
0.206234
0.206161
0.206087
0.206013
0.205939
0.205866
0.205792
0.205719
0.205645
0.205572
0.205498
0.205425
0.205351
0.205278
0.205204
0.205131
0.205058
0.204984
0.204911
0.204838
0.204765
0.204691
0.204618
0.204545
0.204472
0.204399
0.204326
0.204253
0.204180
0.204107
0.204034
0.203961
0.203888
0.203815
0.203742
0.203669
0.203597
0.203524
0.203451
0.203378
0.203306
0.203233
0.203160
0.203088
0.203015
0.202943
0.202870
0.202797
0.202725
0.202653
0.202580
0.202508
0.202435
0.202363
0.202291
0.202218
0.202146
0.202074
0.202002
0.201929
0.201857
0.201785
0.201713
0.201641
0.201569
0.201497
0.201425
0.201353
0.201281
0.201209
0.201137
0.201065
0.200993
0.200921
0.200849
0.200778
0.200706
0.200634
0.200562
0.200491
0.200419
0.200347
0.200276
0.200204
0.200133
0.200061
0.199990
0.199918
0.199847
0.199775
0.199704
0.199633
0.199561
0.199490
0.199419
0.199347
0.199276
0.199205
0.199134
0.199063
0.198991
0.198920
0.198849
0.198778
0.198707
0.198636
0.198565
0.198494
0.198423
0.198352
0.198281
0.198211
0.198140
0.198069
0.197998
0.197927
0.197857
0.197786
0.197715
0.197645
0.197574
0.197503
0.197433
0.197362
0.197292
0.197221
0.197151
0.197080
0.197010
0.196939
0.196869
0.196799
0.196728
0.196658
0.196588
0.196518
0.196447
0.196377
0.196307
0.196237
0.196167
0.196097
0.196027
0.195957
0.195887
0.195817
0.195747
0.195677
0.195607
0.195537
0.195467
0.195397
0.195327
0.195258
0.195188
0.195118
0.195048
0.194979
0.194909
0.194839
0.194770
0.194700
0.194631
0.194561
0.194491
0.194422
0.194353
0.194283
0.194214
0.194144
0.194075
0.194006
0.193936
0.193867
0.193798
0.193728
0.193659
0.193590
0.193521
0.193452
0.193383
0.193314
0.193245
0.193175
0.193106
0.193037
0.192969
0.192900
0.192831
0.192762
0.192693
0.192624
0.192555
0.192486
0.192418
0.192349
0.192280
0.192212
0.192143
0.192074
0.192006
0.191937
0.191868
0.191800
0.191731
0.191663
0.191594
0.191526
0.191458
0.191389
0.191321
0.191253
0.191184
0.191116
0.191048
0.190979
0.190911
0.190843
0.190775
0.190707
0.190639
0.190570
0.190502
0.190434
0.190366
0.190298
0.190230
0.190162
0.190094
0.190027
0.189959
0.189891
0.189823
0.189755
0.189687
0.189620
0.189552
0.189484
0.189417
0.189349
0.189281
0.189214
0.189146
0.189079
0.189011
0.188943
0.188876
0.188809
0.188741
0.188674
0.188606
0.188539
0.188472
0.188404
0.188337
0.188270
0.188202
0.188135
0.188068
0.188001
0.187934
0.187867
0.187800
0.187732
0.187665
0.187598
0.187531
0.187464
0.187397
0.187331
0.187264
0.187197
0.187130
0.187063
0.186996
0.186930
0.186863
0.186796
0.186729
0.186663
0.186596
0.186529
0.186463
0.186396
0.186330
0.186263
0.186197
0.186130
0.186064
0.185997
0.185931
0.185864
0.185798
0.185732
0.185665
0.185599
0.185533
0.185466
0.185400
0.185334
0.185268
0.185202
0.185136
0.185069
0.185003
0.184937
0.184871
0.184805
0.184739
0.184673
0.184607
0.184541
0.184476
0.184410
0.184344
0.184278
0.184212
0.184146
0.184081
0.184015
0.183949
0.183884
0.183818
0.183752
0.183687
0.183621
0.183555
0.183490
0.183424
0.183359
0.183293
0.183228
0.183163
0.183097
0.183032
0.182966
0.182901
0.182836
0.182771
0.182705
0.182640
0.182575
0.182510
0.182445
0.182379
0.182314
0.182249
0.182184
0.182119
0.182054
0.181989
0.181924
0.181859
0.181794
0.181729
0.181664
0.181600
0.181535
0.181470
0.181405
0.181340
0.181276
0.181211
0.181146
0.181082
0.181017
0.180952
0.180888
0.180823
0.180759
0.180694
0.180630
0.180565
0.180501
0.180436
0.180372
0.180307
0.180243
0.180179
0.180114
0.180050
0.179986
0.179922
0.179857
0.179793
0.179729
0.179665
0.179601
0.179537
0.179472
0.179408
0.179344
0.179280
0.179216
0.179152
0.179088
0.179024
0.178961
0.178897
0.178833
0.178769
0.178705
0.178641
0.178578
0.178514
0.178450
0.178386
0.178323
0.178259
0.178196
0.178132
0.178068
0.178005
0.177941
0.177878
0.177814
0.177751
0.177687
0.177624
0.177561
0.177497
0.177434
0.177370
0.177307
0.177244
0.177181
0.177117
0.177054
0.176991
0.176928
0.176865
0.176802
0.176738
0.176675
0.176612
0.176549
0.176486
0.176423
0.176360
0.176297
0.176234
0.176172
0.176109
0.176046
0.175983
0.175920
0.175857
0.175795
0.175732
0.175669
0.175607
0.175544
0.175481
0.175419
0.175356
0.175293
0.175231
0.175168
0.175106
0.175043
0.174981
0.174918
0.174856
0.174794
0.174731
0.174669
0.174607
0.174544
0.174482
0.174420
0.174357
0.174295
0.174233
0.174171
0.174109
0.174047
0.173984
0.173922
0.173860
0.173798
0.173736
0.173674
0.173612
0.173550
0.173488
0.173427
0.173365
0.173303
0.173241
0.173179
0.173117
0.173056
0.172994
0.172932
0.172870
0.172809
0.172747
0.172685
0.172624
0.172562
0.172501
0.172439
0.172378
0.172316
0.172255
0.172193
0.172132
0.172070
0.172009
0.171948
0.171886
0.171825
0.171764
0.171702
0.171641
0.171580
0.171519
0.171457
0.171396
0.171335
0.171274
0.171213
0.171152
0.171091
0.171030
0.170969
0.170908
0.170847
0.170786
0.170725
0.170664
0.170603
0.170542
0.170481
0.170420
0.170360
0.170299
0.170238
0.170177
0.170117
0.170056
0.169995
0.169935
0.169874
0.169813
0.169753
0.169692
0.169632
0.169571
0.169511
0.169450
0.169390
0.169329
0.169269
0.169209
0.169148
0.169088
0.169028
0.168967
0.168907
0.168847
0.168787
0.168726
0.168666
0.168606
0.168546
0.168486
0.168426
0.168366
0.168305
0.168245
0.168185
0.168125
0.168065
0.168006
0.167946
0.167886
0.167826
0.167766
0.167706
0.167646
0.167587
0.167527
0.167467
0.167407
0.167348
0.167288
0.167228
0.167169
0.167109
0.167049
0.166990
0.166930
0.166871
0.166811
0.166752
0.166692
0.166633
0.166573
0.166514
0.166454
0.166395
0.166336
0.166276
0.166217
0.166158
0.166099
0.166039
0.165980
0.165921
0.165862
0.165803
0.165743
0.165684
0.165625
0.165566
0.165507
0.165448
0.165389
0.165330
0.165271
0.165212
0.165153
0.165094
0.165036
0.164977
0.164918
0.164859
0.164800
0.164741
0.164683
0.164624
0.164565
0.164507
0.164448
0.164389
0.164331
0.164272
0.164214
0.164155
0.164096
0.164038
0.163979
0.163921
0.163862
0.163804
0.163746
0.163687
0.163629
0.163571
0.163512
0.163454
0.163396
0.163337
0.163279
0.163221
0.163163
0.163104
0.163046
0.162988
0.162930
0.162872
0.162814
0.162756
0.162698
0.162640
0.162582
0.162524
0.162466
0.162408
0.162350
0.162292
0.162234
0.162176
0.162119
0.162061
0.162003
0.161945
0.161888
0.161830
0.161772
0.161714
0.161657
0.161599
0.161542
0.161484
0.161426
0.161369
0.161311
0.161254
0.161196
0.161139
0.161081
0.161024
0.160967
0.160909
0.160852
0.160794
0.160737
0.160680
0.160623
0.160565
0.160508
0.160451
0.160394
0.160336
0.160279
0.160222
0.160165
0.160108
0.160051
0.159994
0.159937
0.159880
0.159823
0.159766
0.159709
0.159652
0.159595
0.159538
0.159481
0.159424
0.159367
0.159311
0.159254
0.159197
0.159140
0.159084
0.159027
0.158970
0.158914
0.158857
0.158800
0.158744
0.158687
0.158631
0.158574
0.158517
0.158461
0.158404
0.158348
0.158292
0.158235
0.158179
0.158122
0.158066
0.158010
0.157953
0.157897
0.157841
0.157784
0.157728
0.157672
0.157616
0.157560
0.157503
0.157447
0.157391
0.157335
0.157279
0.157223
0.157167
0.157111
0.157055
0.156999
0.156943
0.156887
0.156831
0.156775
0.156719
0.156663
0.156608
0.156552
0.156496
0.156440
0.156385
0.156329
0.156273
0.156217
0.156162
0.156106
0.156050
0.155995
0.155939
0.155884
0.155828
0.155773
0.155717
0.155661
0.155606
0.155551
0.155495
0.155440
0.155384
0.155329
0.155274
0.155218
0.155163
0.155108
0.155052
0.154997
0.154942
0.154887
0.154831
0.154776
0.154721
0.154666
0.154611
0.154556
0.154501
0.154446
0.154391
0.154336
0.154281
0.154226
0.154171
0.154116
0.154061
0.154006
0.153951
0.153896
0.153841
0.153787
0.153732
0.153677
0.153622
0.153567
0.153513
0.153458
0.153403
0.153349
0.153294
0.153239
0.153185
0.153130
0.153076
0.153021
0.152967
0.152912
0.152858
0.152803
0.152749
0.152694
0.152640
0.152585
0.152531
0.152477
0.152422
0.152368
0.152314
0.152260
0.152205
0.152151
0.152097
0.152043
0.151988
0.151934
0.151880
0.151826
0.151772
0.151718
0.151664
0.151610
0.151556
0.151502
0.151448
0.151394
0.151340
0.151286
0.151232
0.151178
0.151124
0.151071
0.151017
0.150963
0.150909
0.150855
0.150802
0.150748
0.150694
0.150641
0.150587
0.150533
0.150480
0.150426
0.150372
0.150319
0.150265
0.150212
0.150158
0.150105
0.150051
0.149998
0.149944
0.149891
0.149838
0.149784
0.149731
0.149677
0.149624
0.149571
0.149518
0.149464
0.149411
0.149358
0.149305
0.149251
0.149198
0.149145
0.149092
0.149039
0.148986
0.148933
0.148880
0.148827
0.148774
0.148721
0.148668
0.148615
0.148562
0.148509
0.148456
0.148403
0.148350
0.148297
0.148245
0.148192
0.148139
0.148086
0.148033
0.147981
0.147928
0.147875
0.147823
0.147770
0.147717
0.147665
0.147612
0.147560
0.147507
0.147455
0.147402
0.147350
0.147297
0.147245
0.147192
0.147140
0.147087
0.147035
0.146983
0.146930
0.146878
0.146826
0.146773
0.146721
0.146669
0.146617
0.146564
0.146512
0.146460
0.146408
0.146356
0.146303
0.146251
0.146199
0.146147
0.146095
0.146043
0.145991
0.145939
0.145887
0.145835
0.145783
0.145731
0.145679
0.145628
0.145576
0.145524
0.145472
0.145420
0.145368
0.145317
0.145265
0.145213
0.145162
0.145110
0.145058
0.145007
0.144955
0.144903
0.144852
0.144800
0.144749
0.144697
0.144645
0.144594
0.144542
0.144491
0.144440
0.144388
0.144337
0.144285
0.144234
0.144183
0.144131
0.144080
0.144029
0.143977
0.143926
0.143875
0.143824
0.143772
0.143721
0.143670
0.143619
0.143568
0.143517
0.143465
0.143414
0.143363
0.143312
0.143261
0.143210
0.143159
0.143108
0.143057
0.143006
0.142955
0.142905
0.142854
0.142803
0.142752
0.142701
0.142650
0.142600
0.142549
0.142498
0.142447
0.142397
0.142346
0.142295
0.142245
0.142194
0.142143
0.142093
0.142042
0.141992
0.141941
0.141890
0.141840
0.141789
0.141739
0.141688
0.141638
0.141588
0.141537
0.141487
0.141436
0.141386
0.141336
0.141285
0.141235
0.141185
0.141135
0.141084
0.141034
0.140984
0.140934
0.140884
0.140833
0.140783
0.140733
0.140683
0.140633
0.140583
0.140533
0.140483
0.140433
0.140383
0.140333
0.140283
0.140233
0.140183
0.140133
0.140083
0.140033
0.139984
0.139934
0.139884
0.139834
0.139784
0.139735
0.139685
0.139635
0.139585
0.139536
0.139486
0.139436
0.139387
0.139337
0.139288
0.139238
0.139188
0.139139
0.139089
