63.140158
63.140158
56.565250
50.677542
45.405207
40.683926
36.456104
32.670165
29.279922
26.244018
23.525417
21.090954
18.910933
16.958758
15.210615
13.645178
12.243352
10.988035
9.863915
8.857279
7.955847
7.148624
6.425763
5.778446
5.198777
4.679687
4.214842
3.798574
3.425806
3.091990
2.793056
2.525357
2.285629
2.070948
1.878697
1.706531
1.552351
1.414277
1.290625
1.179889
1.080717
0.991903
0.912362
0.841125
0.777326
0.720186
0.669009
0.623172
0.582118
0.545345
0.512407
0.482903
0.456473
0.432797
0.411587
0.392585
0.375560
0.360306
0.346637
0.334388
0.323410
0.313571
0.304751
0.296845
0.289756
0.283399
0.277697
0.272583
0.267994
0.263876
0.260180
0.256861
0.253881
0.251203
0.248796
0.246632
0.244685
0.242933
0.241355
0.239933
0.238651
0.237495
0.236450
0.235506
0.234651
0.233878
0.233176
0.232539
0.231959
0.231432
0.230951
0.230511
0.230109
0.229739
0.229400
0.229088
0.228799
0.228532
0.228284
0.228053
0.227837
0.227636
0.227446
0.227268
0.227100
0.226940
0.226789
0.226644
0.226506
0.226374
0.226247
0.226124
0.226006
0.225891
0.225779
0.225671
0.225565
0.225462
0.225360
0.225261
0.225163
0.225067
0.224972
0.224879
0.224786
0.224695
0.224605
0.224515
0.224426
0.224338
0.224250
0.224163
0.224076
0.223990
0.223904
0.223818
0.223733
0.223648
0.223564
0.223479
0.223395
0.223311
0.223227
0.223144
0.223060
0.222977
0.222894
0.222810
0.222727
0.222645
0.222562
0.222479
0.222396
0.222314
0.222231
0.222149
0.222067
0.221984
0.221902
0.221820
0.221738
0.221655
0.221573
0.221491
0.221409
0.221328
0.221246
0.221164
0.221082
0.221000
0.220918
0.220837
0.220755
0.220674
0.220592
0.220510
0.220429
0.220347
0.220266
0.220184
0.220103
0.220022
0.219940
0.219859
0.219778
0.219697
0.219615
0.219534
0.219453
0.219372
0.219291
0.219210
0.219129
0.219048
0.218967
0.218886
0.218805
0.218724
0.218644
0.218563
0.218482
0.218401
0.218321
0.218240
0.218159
0.218079
0.217998
0.217917
0.217837
0.217756
0.217676
0.217596
0.217515
0.217435
0.217354
0.217274
0.217194
0.217114
0.217033
0.216953
0.216873
0.216793
0.216713
0.216633
0.216553
0.216473
0.216393
0.216313
0.216233
0.216153
0.216073
0.215993
0.215913
0.215834
0.215754
0.215674
0.215595
0.215515
0.215435
0.215356
0.215276
0.215197
0.215117
0.215038
0.214958
0.214879
0.214799
0.214720
0.214641
0.214561
0.214482
0.214403
0.214324
0.214244
0.214165
0.214086
0.214007
0.213928
0.213849
0.213770
0.213691
0.213612
0.213533
0.213454
0.213375
0.213297
0.213218
0.213139
0.213060
0.212982
0.212903
0.212824
0.212746
0.212667
0.212589
0.212510
0.212432
0.212353
0.212275
0.212196
0.212118
0.212039
0.211961
0.211883
0.211805
0.211726
0.211648
0.211570
0.211492
0.211414
0.211336
0.211258
0.211179
0.211101
0.211024
0.210946
0.210868
0.210790
0.210712
0.210634
0.210556
0.210479
0.210401
0.210323
0.210245
0.210168
0.210090
0.210013
0.209935
0.209857
0.209780
0.209702
0.209625
0.209548
0.209470
0.209393
0.209315
0.209238
0.209161
0.209084
0.209006
0.208929
0.208852
0.208775
0.208698
0.208621
0.208544
0.208467
0.208390
0.208313
0.208236
0.208159
0.208082
0.208005
0.207928
0.207852
0.207775
0.207698
0.207621
0.207545
0.207468
0.207391
0.207315
0.207238
0.207162
0.207085
0.207009
0.206932
0.206856
0.206780
0.206703
0.206627
0.206551
0.206474
0.206398
0.206322
0.206246
0.206169
0.206093
0.206017
0.205941
0.205865
0.205789
0.205713
0.205637
0.205561
0.205485
0.205409
0.205334
0.205258
0.205182
0.205106
0.205030
0.204955
0.204879
0.204803
0.204728
0.204652
0.204577
0.204501
0.204426
0.204350
0.204275
0.204199
0.204124
0.204048
0.203973
0.203898
0.203823
0.203747
0.203672
0.203597
0.203522
0.203447
0.203371
0.203296
0.203221
0.203146
0.203071
0.202996
0.202921
0.202846
0.202771
0.202697
0.202622
0.202547
0.202472
0.202397
0.202323
0.202248
0.202173
0.202099
0.202024
0.201950
0.201875
0.201800
0.201726
0.201651
0.201577
0.201503
0.201428
0.201354
0.201280
0.201205
0.201131
0.201057
0.200982
0.200908
0.200834
0.200760
0.200686
0.200612
0.200538
0.200464
0.200390
0.200316
0.200242
0.200168
0.200094
0.200020
0.199946
0.199872
0.199799
0.199725
0.199651
0.199578
0.199504
0.199430
0.199357
0.199283
0.199209
0.199136
0.199062
0.198989
0.198915
0.198842
0.198769
0.198695
0.198622
0.198549
0.198475
0.198402
0.198329
0.198256
0.198182
0.198109
0.198036
0.197963
0.197890
0.197817
0.197744
0.197671
0.197598
0.197525
0.197452
0.197379
0.197306
0.197234
0.197161
0.197088
0.197015
0.196943
0.196870
0.196797
0.196725
0.196652
0.196579
0.196507
0.196434
0.196362
0.196289
0.196217
0.196145
0.196072
0.196000
0.195927
0.195855
0.195783
0.195711
0.195638
0.195566
0.195494
0.195422
0.195350
0.195278
0.195206
0.195134
0.195062
0.194990
0.194918
0.194846
0.194774
0.194702
0.194630
0.194558
0.194486
0.194415
0.194343
0.194271
0.194200
0.194128
0.194056
0.193985
0.193913
0.193841
0.193770
0.193698
0.193627
0.193556
0.193484
0.193413
0.193341
0.193270
0.193199
0.193127
0.193056
0.192985
0.192914
0.192843
0.192771
0.192700
0.192629
0.192558
0.192487
0.192416
0.192345
0.192274
0.192203
0.192132
0.192061
0.191990
0.191920
0.191849
0.191778
0.191707
0.191636
0.191566
0.191495
0.191424
0.191354
0.191283
0.191213
0.191142
0.191072
0.191001
0.190931
0.190860
0.190790
0.190719
0.190649
0.190579
0.190508
0.190438
0.190368
0.190298
0.190227
0.190157
0.190087
0.190017
0.189947
0.189877
0.189807
0.189737
0.189667
0.189597
0.189527
0.189457
0.189387
0.189317
0.189247
0.189177
0.189108
0.189038
0.188968
0.188898
0.188829
0.188759
0.188689
0.188620
0.188550
0.188481
0.188411
0.188342
0.188272
0.188203
0.188133
0.188064
0.187995
0.187925
0.187856
0.187787
0.187717
0.187648
0.187579
0.187510
0.187440
0.187371
0.187302
0.187233
0.187164
0.187095
0.187026
0.186957
0.186888
0.186819
0.186750
0.186681
0.186612
0.186544
0.186475
0.186406
0.186337
0.186269
0.186200
0.186131
0.186063
0.185994
0.185925
0.185857
0.185788
0.185720
0.185651
0.185583
0.185514
0.185446
0.185377
0.185309
0.185241
0.185172
0.185104
0.185036
0.184968
0.184899
0.184831
0.184763
0.184695
0.184627
0.184559
0.184491
0.184423
0.184355
0.184287
0.184219
0.184151
0.184083
0.184015
0.183947
0.183879
0.183811
0.183744
0.183676
0.183608
0.183540
0.183473
0.183405
0.183337
0.183270
0.183202
0.183135
0.183067
0.183000
0.182932
0.182865
0.182797
0.182730
0.182662
0.182595
0.182528
0.182460
0.182393
0.182326
0.182259
0.182191
0.182124
0.182057
0.181990
0.181923
0.181856
0.181789
0.181722
0.181655
0.181588
0.181521
0.181454
0.181387
0.181320
0.181253
0.181186
0.181120
0.181053
0.180986
0.180919
0.180853
0.180786
0.180719
0.180653
0.180586
0.180519
0.180453
0.180386
0.180320
0.180253
0.180187
0.180120
0.180054
0.179988
0.179921
0.179855
0.179789
0.179722
0.179656
0.179590
0.179524
0.179457
0.179391
0.179325
0.179259
0.179193
0.179127
0.179061
0.178995
0.178929
0.178863
0.178797
0.178731
0.178665
0.178599
0.178533
0.178468
0.178402
0.178336
0.178270
0.178205
0.178139
0.178073
0.178007
0.177942
0.177876
0.177811
0.177745
0.177680
0.177614
0.177549
0.177483
0.177418
0.177352
0.177287
0.177222
0.177156
0.177091
0.177026
0.176960
0.176895
0.176830
0.176765
0.176700
0.176635
0.176569
0.176504
0.176439
0.176374
0.176309
0.176244
0.176179
0.176114
0.176049
0.175985
0.175920
0.175855
0.175790
0.175725
0.175660
0.175596
0.175531
0.175466
0.175402
0.175337
0.175272
0.175208
0.175143
0.175079
0.175014
0.174950
0.174885
0.174821
0.174756
0.174692
0.174627
0.174563
0.174499
0.174434
0.174370
0.174306
0.174242
0.174177
0.174113
0.174049
0.173985
0.173921
0.173857
0.173793
0.173728
0.173664
0.173600
0.173536
0.173473
0.173409
0.173345
0.173281
0.173217
0.173153
0.173089
0.173026
0.172962
0.172898
0.172834
0.172771
0.172707
0.172643
0.172580
0.172516
0.172452
0.172389
0.172325
0.172262
0.172198
0.172135
0.172072
0.172008
0.171945
0.171881
0.171818
0.171755
0.171691
0.171628
0.171565
0.171502
0.171438
0.171375
0.171312
0.171249
0.171186
0.171123
0.171060
0.170997
0.170934
0.170871
0.170808
0.170745
0.170682
0.170619
0.170556
0.170493
0.170431
0.170368
0.170305
0.170242
0.170179
0.170117
0.170054
0.169991
0.169929
0.169866
0.169804
0.169741
0.169679
0.169616
0.169553
0.169491
0.169429
0.169366
0.169304
0.169241
0.169179
0.169117
0.169054
0.168992
0.168930
0.168868
0.168805
0.168743
0.168681
0.168619
0.168557
0.168495
0.168433
0.168371
0.168308
0.168246
0.168185
0.168123
0.168061
0.167999
0.167937
0.167875
0.167813
0.167751
0.167689
0.167628
0.167566
0.167504
0.167442
0.167381
0.167319
0.167258
0.167196
0.167134
0.167073
0.167011
0.166950
0.166888
0.166827
0.166765
0.166704
0.166642
0.166581
0.166520
0.166458
0.166397
0.166336
0.166274
0.166213
0.166152
0.166091
0.166030
0.165968
0.165907
0.165846
0.165785
0.165724
0.165663
0.165602
0.165541
0.165480
0.165419
0.165358
0.165297
0.165236
0.165175
0.165115
0.165054
0.164993
0.164932
0.164871
0.164811
0.164750
0.164689
0.164629
0.164568
0.164507
0.164447
0.164386
0.164326
0.164265
0.164205
0.164144
0.164084
0.164023
0.163963
0.163903
0.163842
0.163782
0.163722
0.163661
0.163601
0.163541
0.163480
0.163420
0.163360
0.163300
0.163240
0.163180
0.163120
0.163059
0.162999
0.162939
0.162879
0.162819
0.162759
0.162699
0.162640
0.162580
0.162520
0.162460
0.162400
0.162340
0.162281
0.162221
0.162161
0.162101
0.162042
0.161982
0.161922
0.161863
0.161803
0.161743
0.161684
0.161624
0.161565
0.161505
0.161446
0.161386
0.161327
0.161268
0.161208
0.161149
0.161090
0.161030
0.160971
0.160912
0.160852
0.160793
0.160734
0.160675
0.160616
0.160556
0.160497
0.160438
0.160379
0.160320
0.160261
0.160202
0.160143
0.160084
0.160025
0.159966
0.159907
0.159848
0.159790
0.159731
0.159672
0.159613
0.159554
0.159496
0.159437
0.159378
0.159320
0.159261
0.159202
0.159144
0.159085
0.159027
0.158968
0.158909
0.158851
0.158792
0.158734
0.158676
0.158617
0.158559
0.158500
0.158442
0.158384
0.158325
0.158267
0.158209
0.158151
0.158092
0.158034
0.157976
0.157918
0.157860
0.157802
0.157743
0.157685
0.157627
0.157569
0.157511
0.157453
0.157395
0.157337
0.157279
0.157222
0.157164
0.157106
0.157048
0.156990
0.156932
0.156875
0.156817
0.156759
0.156701
0.156644
0.156586
0.156528
0.156471
0.156413
0.156356
0.156298
0.156241
0.156183
0.156126
0.156068
0.156011
0.155953
0.155896
0.155838
0.155781
0.155724
0.155666
0.155609
0.155552
0.155495
0.155437
0.155380
0.155323
0.155266
0.155209
0.155152
0.155094
0.155037
0.154980
0.154923
0.154866
0.154809
0.154752
0.154695
0.154638
0.154581
0.154525
0.154468
0.154411
0.154354
0.154297
0.154240
0.154184
0.154127
0.154070
0.154013
0.153957
0.153900
0.153843
0.153787
0.153730
0.153674
0.153617
0.153561
0.153504
0.153448
0.153391
0.153335
0.153278
0.153222
0.153165
0.153109
0.153053
0.152996
0.152940
0.152884
0.152828
0.152771
0.152715
0.152659
0.152603
0.152547
0.152490
0.152434
0.152378
0.152322
0.152266
0.152210
0.152154
0.152098
0.152042
0.151986
0.151930
0.151874
0.151818
0.151762
0.151707
0.151651
0.151595
0.151539
0.151483
0.151428
0.151372
0.151316
0.151261
0.151205
0.151149
0.151094
0.151038
0.150983
0.150927
0.150871
0.150816
0.150760
0.150705
0.150650
0.150594
0.150539
0.150483
0.150428
0.150373
0.150317
0.150262
0.150207
0.150151
0.150096
0.150041
0.149986
0.149931
0.149875
0.149820
0.149765
0.149710
0.149655
0.149600
0.149545
0.149490
0.149435
0.149380
0.149325
0.149270
0.149215
0.149160
0.149105
0.149050
0.148996
0.148941
0.148886
0.148831
0.148776
0.148722
0.148667
0.148612
0.148558
0.148503
0.148448
0.148394
0.148339
0.148285
0.148230
0.148175
0.148121
0.148066
0.148012
0.147958
0.147903
0.147849
0.147794
0.147740
0.147686
0.147631
0.147577
0.147523
0.147468
0.147414
0.147360
0.147306
0.147252
0.147197
0.147143
0.147089
0.147035
0.146981
0.146927
0.146873
0.146819
0.146765
0.146711
0.146657
0.146603
0.146549
0.146495
0.146441
0.146387
0.146333
0.146280
0.146226
0.146172
0.146118
0.146065
0.146011
0.145957
0.145903
0.145850
0.145796
0.145742
0.145689
0.145635
0.145582
0.145528
0.145475
0.145421
0.145368
0.145314
0.145261
0.145207
0.145154
0.145101
0.145047
0.144994
0.144940
0.144887
0.144834
0.144781
0.144727
0.144674
0.144621
0.144568
0.144515
0.144461
0.144408
0.144355
0.144302
0.144249
0.144196
0.144143
0.144090
0.144037
0.143984
0.143931
0.143878
0.143825
0.143772
0.143719
0.143667
0.143614
0.143561
0.143508
0.143455
0.143403
0.143350
0.143297
0.143244
0.143192
0.143139
0.143087
0.143034
0.142981
0.142929
0.142876
0.142824
0.142771
0.142719
0.142666
0.142614
0.142561
0.142509
0.142456
0.142404
0.142352
0.142299
0.142247
0.142195
0.142142
0.142090
0.142038
0.141986
0.141933
0.141881
0.141829
0.141777
0.141725
0.141673
0.141621
0.141569
0.141516
0.141464
0.141412
0.141360
0.141308
0.141257
0.141205
0.141153
0.141101
0.141049
0.140997
0.140945
0.140893
0.140842
0.140790
0.140738
0.140686
0.140635
0.140583
0.140531
0.140479
0.140428
0.140376
0.140325
0.140273
0.140221
0.140170
0.140118
0.140067
0.140015
0.139964
0.139912
0.139861
0.139810
0.139758
0.139707
0.139655
0.139604
0.139553
0.139501
0.139450
0.139399
0.139348
0.139296
0.139245
0.139194
0.139143
0.139092
0.139041
0.138989
0.138938
0.138887
0.138836
0.138785
0.138734
0.138683
0.138632
0.138581
0.138530
0.138479
0.138429
0.138378
0.138327
0.138276
0.138225
0.138174
0.138123
0.138073
0.138022
0.137971
0.137921
0.137870
0.137819
0.137768
0.137718
0.137667
0.137617
0.137566
0.137515
0.137465
0.137414
0.137364
0.137313
0.137263
0.137212
0.137162
0.137112
0.137061
0.137011
0.136961
0.136910
0.136860
0.136810
0.136759
0.136709
0.136659
0.136609
0.136558
0.136508
0.136458
0.136408
0.136358
0.136308
0.136257
0.136207
0.136157
0.136107
0.136057
0.136007
0.135957
0.135907
0.135857
0.135807
0.135758
0.135708
0.135658
0.135608
0.135558
0.135508
0.135458
0.135409
0.135359
