62.275811
62.275811
51.062524
41.875958
34.349792
28.183917
23.132467
18.994014
15.603539
12.825849
10.550186
8.685811
7.158384
5.907006
4.881781
4.041833
3.353674
2.789869
2.327942
1.949479
1.639394
1.385328
1.177156
1.006583
0.866813
0.752279
0.658419
0.581496
0.518450
0.466772
0.424408
0.389673
0.361190
0.337828
0.318661
0.302932
0.290019
0.279412
0.270696
0.263529
0.257630
0.252770
0.248762
0.245451
0.242712
0.240441
0.238554
0.236981
0.235666
0.234562
0.233630
0.232840
0.232166
0.231588
0.231087
0.230650
0.230266
0.229924
0.229618
0.229340
0.229086
0.228851
0.228633
0.228427
0.228232
0.228046
0.227866
0.227693
0.227525
0.227361
0.227200
0.227042
0.226886
0.226732
0.226579
0.226428
0.226278
0.226128
0.225980
0.225832
0.225684
0.225537
0.225391
0.225244
0.225098
0.224953
0.224807
0.224662
0.224517
0.224372
0.224227
0.224083
0.223938
0.223794
0.223649
0.223505
0.223361
0.223217
0.223074
0.222930
0.222786
0.222643
0.222499
0.222356
0.222213
0.222070
0.221927
0.221784
0.221641
0.221498
0.221355
0.221213
0.221070
0.220928
0.220786
0.220644
0.220502
0.220360
0.220218
0.220076
0.219934
0.219793
0.219651
0.219510
0.219368
0.219227
0.219086
0.218945
0.218804
0.218663
0.218522
0.218381
0.218241
0.218100
0.217960
0.217820
0.217679
0.217539
0.217399
0.217259
0.217119
0.216979
0.216840
0.216700
0.216561
0.216421
0.216282
0.216143
0.216004
0.215864
0.215725
0.215587
0.215448
0.215309
0.215171
0.215032
0.214894
0.214755
0.214617
0.214479
0.214341
0.214203
0.214065
0.213927
0.213789
0.213652
0.213514
0.213377
0.213239
0.213102
0.212965
0.212828
0.212691
0.212554
0.212417
0.212280
0.212144
0.212007
0.211871
0.211734
0.211598
0.211462
0.211326
0.211190
0.211054
0.210918
0.210782
0.210647
0.210511
0.210376
0.210240
0.210105
0.209970
0.209835
0.209700
0.209565
0.209430
0.209295
0.209160
0.209026
0.208891
0.208757
0.208622
0.208488
0.208354
0.208220
0.208086
0.207952
0.207818
0.207684
0.207551
0.207417
0.207284
0.207150
0.207017
0.206884
0.206751
0.206618
0.206485
0.206352
0.206219
0.206086
0.205954
0.205821
0.205689
0.205556
0.205424
0.205292
0.205160
0.205028
0.204896
0.204764
0.204632
0.204501
0.204369
0.204238
0.204106
0.203975
0.203844
0.203713
0.203582
0.203451
0.203320
0.203189
0.203058
0.202928
0.202797
0.202667
0.202536
0.202406
0.202276
0.202146
0.202015
0.201886
0.201756
0.201626
0.201496
0.201367
0.201237
0.201108
0.200978
0.200849
0.200720
0.200591
0.200462
0.200333
0.200204
0.200075
0.199946
0.199818
0.199689
0.199561
0.199432
0.199304
0.199176
0.199048
0.198920
0.198792
0.198664
0.198536
0.198408
0.198281
0.198153
0.198026
0.197899
0.197771
0.197644
0.197517
0.197390
0.197263
0.197136
0.197009
0.196883
0.196756
0.196629
0.196503
0.196377
0.196250
0.196124
0.195998
0.195872
0.195746
0.195620
0.195494
0.195369
0.195243
0.195117
0.194992
0.194867
0.194741
0.194616
0.194491
0.194366
0.194241
0.194116
0.193991
0.193866
0.193742
0.193617
0.193493
0.193368
0.193244
0.193120
0.192996
0.192871
0.192747
0.192623
0.192500
0.192376
0.192252
0.192129
0.192005
0.191882
0.191758
0.191635
0.191512
0.191389
0.191266
0.191143
0.191020
0.190897
0.190774
0.190652
0.190529
0.190406
0.190284
0.190162
0.190040
0.189917
0.189795
0.189673
0.189551
0.189429
0.189308
0.189186
0.189064
0.188943
0.188821
0.188700
0.188579
0.188458
0.188336
0.188215
0.188094
0.187973
0.187853
0.187732
0.187611
0.187491
0.187370
0.187250
0.187129
0.187009
0.186889
0.186769
0.186649
0.186529
0.186409
0.186289
0.186169
0.186050
0.185930
0.185811
0.185691
0.185572
0.185453
0.185333
0.185214
0.185095
0.184976
0.184857
0.184739
0.184620
0.184501
0.184383
0.184264
0.184146
0.184027
0.183909
0.183791
0.183673
0.183555
0.183437
0.183319
0.183201
0.183083
0.182966
0.182848
0.182731
0.182613
0.182496
0.182379
0.182262
0.182144
0.182027
0.181910
0.181794
0.181677
0.181560
0.181443
0.181327
0.181210
0.181094
0.180977
0.180861
0.180745
0.180629
0.180513
0.180397
0.180281
0.180165
0.180049
0.179934
0.179818
0.179703
0.179587
0.179472
0.179356
0.179241
0.179126
0.179011
0.178896
0.178781
0.178666
0.178551
0.178437
0.178322
0.178208
0.178093
0.177979
0.177864
0.177750
0.177636
0.177522
0.177408
0.177294
0.177180
0.177066
0.176952
0.176839
0.176725
0.176612
0.176498
0.176385
0.176271
0.176158
0.176045
0.175932
0.175819
0.175706
0.175593
0.175480
0.175368
0.175255
0.175143
0.175030
0.174918
0.174805
0.174693
0.174581
0.174469
0.174357
0.174245
0.174133
0.174021
0.173909
0.173798
0.173686
0.173574
0.173463
0.173351
0.173240
0.173129
0.173018
0.172907
0.172796
0.172685
0.172574
0.172463
0.172352
0.172241
0.172131
0.172020
0.171910
0.171799
0.171689
0.171579
0.171469
0.171359
0.171249
0.171139
0.171029
0.170919
0.170809
0.170700
0.170590
0.170480
0.170371
0.170262
0.170152
0.170043
0.169934
0.169825
0.169716
0.169607
0.169498
0.169389
0.169280
0.169172
0.169063
0.168954
0.168846
0.168738
0.168629
0.168521
0.168413
0.168305
0.168197
0.168089
0.167981
0.167873
0.167765
0.167657
0.167550
0.167442
0.167335
0.167227
0.167120
0.167013
0.166905
0.166798
0.166691
0.166584
0.166477
0.166370
0.166264
0.166157
0.166050
0.165944
0.165837
0.165731
0.165624
0.165518
0.165412
0.165306
0.165200
0.165094
0.164988
0.164882
0.164776
0.164670
0.164564
0.164459
0.164353
0.164248
0.164142
0.164037
0.163932
0.163827
0.163721
0.163616
0.163511
0.163406
0.163302
0.163197
0.163092
0.162987
0.162883
0.162778
0.162674
0.162569
0.162465
0.162361
0.162257
0.162152
0.162048
0.161944
0.161840
0.161737
0.161633
0.161529
0.161425
0.161322
0.161218
0.161115
0.161012
0.160908
0.160805
0.160702
0.160599
0.160496
0.160393
0.160290
0.160187
0.160084
0.159981
0.159879
0.159776
0.159674
0.159571
0.159469
0.159367
0.159264
0.159162
0.159060
0.158958
0.158856
0.158754
0.158652
0.158550
0.158449
0.158347
0.158245
0.158144
0.158042
0.157941
0.157840
0.157739
0.157637
0.157536
0.157435
0.157334
0.157233
0.157132
0.157032
0.156931
0.156830
0.156730
0.156629
0.156529
0.156428
0.156328
0.156228
0.156127
0.156027
0.155927
0.155827
0.155727
0.155627
0.155527
0.155428
0.155328
0.155228
0.155129
0.155029
0.154930
0.154831
0.154731
0.154632
0.154533
0.154434
0.154335
0.154236
0.154137
0.154038
0.153939
0.153840
0.153742
0.153643
0.153545
0.153446
0.153348
0.153249
0.153151
0.153053
0.152955
0.152857
0.152759
0.152661
0.152563
0.152465
0.152367
0.152269
0.152172
0.152074
0.151977
0.151879
0.151782
0.151685
0.151587
0.151490
0.151393
0.151296
0.151199
0.151102
0.151005
0.150908
0.150811
0.150715
0.150618
0.150522
0.150425
0.150329
0.150232
0.150136
0.150040
0.149943
0.149847
0.149751
0.149655
0.149559
0.149463
0.149368
0.149272
0.149176
0.149080
0.148985
0.148889
0.148794
0.148698
0.148603
0.148508
0.148413
0.148318
0.148222
0.148127
0.148032
0.147938
0.147843
0.147748
0.147653
0.147559
0.147464
0.147370
0.147275
0.147181
0.147086
0.146992
0.146898
0.146804
0.146710
0.146615
0.146522
0.146428
0.146334
0.146240
0.146146
0.146053
0.145959
0.145865
0.145772
0.145678
0.145585
0.145492
0.145399
0.145305
0.145212
0.145119
0.145026
0.144933
0.144840
0.144747
0.144655
0.144562
0.144469
0.144377
0.144284
0.144192
0.144099
0.144007
0.143915
0.143823
0.143730
0.143638
0.143546
0.143454
0.143362
0.143270
0.143179
0.143087
0.142995
0.142904
0.142812
0.142720
0.142629
0.142538
0.142446
0.142355
0.142264
0.142173
0.142082
0.141990
0.141899
0.141809
0.141718
0.141627
0.141536
0.141445
0.141355
0.141264
0.141174
0.141083
0.140993
0.140903
0.140812
0.140722
0.140632
0.140542
0.140452
0.140362
0.140272
0.140182
0.140092
0.140002
0.139913
0.139823
0.139734
0.139644
0.139555
0.139465
0.139376
0.139287
0.139197
0.139108
0.139019
0.138930
0.138841
0.138752
0.138663
0.138574
0.138486
0.138397
0.138308
0.138220
0.138131
0.138043
0.137954
0.137866
0.137778
0.137689
0.137601
0.137513
0.137425
0.137337
0.137249
0.137161
0.137073
0.136985
0.136898
0.136810
0.136722
0.136635
0.136547
0.136460
0.136372
0.136285
0.136198
0.136111
0.136023
0.135936
0.135849
0.135762
0.135675
0.135588
0.135501
0.135415
0.135328
0.135241
0.135155
0.135068
0.134982
0.134895
0.134809
0.134723
0.134636
0.134550
0.134464
0.134378
0.134292
0.134206
0.134120
0.134034
0.133948
0.133862
0.133777
0.133691
0.133605
0.133520
0.133434
0.133349
0.133263
0.133178
0.133093
0.133008
0.132923
0.132837
0.132752
0.132667
0.132582
0.132498
0.132413
0.132328
0.132243
0.132159
0.132074
0.131989
0.131905
0.131820
0.131736
0.131652
0.131567
0.131483
0.131399
0.131315
0.131231
0.131147
0.131063
0.130979
0.130895
0.130811
0.130728
0.130644
0.130560
0.130477
0.130393
0.130310
0.130226
0.130143
0.130060
0.129976
0.129893
0.129810
0.129727
0.129644
0.129561
0.129478
0.129395
0.129312
0.129229
0.129147
0.129064
0.128982
0.128899
0.128816
0.128734
0.128652
0.128569
0.128487
0.128405
0.128323
0.128240
0.128158
0.128076
0.127994
0.127912
0.127831
0.127749
0.127667
0.127585
0.127504
0.127422
0.127341
0.127259
0.127178
0.127096
0.127015
0.126934
0.126852
0.126771
0.126690
0.126609
0.126528
0.126447
0.126366
0.126285
0.126204
0.126124
0.126043
0.125962
0.125882
0.125801
0.125721
0.125640
0.125560
0.125479
0.125399
0.125319
0.125239
0.125159
0.125079
0.124999
0.124919
0.124839
0.124759
0.124679
0.124599
0.124519
0.124440
0.124360
0.124281
0.124201
0.124122
0.124042
0.123963
0.123884
0.123804
0.123725
0.123646
0.123567
0.123488
0.123409
0.123330
0.123251
0.123172
0.123093
0.123015
0.122936
0.122857
0.122779
0.122700
0.122622
0.122543
0.122465
0.122386
0.122308
0.122230
0.122152
0.122074
0.121995
0.121917
0.121839
0.121762
0.121684
0.121606
0.121528
0.121450
0.121373
0.121295
0.121217
0.121140
0.121062
0.120985
0.120908
0.120830
0.120753
0.120676
0.120599
0.120521
0.120444
0.120367
0.120290
0.120213
0.120137
0.120060
0.119983
0.119906
0.119829
0.119753
0.119676
0.119600
0.119523
0.119447
0.119370
0.119294
0.119218
0.119142
0.119065
0.118989
0.118913
0.118837
0.118761
0.118685
0.118609
0.118533
0.118458
0.118382
0.118306
0.118231
0.118155
0.118079
0.118004
0.117928
0.117853
0.117778
0.117702
0.117627
0.117552
0.117477
0.117402
0.117327
0.117252
0.117177
0.117102
0.117027
0.116952
0.116877
0.116803
0.116728
0.116653
0.116579
0.116504
0.116430
0.116355
0.116281
0.116206
0.116132
0.116058
0.115984
0.115910
0.115835
0.115761
0.115687
0.115613
0.115540
0.115466
0.115392
0.115318
0.115244
0.115171
0.115097
0.115024
0.114950
0.114877
0.114803
0.114730
0.114656
0.114583
0.114510
0.114437
0.114364
0.114290
0.114217
0.114144
0.114071
0.113998
0.113926
0.113853
0.113780
0.113707
0.113635
0.113562
0.113489
0.113417
0.113344
0.113272
0.113200
0.113127
0.113055
0.112983
0.112910
0.112838
0.112766
0.112694
0.112622
0.112550
0.112478
0.112406
0.112335
0.112263
0.112191
0.112119
0.112048
0.111976
0.111904
0.111833
0.111761
0.111690
0.111619
0.111547
0.111476
0.111405
0.111334
0.111263
0.111191
0.111120
0.111049
0.110978
0.110908
0.110837
0.110766
0.110695
0.110624
0.110554
0.110483
0.110412
0.110342
0.110271
0.110201
0.110131
0.110060
0.109990
0.109920
0.109849
0.109779
0.109709
0.109639
0.109569
0.109499
0.109429
0.109359
0.109289
0.109219
0.109150
0.109080
0.109010
0.108940
0.108871
0.108801
0.108732
0.108662
0.108593
0.108524
0.108454
0.108385
0.108316
0.108247
0.108177
0.108108
0.108039
0.107970
0.107901
0.107832
0.107763
0.107695
0.107626
0.107557
0.107488
0.107420
0.107351
0.107283
0.107214
0.107146
0.107077
0.107009
0.106940
0.106872
0.106804
0.106736
0.106667
0.106599
0.106531
0.106463
0.106395
0.106327
0.106259
0.106191
0.106124
0.106056
0.105988
0.105920
0.105853
0.105785
0.105718
0.105650
0.105583
0.105515
0.105448
0.105381
0.105313
0.105246
0.105179
0.105112
0.105045
0.104977
0.104910
0.104843
0.104776
0.104710
0.104643
0.104576
0.104509
0.104442
0.104376
0.104309
0.104242
0.104176
0.104109
0.104043
0.103976
0.103910
0.103844
0.103777
0.103711
0.103645
0.103579
0.103513
0.103447
0.103380
0.103314
0.103249
0.103183
0.103117
0.103051
0.102985
0.102919
0.102854
0.102788
0.102722
0.102657
0.102591
0.102526
0.102460
0.102395
0.102330
0.102264
0.102199
0.102134
0.102068
0.102003
0.101938
0.101873
0.101808
0.101743
0.101678
0.101613
0.101548
0.101484
0.101419
0.101354
0.101289
0.101225
0.101160
0.101096
0.101031
0.100967
0.100902
0.100838
0.100773
0.100709
0.100645
0.100580
0.100516
0.100452
0.100388
0.100324
0.100260
0.100196
0.100132
0.100068
0.100004
0.099940
0.099877
0.099813
0.099749
0.099685
0.099622
0.099558
0.099495
0.099431
0.099368
0.099304
0.099241
0.099178
0.099114
0.099051
0.098988
0.098925
0.098862
0.098799
0.098735
0.098672
0.098610
0.098547
0.098484
0.098421
0.098358
0.098295
0.098233
0.098170
0.098107
0.098045
0.097982
0.097920
0.097857
0.097795
0.097732
0.097670
0.097608
0.097545
0.097483
0.097421
0.097359
0.097297
0.097235
0.097172
0.097110
0.097049
0.096987
0.096925
0.096863
0.096801
0.096739
0.096678
0.096616
0.096554
0.096493
0.096431
0.096370
0.096308
0.096247
0.096185
0.096124
0.096063
0.096001
0.095940
0.095879
0.095818
0.095757
0.095696
0.095635
0.095573
0.095513
0.095452
0.095391
0.095330
0.095269
0.095208
0.095148
0.095087
0.095026
0.094966
0.094905
0.094845
0.094784
0.094724
0.094663
0.094603
0.094542
0.094482
0.094422
0.094362
0.094301
0.094241
0.094181
0.094121
0.094061
0.094001
0.093941
0.093881
0.093821
0.093762
0.093702
0.093642
0.093582
0.093523
0.093463
0.093403
0.093344
0.093284
0.093225
0.093165
0.093106
0.093047
0.092987
0.092928
0.092869
0.092809
0.092750
0.092691
0.092632
0.092573
0.092514
0.092455
0.092396
0.092337
0.092278
0.092219
0.092160
0.092102
0.092043
0.091984
0.091926
0.091867
0.091808
0.091750
0.091691
0.091633
0.091575
0.091516
0.091458
0.091400
0.091341
0.091283
0.091225
0.091167
0.091109
0.091050
0.090992
0.090934
0.090876
