60.959449
60.959449
54.561033
48.836431
43.714681
39.132299
35.032482
31.364411
28.082619
25.146427
22.519440
20.169094
18.066257
16.184863
14.501593
12.995581
11.648161
10.442630
9.364047
8.399043
7.535656
6.763186
6.072058
5.453705
4.900463
4.405477
3.962610
3.566374
3.211859
2.894670
2.610878
2.356964
2.129782
1.926518
1.744652
1.581931
1.436339
1.306072
1.189516
1.085227
0.991913
0.908419
0.833711
0.766862
0.707046
0.653522
0.605627
0.562768
0.524416
0.490095
0.459381
0.431894
0.407295
0.385278
0.365573
0.347936
0.332148
0.318016
0.305365
0.294038
0.283898
0.274817
0.266686
0.259403
0.252880
0.247037
0.241802
0.237111
0.232906
0.229137
0.225757
0.222726
0.220007
0.217567
0.215377
0.213409
0.211642
0.210054
0.208625
0.207340
0.206182
0.205140
0.204199
0.203351
0.202584
0.201891
0.201264
0.200695
0.200179
0.199710
0.199283
0.198894
0.198539
0.198214
0.197915
0.197641
0.197388
0.197155
0.196939
0.196739
0.196552
0.196378
0.196215
0.196062
0.195917
0.195781
0.195652
0.195529
0.195412
0.195299
0.195192
0.195089
0.194989
0.194892
0.194799
0.194708
0.194619
0.194533
0.194448
0.194366
0.194284
0.194204
0.194125
0.194048
0.193971
0.193895
0.193820
0.193746
0.193672
0.193599
0.193527
0.193455
0.193383
0.193312
0.193241
0.193170
0.193099
0.193029
0.192959
0.192890
0.192820
0.192751
0.192682
0.192612
0.192544
0.192475
0.192406
0.192337
0.192269
0.192200
0.192132
0.192064
0.191996
0.191927
0.191859
0.191791
0.191723
0.191655
0.191587
0.191519
0.191452
0.191384
0.191316
0.191248
0.191181
0.191113
0.191045
0.190978
0.190910
0.190843
0.190775
0.190708
0.190640
0.190573
0.190506
0.190438
0.190371
0.190304
0.190236
0.190169
0.190102
0.190035
0.189968
0.189901
0.189833
0.189766
0.189699
0.189632
0.189565
0.189498
0.189431
0.189364
0.189297
0.189231
0.189164
0.189097
0.189030
0.188963
0.188896
0.188830
0.188763
0.188696
0.188630
0.188563
0.188496
0.188430
0.188363
0.188297
0.188230
0.188164
0.188097
0.188031
0.187964
0.187898
0.187831
0.187765
0.187699
0.187632
0.187566
0.187500
0.187434
0.187367
0.187301
0.187235
0.187169
0.187103
0.187037
0.186971
0.186905
0.186839
0.186773
0.186707
0.186641
0.186575
0.186509
0.186443
0.186377
0.186311
0.186245
0.186180
0.186114
0.186048
0.185982
0.185917
0.185851
0.185785
0.185720
0.185654
0.185588
0.185523
0.185457
0.185392
0.185326
0.185261
0.185195
0.185130
0.185065
0.184999
0.184934
0.184869
0.184803
0.184738
0.184673
0.184608
0.184542
0.184477
0.184412
0.184347
0.184282
0.184217
0.184152
0.184086
0.184021
0.183956
0.183891
0.183827
0.183762
0.183697
0.183632
0.183567
0.183502
0.183437
0.183372
0.183308
0.183243
0.183178
0.183114
0.183049
0.182984
0.182920
0.182855
0.182790
0.182726
0.182661
0.182597
0.182532
0.182468
0.182403
0.182339
0.182275
0.182210
0.182146
0.182081
0.182017
0.181953
0.181889
0.181824
0.181760
0.181696
0.181632
0.181568
0.181504
0.181439
0.181375
0.181311
0.181247
0.181183
0.181119
0.181055
0.180991
0.180927
0.180864
0.180800
0.180736
0.180672
0.180608
0.180544
0.180481
0.180417
0.180353
0.180289
0.180226
0.180162
0.180099
0.180035
0.179971
0.179908
0.179844
0.179781
0.179717
0.179654
0.179590
0.179527
0.179464
0.179400
0.179337
0.179273
0.179210
0.179147
0.179084
0.179020
0.178957
0.178894
0.178831
0.178768
0.178705
0.178641
0.178578
0.178515
0.178452
0.178389
0.178326
0.178263
0.178200
0.178137
0.178075
0.178012
0.177949
0.177886
0.177823
0.177760
0.177698
0.177635
0.177572
0.177509
0.177447
0.177384
0.177321
0.177259
0.177196
0.177134
0.177071
0.177009
0.176946
0.176884
0.176821
0.176759
0.176696
0.176634
0.176572
0.176509
0.176447
0.176385
0.176322
0.176260
0.176198
0.176136
0.176073
0.176011
0.175949
0.175887
0.175825
0.175763
0.175701
0.175639
0.175577
0.175515
0.175453
0.175391
0.175329
0.175267
0.175205
0.175143
0.175081
0.175020
0.174958
0.174896
0.174834
0.174773
0.174711
0.174649
0.174588
0.174526
0.174464
0.174403
0.174341
0.174280
0.174218
0.174157
0.174095
0.174034
0.173972
0.173911
0.173849
0.173788
0.173727
0.173665
0.173604
0.173543
0.173481
0.173420
0.173359
0.173298
0.173237
0.173176
0.173114
0.173053
0.172992
0.172931
0.172870
0.172809
0.172748
0.172687
0.172626
0.172565
0.172504
0.172443
0.172382
0.172322
0.172261
0.172200
0.172139
0.172078
0.172018
0.171957
0.171896
0.171836
0.171775
0.171714
0.171654
0.171593
0.171533
0.171472
0.171412
0.171351
0.171291
0.171230
0.171170
0.171109
0.171049
0.170988
0.170928
0.170868
0.170807
0.170747
0.170687
0.170627
0.170566
0.170506
0.170446
0.170386
0.170326
0.170266
0.170206
0.170145
0.170085
0.170025
0.169965
0.169905
0.169845
0.169785
0.169726
0.169666
0.169606
0.169546
0.169486
0.169426
0.169366
0.169307
0.169247
0.169187
0.169127
0.169068
0.169008
0.168948
0.168889
0.168829
0.168770
0.168710
0.168651
0.168591
0.168532
0.168472
0.168413
0.168353
0.168294
0.168234
0.168175
0.168116
0.168056
0.167997
0.167938
0.167878
0.167819
0.167760
0.167701
0.167642
0.167582
0.167523
0.167464
0.167405
0.167346
0.167287
0.167228
0.167169
0.167110
0.167051
0.166992
0.166933
0.166874
0.166815
0.166756
0.166698
0.166639
0.166580
0.166521
0.166462
0.166404
0.166345
0.166286
0.166228
0.166169
0.166110
0.166052
0.165993
0.165935
0.165876
0.165817
0.165759
0.165700
0.165642
0.165584
0.165525
0.165467
0.165408
0.165350
0.165292
0.165233
0.165175
0.165117
0.165058
0.165000
0.164942
0.164884
0.164826
0.164768
0.164709
0.164651
0.164593
0.164535
0.164477
0.164419
0.164361
0.164303
0.164245
0.164187
0.164129
0.164071
0.164013
0.163956
0.163898
0.163840
0.163782
0.163724
0.163666
0.163609
0.163551
0.163493
0.163436
0.163378
0.163320
0.163263
0.163205
0.163148
0.163090
0.163032
0.162975
0.162917
0.162860
0.162803
0.162745
0.162688
0.162630
0.162573
0.162516
0.162458
0.162401
0.162344
0.162286
0.162229
0.162172
0.162115
0.162057
0.162000
0.161943
0.161886
0.161829
0.161772
0.161715
0.161658
0.161601
0.161544
0.161487
0.161430
0.161373
0.161316
0.161259
0.161202
0.161145
0.161088
0.161032
0.160975
0.160918
0.160861
0.160804
0.160748
0.160691
0.160634
0.160578
0.160521
0.160464
0.160408
0.160351
0.160295
0.160238
0.160182
0.160125
0.160069
0.160012
0.159956
0.159899
0.159843
0.159787
0.159730
0.159674
0.159618
0.159561
0.159505
0.159449
0.159392
0.159336
0.159280
0.159224
0.159168
0.159112
0.159055
0.158999
0.158943
0.158887
0.158831
0.158775
0.158719
0.158663
0.158607
0.158551
0.158495
0.158439
0.158384
0.158328
0.158272
0.158216
0.158160
0.158104
0.158049
0.157993
0.157937
0.157882
0.157826
0.157770
0.157715
0.157659
0.157603
0.157548
0.157492
0.157437
0.157381
0.157326
0.157270
0.157215
0.157159
0.157104
0.157048
0.156993
0.156938
0.156882
0.156827
0.156772
0.156716
0.156661
0.156606
0.156551
0.156495
0.156440
0.156385
0.156330
0.156275
0.156220
0.156165
0.156110
0.156055
0.155999
0.155944
0.155889
0.155835
0.155780
0.155725
0.155670
0.155615
0.155560
0.155505
0.155450
0.155395
0.155341
0.155286
0.155231
0.155176
0.155122
0.155067
0.155012
0.154958
0.154903
0.154848
0.154794
0.154739
0.154685
0.154630
0.154576
0.154521
0.154467
0.154412
0.154358
0.154303
0.154249
0.154194
0.154140
0.154086
0.154031
0.153977
0.153923
0.153869
0.153814
0.153760
0.153706
0.153652
0.153597
0.153543
0.153489
0.153435
0.153381
0.153327
0.153273
0.153219
0.153165
0.153111
0.153057
0.153003
0.152949
0.152895
0.152841
0.152787
0.152733
0.152679
0.152626
0.152572
0.152518
0.152464
0.152411
0.152357
0.152303
0.152249
0.152196
0.152142
0.152088
0.152035
0.151981
0.151928
0.151874
0.151821
0.151767
0.151713
0.151660
0.151607
0.151553
0.151500
0.151446
0.151393
0.151340
0.151286
0.151233
0.151180
0.151126
0.151073
0.151020
0.150966
0.150913
0.150860
0.150807
0.150754
0.150701
0.150647
0.150594
0.150541
0.150488
0.150435
0.150382
0.150329
0.150276
0.150223
0.150170
0.150117
0.150064
0.150011
0.149959
0.149906
0.149853
0.149800
0.149747
0.149694
0.149642
0.149589
0.149536
0.149483
0.149431
0.149378
0.149325
0.149273
0.149220
0.149168
0.149115
0.149063
0.149010
0.148957
0.148905
0.148852
0.148800
0.148748
0.148695
0.148643
0.148590
0.148538
0.148486
0.148433
0.148381
0.148329
0.148276
0.148224
0.148172
0.148120
0.148067
0.148015
0.147963
0.147911
0.147859
0.147807
0.147755
0.147703
0.147650
0.147598
0.147546
0.147494
0.147442
0.147390
0.147339
0.147287
0.147235
0.147183
0.147131
0.147079
0.147027
0.146975
0.146924
0.146872
0.146820
0.146768
0.146717
0.146665
0.146613
0.146562
0.146510
0.146458
0.146407
0.146355
0.146304
0.146252
0.146200
0.146149
0.146097
0.146046
0.145994
0.145943
0.145892
0.145840
0.145789
0.145737
0.145686
0.145635
0.145583
0.145532
0.145481
0.145430
0.145378
0.145327
0.145276
0.145225
0.145173
0.145122
0.145071
0.145020
0.144969
0.144918
0.144867
0.144816
0.144765
0.144714
0.144663
0.144612
0.144561
0.144510
0.144459
0.144408
0.144357
0.144306
0.144255
0.144205
0.144154
0.144103
0.144052
0.144002
0.143951
0.143900
0.143849
0.143799
0.143748
0.143697
0.143647
0.143596
0.143546
0.143495
0.143444
0.143394
0.143343
0.143293
0.143242
0.143192
0.143141
0.143091
0.143041
0.142990
0.142940
0.142889
0.142839
0.142789
0.142738
0.142688
0.142638
0.142588
0.142537
0.142487
0.142437
0.142387
0.142337
0.142287
0.142236
0.142186
0.142136
0.142086
0.142036
0.141986
0.141936
0.141886
0.141836
0.141786
0.141736
0.141686
0.141636
0.141586
0.141536
0.141487
0.141437
0.141387
0.141337
0.141287
0.141238
0.141188
0.141138
0.141088
0.141039
0.140989
0.140939
0.140890
0.140840
0.140790
0.140741
0.140691
0.140642
0.140592
0.140543
0.140493
0.140444
0.140394
0.140345
0.140295
0.140246
0.140196
0.140147
0.140098
0.140048
0.139999
0.139950
0.139900
0.139851
0.139802
0.139753
0.139703
0.139654
0.139605
0.139556
0.139507
0.139458
0.139408
0.139359
0.139310
0.139261
0.139212
0.139163
0.139114
0.139065
0.139016
0.138967
0.138918
0.138869
0.138820
0.138771
0.138723
0.138674
0.138625
0.138576
0.138527
0.138478
0.138430
0.138381
0.138332
0.138283
0.138235
0.138186
0.138137
0.138089
0.138040
0.137991
0.137943
0.137894
0.137846
0.137797
0.137749
0.137700
0.137652
0.137603
0.137555
0.137506
0.137458
0.137409
0.137361
0.137313
0.137264
0.137216
0.137168
0.137119
0.137071
0.137023
0.136974
0.136926
0.136878
0.136830
0.136782
0.136733
0.136685
0.136637
0.136589
0.136541
0.136493
0.136445
0.136397
0.136349
0.136301
0.136253
0.136205
0.136157
0.136109
0.136061
0.136013
0.135965
0.135917
0.135869
0.135822
0.135774
0.135726
0.135678
0.135630
0.135583
0.135535
0.135487
0.135439
0.135392
0.135344
0.135296
0.135249
0.135201
0.135153
0.135106
0.135058
0.135011
0.134963
0.134916
0.134868
0.134821
0.134773
0.134726
0.134678
0.134631
0.134583
0.134536
0.134489
0.134441
0.134394
0.134347
0.134299
0.134252
0.134205
0.134158
0.134110
0.134063
0.134016
0.133969
0.133922
0.133874
0.133827
0.133780
0.133733
0.133686
0.133639
0.133592
0.133545
0.133498
0.133451
0.133404
0.133357
0.133310
0.133263
0.133216
0.133169
0.133122
0.133075
0.133029
0.132982
0.132935
0.132888
0.132841
0.132795
0.132748
0.132701
0.132654
0.132608
0.132561
0.132514
0.132468
0.132421
0.132374
0.132328
0.132281
0.132235
0.132188
0.132142
0.132095
0.132049
0.132002
0.131956
0.131909
0.131863
0.131816
0.131770
0.131724
0.131677
0.131631
0.131584
0.131538
0.131492
0.131446
0.131399
0.131353
0.131307
0.131261
0.131214
0.131168
0.131122
0.131076
0.131030
0.130984
0.130937
0.130891
0.130845
0.130799
0.130753
0.130707
0.130661
0.130615
0.130569
0.130523
0.130477
0.130431
0.130385
0.130340
0.130294
0.130248
0.130202
0.130156
0.130110
0.130065
0.130019
0.129973
0.129927
0.129882
0.129836
0.129790
0.129744
0.129699
0.129653
0.129607
0.129562
0.129516
0.129471
0.129425
0.129380
0.129334
0.129288
0.129243
0.129197
0.129152
0.129107
0.129061
0.129016
0.128970
0.128925
0.128880
0.128834
0.128789
0.128743
0.128698
0.128653
0.128608
0.128562
0.128517
0.128472
0.128427
0.128381
0.128336
0.128291
0.128246
0.128201
0.128156
0.128111
0.128066
0.128020
0.127975
0.127930
0.127885
0.127840
0.127795
0.127750
0.127705
0.127660
0.127616
0.127571
0.127526
0.127481
0.127436
0.127391
0.127346
0.127302
0.127257
0.127212
0.127167
0.127122
0.127078
0.127033
0.126988
0.126944
0.126899
0.126854
0.126810
0.126765
0.126720
0.126676
0.126631
0.126587
0.126542
0.126498
0.126453
0.126409
0.126364
0.126320
0.126275
0.126231
0.126186
0.126142
0.126098
0.126053
0.126009
0.125964
0.125920
0.125876
0.125832
0.125787
0.125743
0.125699
0.125655
0.125610
0.125566
0.125522
0.125478
0.125434
0.125390
0.125345
0.125301
0.125257
0.125213
0.125169
0.125125
0.125081
0.125037
0.124993
0.124949
0.124905
0.124861
0.124817
0.124773
0.124729
0.124685
0.124642
0.124598
0.124554
0.124510
0.124466
0.124423
0.124379
0.124335
0.124291
0.124248
0.124204
0.124160
0.124116
0.124073
0.124029
0.123985
0.123942
0.123898
0.123855
0.123811
0.123768
0.123724
0.123680
0.123637
0.123593
0.123550
0.123507
0.123463
0.123420
0.123376
0.123333
0.123289
0.123246
0.123203
0.123159
0.123116
0.123073
0.123029
0.122986
0.122943
0.122900
0.122856
0.122813
0.122770
0.122727
0.122684
0.122640
0.122597
0.122554
0.122511
0.122468
0.122425
0.122382
0.122339
0.122296
0.122253
0.122210
0.122167
0.122124
0.122081
0.122038
0.121995
0.121952
0.121909
0.121866
0.121823
0.121781
0.121738
0.121695
0.121652
0.121609
0.121567
0.121524
0.121481
0.121438
0.121396
0.121353
0.121310
0.121268
0.121225
0.121182
0.121140
0.121097
0.121054
0.121012
0.120969
0.120927
0.120884
0.120842
0.120799
0.120757
0.120714
0.120672
0.120629
0.120587
0.120544
0.120502
0.120460
0.120417
0.120375
0.120333
0.120290
0.120248
0.120206
0.120163
0.120121
0.120079
0.120037
0.119994
0.119952
0.119910
0.119868
0.119826
0.119784
0.119741
0.119699
0.119657
0.119615
0.119573
0.119531
0.119489
0.119447
0.119405
