62.910779
62.910779
56.326723
50.433485
45.158580
40.437131
36.211068
32.428412
29.042641
26.012110
23.299548
20.871592
18.698379
16.753182
15.012076
13.453647
12.058728
10.810163
9.692595
8.692281
7.796918
6.995493
6.278150
5.636068
5.061349
4.546926
4.086472
3.674324
3.305415
2.975206
2.679638
2.415077
2.178268
1.966299
1.776566
1.606734
1.454715
1.318640
1.196837
1.087808
0.990213
0.902852
0.824651
0.754649
0.691986
0.635891
0.585677
0.540725
0.500483
0.464458
0.432207
0.403334
0.377484
0.354341
0.333619
0.315066
0.298454
0.283579
0.270258
0.258329
0.247646
0.238078
0.229508
0.221831
0.214953
0.208791
0.203270
0.198322
0.193888
0.189912
0.186348
0.183152
0.180285
0.177713
0.175405
0.173333
0.171473
0.169802
0.168300
0.166950
0.165736
0.164643
0.163659
0.162773
0.161973
0.161251
0.160599
0.160010
0.159477
0.158993
0.158555
0.158156
0.157794
0.157464
0.157162
0.156886
0.156633
0.156401
0.156187
0.155990
0.155808
0.155639
0.155482
0.155335
0.155198
0.155069
0.154948
0.154834
0.154726
0.154624
0.154526
0.154433
0.154343
0.154258
0.154175
0.154095
0.154018
0.153943
0.153870
0.153799
0.153729
0.153661
0.153594
0.153529
0.153464
0.153400
0.153338
0.153276
0.153214
0.153154
0.153093
0.153034
0.152975
0.152916
0.152857
0.152799
0.152741
0.152684
0.152627
0.152569
0.152513
0.152456
0.152399
0.152343
0.152287
0.152230
0.152174
0.152118
0.152063
0.152007
0.151951
0.151895
0.151840
0.151784
0.151729
0.151674
0.151618
0.151563
0.151508
0.151453
0.151397
0.151342
0.151287
0.151232
0.151177
0.151122
0.151067
0.151012
0.150957
0.150902
0.150848
0.150793
0.150738
0.150683
0.150628
0.150574
0.150519
0.150464
0.150410
0.150355
0.150300
0.150246
0.150191
0.150137
0.150082
0.150028
0.149973
0.149919
0.149864
0.149810
0.149755
0.149701
0.149647
0.149592
0.149538
0.149484
0.149429
0.149375
0.149321
0.149267
0.149212
0.149158
0.149104
0.149050
0.148996
0.148942
0.148888
0.148834
0.148780
0.148725
0.148671
0.148618
0.148564
0.148510
0.148456
0.148402
0.148348
0.148294
0.148240
0.148186
0.148133
0.148079
0.148025
0.147971
0.147918
0.147864
0.147810
0.147757
0.147703
0.147649
0.147596
0.147542
0.147488
0.147435
0.147381
0.147328
0.147274
0.147221
0.147168
0.147114
0.147061
0.147007
0.146954
0.146901
0.146847
0.146794
0.146741
0.146687
0.146634
0.146581
0.146528
0.146474
0.146421
0.146368
0.146315
0.146262
0.146209
0.146156
0.146103
0.146050
0.145997
0.145944
0.145891
0.145838
0.145785
0.145732
0.145679
0.145626
0.145573
0.145520
0.145468
0.145415
0.145362
0.145309
0.145256
0.145204
0.145151
0.145098
0.145046
0.144993
0.144940
0.144888
0.144835
0.144783
0.144730
0.144677
0.144625
0.144572
0.144520
0.144468
0.144415
0.144363
0.144310
0.144258
0.144206
0.144153
0.144101
0.144049
0.143996
0.143944
0.143892
0.143840
0.143787
0.143735
0.143683
0.143631
0.143579
0.143527
0.143475
0.143422
0.143370
0.143318
0.143266
0.143214
0.143162
0.143110
0.143058
0.143007
0.142955
0.142903
0.142851
0.142799
0.142747
0.142695
0.142644
0.142592
0.142540
0.142488
0.142437
0.142385
0.142333
0.142282
0.142230
0.142178
0.142127
0.142075
0.142024
0.141972
0.141921
0.141869
0.141818
0.141766
0.141715
0.141663
0.141612
0.141561
0.141509
0.141458
0.141406
0.141355
0.141304
0.141253
0.141201
0.141150
0.141099
0.141048
0.140997
0.140945
0.140894
0.140843
0.140792
0.140741
0.140690
0.140639
0.140588
0.140537
0.140486
0.140435
0.140384
0.140333
0.140282
0.140231
0.140180
0.140129
0.140078
0.140028
0.139977
0.139926
0.139875
0.139825
0.139774
0.139723
0.139672
0.139622
0.139571
0.139520
0.139470
0.139419
0.139369
0.139318
0.139267
0.139217
0.139166
0.139116
0.139065
0.139015
0.138965
0.138914
0.138864
0.138813
0.138763
0.138713
0.138662
0.138612
0.138562
0.138512
0.138461
0.138411
0.138361
0.138311
0.138260
0.138210
0.138160
0.138110
0.138060
0.138010
0.137960
0.137910
0.137860
0.137810
0.137760
0.137710
0.137660
0.137610
0.137560
0.137510
0.137460
0.137410
0.137360
0.137311
0.137261
0.137211
0.137161
0.137111
0.137062
0.137012
0.136962
0.136913
0.136863
0.136813
0.136764
0.136714
0.136664
0.136615
0.136565
0.136516
0.136466
0.136417
0.136367
0.136318
0.136268
0.136219
0.136170
0.136120
0.136071
0.136021
0.135972
0.135923
0.135874
0.135824
0.135775
0.135726
0.135676
0.135627
0.135578
0.135529
0.135480
0.135431
0.135381
0.135332
0.135283
0.135234
0.135185
0.135136
0.135087
0.135038
0.134989
0.134940
0.134891
0.134842
0.134793
0.134745
0.134696
0.134647
0.134598
0.134549
0.134500
0.134452
0.134403
0.134354
0.134305
0.134257
0.134208
0.134159
0.134111
0.134062
0.134013
0.133965
0.133916
0.133868
0.133819
0.133771
0.133722
0.133674
0.133625
0.133577
0.133528
0.133480
0.133431
0.133383
0.133335
0.133286
0.133238
0.133190
0.133141
0.133093
0.133045
0.132997
0.132948
0.132900
0.132852
0.132804
0.132756
0.132707
0.132659
0.132611
0.132563
0.132515
0.132467
0.132419
0.132371
0.132323
0.132275
0.132227
0.132179
0.132131
0.132083
0.132035
0.131988
0.131940
0.131892
0.131844
0.131796
0.131748
0.131701
0.131653
0.131605
0.131557
0.131510
0.131462
0.131414
0.131367
0.131319
0.131271
0.131224
0.131176
0.131129
0.131081
0.131034
0.130986
0.130939
0.130891
0.130844
0.130796
0.130749
0.130702
0.130654
0.130607
0.130559
0.130512
0.130465
0.130417
0.130370
0.130323
0.130276
0.130228
0.130181
0.130134
0.130087
0.130040
0.129993
0.129945
0.129898
0.129851
0.129804
0.129757
0.129710
0.129663
0.129616
0.129569
0.129522
0.129475
0.129428
0.129381
0.129334
0.129287
0.129241
0.129194
0.129147
0.129100
0.129053
0.129007
0.128960
0.128913
0.128866
0.128820
0.128773
0.128726
0.128680
0.128633
0.128586
0.128540
0.128493
0.128447
0.128400
0.128353
0.128307
0.128260
0.128214
0.128167
0.128121
0.128075
0.128028
0.127982
0.127935
0.127889
0.127843
0.127796
0.127750
0.127704
0.127657
0.127611
0.127565
0.127519
0.127472
0.127426
0.127380
0.127334
0.127288
0.127242
0.127195
0.127149
0.127103
0.127057
0.127011
0.126965
0.126919
0.126873
0.126827
0.126781
0.126735
0.126689
0.126643
0.126597
0.126552
0.126506
0.126460
0.126414
0.126368
0.126322
0.126277
0.126231
0.126185
0.126139
0.126094
0.126048
0.126002
0.125957
0.125911
0.125865
0.125820
0.125774
0.125729
0.125683
0.125637
0.125592
0.125546
0.125501
0.125455
0.125410
0.125365
0.125319
0.125274
0.125228
0.125183
0.125138
0.125092
0.125047
0.125002
0.124956
0.124911
0.124866
0.124821
0.124775
0.124730
0.124685
0.124640
0.124595
0.124549
0.124504
0.124459
0.124414
0.124369
0.124324
0.124279
0.124234
0.124189
0.124144
0.124099
0.124054
0.124009
0.123964
0.123919
0.123874
0.123829
0.123784
0.123740
0.123695
0.123650
0.123605
0.123560
0.123516
0.123471
0.123426
0.123381
0.123337
0.123292
0.123247
0.123203
0.123158
0.123113
0.123069
0.123024
0.122980
0.122935
0.122891
0.122846
0.122802
0.122757
0.122713
0.122668
0.122624
0.122579
0.122535
0.122490
0.122446
0.122402
0.122357
0.122313
0.122269
0.122224
0.122180
0.122136
0.122092
0.122047
0.122003
0.121959
0.121915
0.121871
0.121827
0.121782
0.121738
0.121694
0.121650
0.121606
0.121562
0.121518
0.121474
0.121430
0.121386
0.121342
0.121298
0.121254
0.121210
0.121166
0.121122
0.121078
0.121035
0.120991
0.120947
0.120903
0.120859
0.120816
0.120772
0.120728
0.120684
0.120641
0.120597
0.120553
0.120510
0.120466
0.120422
0.120379
0.120335
0.120291
0.120248
0.120204
0.120161
0.120117
0.120074
0.120030
0.119987
0.119943
0.119900
0.119857
0.119813
0.119770
0.119726
0.119683
0.119640
0.119596
0.119553
0.119510
0.119466
0.119423
0.119380
0.119337
0.119293
0.119250
0.119207
0.119164
0.119121
0.119078
0.119034
0.118991
0.118948
0.118905
0.118862
0.118819
0.118776
0.118733
0.118690
0.118647
0.118604
0.118561
0.118518
0.118475
0.118432
0.118389
0.118347
0.118304
0.118261
0.118218
0.118175
0.118132
0.118090
0.118047
0.118004
0.117961
0.117919
0.117876
0.117833
0.117791
0.117748
0.117705
0.117663
0.117620
0.117578
0.117535
0.117492
0.117450
0.117407
0.117365
0.117322
0.117280
0.117237
0.117195
0.117153
0.117110
0.117068
0.117025
0.116983
0.116941
0.116898
0.116856
0.116814
0.116771
0.116729
0.116687
0.116645
0.116602
0.116560
0.116518
0.116476
0.116433
0.116391
0.116349
0.116307
0.116265
0.116223
0.116181
0.116139
0.116097
0.116055
0.116013
0.115971
0.115929
0.115887
0.115845
0.115803
0.115761
0.115719
0.115677
0.115635
0.115593
0.115551
0.115510
0.115468
0.115426
0.115384
0.115342
0.115301
0.115259
0.115217
0.115175
0.115134
0.115092
0.115050
0.115009
0.114967
0.114926
0.114884
0.114842
0.114801
0.114759
0.114718
0.114676
0.114635
0.114593
0.114552
0.114510
0.114469
0.114427
0.114386
0.114344
0.114303
0.114262
0.114220
0.114179
0.114138
0.114096
0.114055
0.114014
0.113973
0.113931
0.113890
0.113849
0.113808
0.113766
0.113725
0.113684
0.113643
0.113602
0.113561
0.113520
0.113478
0.113437
0.113396
0.113355
0.113314
0.113273
0.113232
0.113191
0.113150
0.113109
0.113068
0.113027
0.112987
0.112946
0.112905
0.112864
0.112823
0.112782
0.112741
0.112701
0.112660
0.112619
0.112578
0.112538
0.112497
0.112456
0.112415
0.112375
0.112334
0.112293
0.112253
0.112212
0.112172
0.112131
0.112090
0.112050
0.112009
0.111969
0.111928
0.111888
0.111847
0.111807
0.111766
0.111726
0.111685
0.111645
0.111605
0.111564
0.111524
0.111483
0.111443
0.111403
0.111362
0.111322
0.111282
0.111242
0.111201
0.111161
0.111121
0.111081
0.111040
0.111000
0.110960
0.110920
0.110880
0.110840
0.110800
0.110759
0.110719
0.110679
0.110639
0.110599
0.110559
0.110519
0.110479
0.110439
0.110399
0.110359
0.110319
0.110279
0.110240
0.110200
0.110160
0.110120
0.110080
0.110040
0.110000
0.109961
0.109921
0.109881
0.109841
0.109802
0.109762
0.109722
0.109682
0.109643
0.109603
0.109563
0.109524
0.109484
0.109445
0.109405
0.109365
0.109326
0.109286
0.109247
0.109207
0.109168
0.109128
0.109089
0.109049
0.109010
0.108970
0.108931
0.108892
0.108852
0.108813
0.108773
0.108734
0.108695
0.108655
0.108616
0.108577
0.108538
0.108498
0.108459
0.108420
0.108381
0.108341
0.108302
0.108263
0.108224
0.108185
0.108146
0.108106
0.108067
0.108028
0.107989
0.107950
0.107911
0.107872
0.107833
0.107794
0.107755
0.107716
0.107677
0.107638
0.107599
0.107560
0.107521
0.107482
0.107443
0.107405
0.107366
0.107327
0.107288
0.107249
0.107211
0.107172
0.107133
0.107094
0.107055
0.107017
0.106978
0.106939
0.106901
0.106862
0.106823
0.106785
0.106746
0.106707
0.106669
0.106630
0.106592
0.106553
0.106515
0.106476
0.106438
0.106399
0.106361
0.106322
0.106284
0.106245
0.106207
0.106168
0.106130
0.106092
0.106053
0.106015
0.105977
0.105938
0.105900
0.105862
0.105823
0.105785
0.105747
0.105709
0.105670
0.105632
0.105594
0.105556
0.105518
0.105479
0.105441
0.105403
0.105365
0.105327
0.105289
0.105251
0.105213
0.105175
0.105137
0.105099
0.105061
0.105023
0.104985
0.104947
0.104909
0.104871
0.104833
0.104795
0.104757
0.104719
0.104681
0.104643
0.104606
0.104568
0.104530
0.104492
0.104454
0.104417
0.104379
0.104341
0.104303
0.104266
0.104228
0.104190
0.104153
0.104115
0.104077
0.104040
0.104002
0.103964
0.103927
0.103889
0.103852
0.103814
0.103777
0.103739
0.103702
0.103664
0.103627
0.103589
0.103552
0.103514
0.103477
0.103439
0.103402
0.103365
0.103327
0.103290
0.103252
0.103215
0.103178
0.103141
0.103103
0.103066
0.103029
0.102991
0.102954
0.102917
0.102880
0.102843
0.102805
0.102768
0.102731
0.102694
0.102657
0.102620
0.102583
0.102545
0.102508
0.102471
0.102434
0.102397
0.102360
0.102323
0.102286
0.102249
0.102212
0.102175
0.102138
0.102101
0.102065
0.102028
0.101991
0.101954
0.101917
0.101880
0.101843
0.101807
0.101770
0.101733
0.101696
0.101659
0.101623
0.101586
0.101549
0.101513
0.101476
0.101439
0.101402
0.101366
0.101329
0.101293
0.101256
0.101219
0.101183
0.101146
0.101110
0.101073
0.101037
0.101000
0.100964
0.100927
0.100891
0.100854
0.100818
0.100781
0.100745
0.100708
0.100672
0.100636
0.100599
0.100563
0.100526
0.100490
0.100454
0.100417
0.100381
0.100345
0.100309
0.100272
0.100236
0.100200
0.100164
0.100127
0.100091
0.100055
0.100019
0.099983
0.099947
0.099911
0.099874
0.099838
0.099802
0.099766
0.099730
0.099694
0.099658
0.099622
0.099586
0.099550
0.099514
0.099478
0.099442
0.099406
0.099370
0.099334
0.099298
0.099263
0.099227
0.099191
0.099155
0.099119
0.099083
0.099048
0.099012
0.098976
0.098940
0.098904
0.098869
0.098833
0.098797
0.098762
0.098726
0.098690
0.098655
0.098619
0.098583
0.098548
0.098512
0.098476
0.098441
0.098405
0.098370
0.098334
0.098299
0.098263
0.098228
0.098192
0.098157
0.098121
0.098086
0.098050
0.098015
0.097979
0.097944
0.097909
0.097873
0.097838
0.097802
0.097767
0.097732
0.097697
0.097661
0.097626
0.097591
0.097555
0.097520
0.097485
0.097450
0.097414
0.097379
0.097344
0.097309
0.097274
0.097239
0.097203
0.097168
0.097133
0.097098
0.097063
0.097028
0.096993
0.096958
0.096923
0.096888
0.096853
0.096818
0.096783
0.096748
0.096713
0.096678
0.096643
0.096608
0.096573
0.096538
0.096504
0.096469
0.096434
0.096399
0.096364
0.096329
0.096295
0.096260
0.096225
0.096190
0.096155
0.096121
0.096086
0.096051
0.096017
0.095982
0.095947
0.095913
0.095878
0.095843
0.095809
0.095774
0.095739
0.095705
0.095670
0.095636
0.095601
0.095567
0.095532
0.095498
0.095463
0.095429
0.095394
0.095360
0.095325
0.095291
0.095256
0.095222
0.095188
0.095153
0.095119
0.095084
0.095050
0.095016
0.094981
0.094947
0.094913
0.094879
0.094844
0.094810
0.094776
0.094742
0.094707
0.094673
0.094639
0.094605
0.094571
0.094536
0.094502
0.094468
0.094434
0.094400
0.094366
0.094332
0.094298
0.094264
0.094230
0.094196
0.094162
0.094127
0.094093
0.094060
0.094026
0.093992
0.093958
0.093924
0.093890
0.093856
0.093822
0.093788
0.093754
0.093720
0.093687
0.093653
0.093619
0.093585
0.093551
0.093517
0.093484
0.093450
0.093416
0.093382
0.093349
0.093315
0.093281
0.093248
0.093214
