62.833186
62.833186
51.402751
42.058164
34.418792
28.173460
23.067778
18.893778
15.481444
12.691783
10.411168
8.546706
7.022455
5.776333
4.757586
3.924721
3.243817
2.687145
2.232034
1.859951
1.555744
1.307028
1.103676
0.937409
0.801461
0.690299
0.599399
0.525065
0.464273
0.414552
0.373881
0.340610
0.313388
0.291111
0.272877
0.257947
0.245720
0.235701
0.227489
0.220752
0.215223
0.210680
0.206944
0.203867
0.201330
0.199233
0.197496
0.196054
0.194853
0.193849
0.193006
0.192295
0.191691
0.191175
0.190731
0.190346
0.190009
0.189712
0.189446
0.189207
0.188990
0.188790
0.188604
0.188431
0.188267
0.188110
0.187961
0.187816
0.187677
0.187540
0.187407
0.187276
0.187147
0.187019
0.186893
0.186768
0.186644
0.186521
0.186399
0.186277
0.186155
0.186034
0.185913
0.185793
0.185672
0.185552
0.185432
0.185313
0.185193
0.185074
0.184954
0.184835
0.184716
0.184597
0.184478
0.184360
0.184241
0.184122
0.184004
0.183885
0.183767
0.183649
0.183531
0.183413
0.183295
0.183177
0.183059
0.182941
0.182823
0.182706
0.182588
0.182471
0.182353
0.182236
0.182119
0.182002
0.181885
0.181768
0.181651
0.181534
0.181417
0.181300
0.181184
0.181067
0.180951
0.180834
0.180718
0.180602
0.180486
0.180370
0.180254
0.180138
0.180022
0.179906
0.179790
0.179675
0.179559
0.179444
0.179328
0.179213
0.179098
0.178983
0.178867
0.178752
0.178637
0.178523
0.178408
0.178293
0.178178
0.178064
0.177949
0.177835
0.177720
0.177606
0.177492
0.177378
0.177264
0.177150
0.177036
0.176922
0.176808
0.176694
0.176581
0.176467
0.176354
0.176240
0.176127
0.176014
0.175901
0.175788
0.175674
0.175562
0.175449
0.175336
0.175223
0.175110
0.174998
0.174885
0.174773
0.174660
0.174548
0.174436
0.174324
0.174212
0.174100
0.173988
0.173876
0.173764
0.173652
0.173541
0.173429
0.173318
0.173206
0.173095
0.172983
0.172872
0.172761
0.172650
0.172539
0.172428
0.172317
0.172206
0.172096
0.171985
0.171875
0.171764
0.171654
0.171543
0.171433
0.171323
0.171213
0.171103
0.170993
0.170883
0.170773
0.170663
0.170553
0.170444
0.170334
0.170225
0.170115
0.170006
0.169896
0.169787
0.169678
0.169569
0.169460
0.169351
0.169242
0.169133
0.169025
0.168916
0.168807
0.168699
0.168591
0.168482
0.168374
0.168266
0.168157
0.168049
0.167941
0.167833
0.167726
0.167618
0.167510
0.167402
0.167295
0.167187
0.167080
0.166972
0.166865
0.166758
0.166651
0.166543
0.166436
0.166329
0.166223
0.166116
0.166009
0.165902
0.165796
0.165689
0.165583
0.165476
0.165370
0.165263
0.165157
0.165051
0.164945
0.164839
0.164733
0.164627
0.164521
0.164416
0.164310
0.164204
0.164099
0.163993
0.163888
0.163783
0.163677
0.163572
0.163467
0.163362
0.163257
0.163152
0.163047
0.162943
0.162838
0.162733
0.162629
0.162524
0.162420
0.162315
0.162211
0.162107
0.162003
0.161899
0.161795
0.161691
0.161587
0.161483
0.161379
0.161275
0.161172
0.161068
0.160965
0.160861
0.160758
0.160655
0.160551
0.160448
0.160345
0.160242
0.160139
0.160036
0.159933
0.159831
0.159728
0.159625
0.159523
0.159420
0.159318
0.159216
0.159113
0.159011
0.158909
0.158807
0.158705
0.158603
0.158501
0.158399
0.158297
0.158196
0.158094
0.157992
0.157891
0.157789
0.157688
0.157587
0.157486
0.157384
0.157283
0.157182
0.157081
0.156980
0.156879
0.156779
0.156678
0.156577
0.156477
0.156376
0.156276
0.156175
0.156075
0.155975
0.155875
0.155774
0.155674
0.155574
0.155474
0.155375
0.155275
0.155175
0.155075
0.154976
0.154876
0.154777
0.154677
0.154578
0.154479
0.154379
0.154280
0.154181
0.154082
0.153983
0.153884
0.153785
0.153687
0.153588
0.153489
0.153391
0.153292
0.153194
0.153095
0.152997
0.152899
0.152801
0.152702
0.152604
0.152506
0.152408
0.152311
0.152213
0.152115
0.152017
0.151920
0.151822
0.151725
0.151627
0.151530
0.151432
0.151335
0.151238
0.151141
0.151044
0.150947
0.150850
0.150753
0.150656
0.150559
0.150463
0.150366
0.150270
0.150173
0.150077
0.149980
0.149884
0.149788
0.149692
0.149595
0.149499
0.149403
0.149307
0.149212
0.149116
0.149020
0.148924
0.148829
0.148733
0.148638
0.148542
0.148447
0.148351
0.148256
0.148161
0.148066
0.147971
0.147876
0.147781
0.147686
0.147591
0.147496
0.147402
0.147307
0.147212
0.147118
0.147023
0.146929
0.146835
0.146740
0.146646
0.146552
0.146458
0.146364
0.146270
0.146176
0.146082
0.145988
0.145895
0.145801
0.145708
0.145614
0.145520
0.145427
0.145334
0.145240
0.145147
0.145054
0.144961
0.144868
0.144775
0.144682
0.144589
0.144496
0.144403
0.144311
0.144218
0.144125
0.144033
0.143941
0.143848
0.143756
0.143663
0.143571
0.143479
0.143387
0.143295
0.143203
0.143111
0.143019
0.142927
0.142836
0.142744
0.142652
0.142561
0.142469
0.142378
0.142286
0.142195
0.142104
0.142013
0.141921
0.141830
0.141739
0.141648
0.141557
0.141467
0.141376
0.141285
0.141194
0.141104
0.141013
0.140923
0.140832
0.140742
0.140652
0.140561
0.140471
0.140381
0.140291
0.140201
0.140111
0.140021
0.139931
0.139841
0.139751
0.139662
0.139572
0.139483
0.139393
0.139304
0.139214
0.139125
0.139036
0.138946
0.138857
0.138768
0.138679
0.138590
0.138501
0.138412
0.138323
0.138235
0.138146
0.138057
0.137969
0.137880
0.137792
0.137703
0.137615
0.137527
0.137438
0.137350
0.137262
0.137174
0.137086
0.136998
0.136910
0.136822
0.136734
0.136647
0.136559
0.136471
0.136384
0.136296
0.136209
0.136122
0.136034
0.135947
0.135860
0.135773
0.135685
0.135598
0.135511
0.135424
0.135338
0.135251
0.135164
0.135077
0.134991
0.134904
0.134817
0.134731
0.134644
0.134558
0.134472
0.134385
0.134299
0.134213
0.134127
0.134041
0.133955
0.133869
0.133783
0.133697
0.133612
0.133526
0.133440
0.133355
0.133269
0.133184
0.133098
0.133013
0.132927
0.132842
0.132757
0.132672
0.132587
0.132502
0.132417
0.132332
0.132247
0.132162
0.132077
0.131992
0.131908
0.131823
0.131739
0.131654
0.131570
0.131485
0.131401
0.131317
0.131232
0.131148
0.131064
0.130980
0.130896
0.130812
0.130728
0.130644
0.130561
0.130477
0.130393
0.130309
0.130226
0.130142
0.130059
0.129976
0.129892
0.129809
0.129726
0.129642
0.129559
0.129476
0.129393
0.129310
0.129227
0.129144
0.129062
0.128979
0.128896
0.128813
0.128731
0.128648
0.128566
0.128483
0.128401
0.128319
0.128236
0.128154
0.128072
0.127990
0.127908
0.127826
0.127744
0.127662
0.127580
0.127498
0.127416
0.127335
0.127253
0.127171
0.127090
0.127008
0.126927
0.126845
0.126764
0.126683
0.126602
0.126520
0.126439
0.126358
0.126277
0.126196
0.126115
0.126034
0.125954
0.125873
0.125792
0.125711
0.125631
0.125550
0.125470
0.125389
0.125309
0.125229
0.125148
0.125068
0.124988
0.124908
0.124828
0.124748
0.124668
0.124588
0.124508
0.124428
0.124348
0.124269
0.124189
0.124109
0.124030
0.123950
0.123871
0.123791
0.123712
0.123633
0.123553
0.123474
0.123395
0.123316
0.123237
0.123158
0.123079
0.123000
0.122921
0.122842
0.122764
0.122685
0.122606
0.122528
0.122449
0.122371
0.122292
0.122214
0.122135
0.122057
0.121979
0.121901
0.121823
0.121745
0.121667
0.121589
0.121511
0.121433
0.121355
0.121277
0.121199
0.121122
0.121044
0.120966
0.120889
0.120811
0.120734
0.120657
0.120579
0.120502
0.120425
0.120348
0.120270
0.120193
0.120116
0.120039
0.119962
0.119886
0.119809
0.119732
0.119655
0.119578
0.119502
0.119425
0.119349
0.119272
0.119196
0.119119
0.119043
0.118967
0.118891
0.118814
0.118738
0.118662
0.118586
0.118510
0.118434
0.118358
0.118282
0.118207
0.118131
0.118055
0.117979
0.117904
0.117828
0.117753
0.117677
0.117602
0.117527
0.117451
0.117376
0.117301
0.117226
0.117150
0.117075
0.117000
0.116925
0.116850
0.116776
0.116701
0.116626
0.116551
0.116477
0.116402
0.116327
0.116253
0.116178
0.116104
0.116030
0.115955
0.115881
0.115807
0.115732
0.115658
0.115584
0.115510
0.115436
0.115362
0.115288
0.115214
0.115141
0.115067
0.114993
0.114919
0.114846
0.114772
0.114699
0.114625
0.114552
0.114478
0.114405
0.114332
0.114259
0.114185
0.114112
0.114039
0.113966
0.113893
0.113820
0.113747
0.113674
0.113601
0.113529
0.113456
0.113383
0.113311
0.113238
0.113165
0.113093
0.113021
0.112948
0.112876
0.112803
0.112731
0.112659
0.112587
0.112515
0.112443
0.112371
0.112299
0.112227
0.112155
0.112083
0.112011
0.111939
0.111868
0.111796
0.111724
0.111653
0.111581
0.111510
0.111439
0.111367
0.111296
0.111225
0.111153
0.111082
0.111011
0.110940
0.110869
0.110798
0.110727
0.110656
0.110585
0.110514
0.110443
0.110373
0.110302
0.110231
0.110161
0.110090
0.110020
0.109949
0.109879
0.109808
0.109738
0.109668
0.109598
0.109527
0.109457
0.109387
0.109317
0.109247
0.109177
0.109107
0.109037
0.108968
0.108898
0.108828
0.108758
0.108689
0.108619
0.108550
0.108480
0.108411
0.108341
0.108272
0.108202
0.108133
0.108064
0.107995
0.107926
0.107856
0.107787
0.107718
0.107649
0.107580
0.107512
0.107443
0.107374
0.107305
0.107237
0.107168
0.107099
0.107031
0.106962
0.106894
0.106825
0.106757
0.106688
0.106620
0.106552
0.106484
0.106415
0.106347
0.106279
0.106211
0.106143
0.106075
0.106007
0.105939
0.105872
0.105804
0.105736
0.105668
0.105601
0.105533
0.105466
0.105398
0.105331
0.105263
0.105196
0.105128
0.105061
0.104994
0.104927
0.104860
0.104792
0.104725
0.104658
0.104591
0.104524
0.104457
0.104391
0.104324
0.104257
0.104190
0.104124
0.104057
0.103990
0.103924
0.103857
0.103791
0.103724
0.103658
0.103591
0.103525
0.103459
0.103393
0.103327
0.103260
0.103194
0.103128
0.103062
0.102996
0.102930
0.102864
0.102799
0.102733
0.102667
0.102601
0.102536
0.102470
0.102404
0.102339
0.102273
0.102208
0.102143
0.102077
0.102012
0.101947
0.101881
0.101816
0.101751
0.101686
0.101621
0.101556
0.101491
0.101426
0.101361
0.101296
0.101231
0.101166
0.101102
0.101037
0.100972
0.100908
0.100843
0.100779
0.100714
0.100650
0.100585
0.100521
0.100456
0.100392
0.100328
0.100264
0.100200
0.100135
0.100071
0.100007
0.099943
0.099879
0.099816
0.099752
0.099688
0.099624
0.099560
0.099497
0.099433
0.099369
0.099306
0.099242
0.099179
0.099115
0.099052
0.098988
0.098925
0.098862
0.098798
0.098735
0.098672
0.098609
0.098546
0.098483
0.098420
0.098357
0.098294
0.098231
0.098168
0.098105
0.098043
0.097980
0.097917
0.097855
0.097792
0.097729
0.097667
0.097604
0.097542
0.097480
0.097417
0.097355
0.097293
0.097230
0.097168
0.097106
0.097044
0.096982
0.096920
0.096858
0.096796
0.096734
0.096672
0.096610
0.096548
0.096487
0.096425
0.096363
0.096301
0.096240
0.096178
0.096117
0.096055
0.095994
0.095932
0.095871
0.095810
0.095748
0.095687
0.095626
0.095565
0.095504
0.095443
0.095382
0.095321
0.095260
0.095199
0.095138
0.095077
0.095016
0.094955
0.094895
0.094834
0.094773
0.094713
0.094652
0.094592
0.094531
0.094471
0.094410
0.094350
0.094289
0.094229
0.094169
0.094109
0.094048
0.093988
0.093928
0.093868
0.093808
0.093748
0.093688
0.093628
0.093568
0.093508
0.093449
0.093389
0.093329
0.093269
0.093210
0.093150
0.093091
0.093031
0.092972
0.092912
0.092853
0.092793
0.092734
0.092675
0.092615
0.092556
0.092497
0.092438
0.092379
0.092320
0.092261
0.092202
0.092143
0.092084
0.092025
0.091966
0.091907
0.091849
0.091790
0.091731
0.091672
0.091614
0.091555
0.091497
0.091438
0.091380
0.091321
0.091263
0.091205
0.091146
0.091088
0.091030
0.090972
0.090913
0.090855
0.090797
0.090739
0.090681
0.090623
0.090565
0.090507
0.090449
0.090392
0.090334
0.090276
0.090218
0.090161
0.090103
0.090045
0.089988
0.089930
0.089873
0.089815
0.089758
0.089701
0.089643
0.089586
0.089529
0.089471
0.089414
0.089357
0.089300
0.089243
0.089186
0.089129
0.089072
0.089015
0.088958
0.088901
0.088844
0.088787
0.088731
0.088674
0.088617
0.088561
0.088504
0.088447
0.088391
0.088334
0.088278
0.088222
0.088165
0.088109
0.088052
0.087996
0.087940
0.087884
0.087828
0.087771
0.087715
0.087659
0.087603
0.087547
0.087491
0.087435
0.087379
0.087324
0.087268
0.087212
0.087156
0.087101
0.087045
0.086989
0.086934
0.086878
0.086823
0.086767
0.086712
0.086656
0.086601
0.086545
0.086490
0.086435
0.086380
0.086324
0.086269
0.086214
0.086159
0.086104
0.086049
0.085994
0.085939
0.085884
0.085829
0.085774
0.085720
0.085665
0.085610
0.085555
0.085501
0.085446
0.085391
0.085337
0.085282
0.085228
0.085173
0.085119
0.085065
0.085010
0.084956
0.084902
0.084847
0.084793
0.084739
0.084685
0.084631
0.084577
0.084523
0.084469
0.084415
0.084361
0.084307
0.084253
0.084199
0.084145
0.084091
0.084038
0.083984
0.083930
0.083877
0.083823
0.083770
0.083716
0.083663
0.083609
0.083556
0.083502
0.083449
0.083396
0.083342
0.083289
0.083236
0.083183
0.083130
0.083076
0.083023
0.082970
0.082917
0.082864
0.082811
0.082759
0.082706
0.082653
0.082600
0.082547
0.082495
0.082442
0.082389
0.082337
0.082284
0.082231
0.082179
0.082126
0.082074
0.082021
0.081969
0.081917
0.081864
0.081812
0.081760
0.081708
0.081655
0.081603
0.081551
0.081499
0.081447
0.081395
0.081343
0.081291
0.081239
0.081187
0.081135
0.081083
0.081032
0.080980
0.080928
0.080877
0.080825
0.080773
0.080722
0.080670
0.080619
0.080567
0.080516
0.080464
0.080413
0.080361
0.080310
0.080259
0.080208
0.080156
0.080105
0.080054
0.080003
0.079952
0.079901
0.079850
0.079799
0.079748
0.079697
0.079646
0.079595
0.079544
0.079493
0.079443
0.079392
0.079341
0.079291
0.079240
0.079189
0.079139
0.079088
0.079038
0.078987
0.078937
0.078886
0.078836
0.078786
0.078735
0.078685
0.078635
0.078585
0.078534
0.078484
0.078434
0.078384
0.078334
0.078284
0.078234
0.078184
0.078134
0.078084
0.078034
0.077985
0.077935
0.077885
0.077835
0.077786
0.077736
0.077686
0.077637
0.077587
0.077538
0.077488
0.077439
0.077389
0.077340
0.077290
0.077241
0.077192
0.077142
0.077093
0.077044
0.076995
0.076946
0.076896
0.076847
0.076798
0.076749
0.076700
0.076651
0.076602
0.076553
0.076505
0.076456
0.076407
0.076358
0.076309
0.076261
0.076212
0.076163
0.076115
0.076066
0.076018
0.075969
0.075921
0.075872
0.075824
0.075775
0.075727
0.075678
0.075630
0.075582
0.075534
0.075485
0.075437
0.075389
0.075341
0.075293
0.075245
0.075197
0.075149
0.075101
0.075053
0.075005
0.074957
