62683821.111463
62683821.111463
26621437.058378
11305964.243234
4801577.084250
2039203.835200
866040.888796
367805.787901
156208.393741
66344.271484
28179.521448
11971.176986
5087.583017
2164.153284
922.580982
395.283219
171.333488
76.213829
35.807536
18.637700
11.336270
8.225920
6.895521
6.321082
6.067723
5.950749
5.891725
5.857336
5.833437
5.814019
5.796529
5.779884
5.763624
5.747553
5.731588
5.715694
5.699854
5.684064
5.668320
5.652621
5.636966
5.621355
5.605788
5.590264
5.574784
5.559347
5.543953
5.528602
5.513294
5.498029
5.482806
5.467626
5.452489
5.437393
5.422340
5.407329
5.392360
5.377433
5.362547
5.347703
5.332901
5.318140
5.303420
5.288741
5.274104
5.259507
5.244951
5.230435
5.215961
5.201526
5.187132
5.172778
5.158464
5.144191
5.129957
5.115763
5.101608
5.087493
5.073417
5.059381
5.045384
5.031426
5.017507
5.003627
4.989786
4.975983
4.962219
4.948493
4.934806
4.921156
4.907545
4.893972
4.880437
4.866940
4.853480
4.840058
4.826673
4.813326
4.800016
4.786743
4.773507
4.760308
4.747146
4.734021
4.720932
4.707880
4.694864
4.681884
4.668941
4.656034
4.643163
4.630328
4.617528
4.604765
4.592037
4.579344
4.566687
4.554065
4.541479
4.528927
4.516411
4.503929
4.491482
4.479070
4.466693
4.454350
4.442042
4.429768
4.417528
4.405322
4.393150
4.381013
4.368909
4.356839
4.344802
4.332799
4.320830
4.308894
4.296991
4.285121
4.273285
4.261482
4.249711
4.237973
4.226268
4.214596
4.202956
4.191348
4.179773
4.168231
4.156720
4.145241
4.133795
4.122380
4.110997
4.099646
4.088327
4.077039
4.065783
4.054557
4.043364
4.032201
4.021070
4.009969
3.998900
3.987861
3.976853
3.965876
3.954929
3.944013
3.933127
3.922271
3.911446
3.900651
3.889886
3.879151
3.868446
3.857771
3.847125
3.836509
3.825923
3.815366
3.804839
3.794341
3.783872
3.773432
3.763022
3.752640
3.742287
3.731963
3.721668
3.711402
3.701164
3.690954
3.680773
3.670621
3.660496
3.650400
3.640332
3.630292
3.620280
3.610296
3.600339
3.590411
3.580509
3.570636
3.560790
3.550971
3.541180
3.531416
3.521679
3.511969
3.502287
3.492631
3.483002
3.473400
3.463824
3.454275
3.444753
3.435257
3.425788
3.416345
3.406929
3.397538
3.388174
3.378835
3.369523
3.360237
3.350976
3.341741
3.332532
3.323349
3.314191
3.305058
3.295951
3.286869
3.277813
3.268781
3.259775
3.250794
3.241838
3.232907
3.224000
3.215118
3.206261
3.197429
3.188621
3.179838
3.171079
3.162344
3.153634
3.144948
3.136286
3.127648
3.119035
3.110445
3.101879
3.093337
3.084818
3.076323
3.067852
3.059405
3.050981
3.042580
3.034203
3.025849
3.017518
3.009210
3.000925
2.992664
2.984425
2.976209
2.968016
2.959846
2.951699
2.943574
2.935472
2.927392
2.919335
2.911300
2.903287
2.895297
2.887329
2.879383
2.871459
2.863557
2.855677
2.847819
2.839982
2.832168
2.824375
2.816604
2.808854
2.801126
2.793420
2.785735
2.778071
2.770428
2.762807
2.755207
2.747628
2.740070
2.732532
2.725016
2.717521
2.710047
2.702593
2.695160
2.687748
2.680356
2.672984
2.665634
2.658303
2.650993
2.643703
2.636434
2.629184
2.621955
2.614746
2.607557
2.600387
2.593238
2.586109
2.578999
2.571909
2.564839
2.557788
2.550757
2.543745
2.536753
2.529780
2.522827
2.515892
2.508978
2.502082
2.495205
2.488348
2.481509
2.474690
2.467889
2.461107
2.454344
2.447600
2.440875
2.434168
2.427480
2.420810
2.414159
2.407526
2.400912
2.394315
2.387738
2.381178
2.374637
2.368114
2.361609
2.355122
2.348653
2.342201
2.335768
2.329353
2.322955
2.316575
2.310213
2.303869
2.297542
2.291232
2.284940
2.278666
2.272408
2.266169
2.259946
2.253741
2.247553
2.241382
2.235228
2.229091
2.222972
2.216869
2.210783
2.204714
2.198662
2.192626
2.186608
2.180605
2.174620
2.168651
2.162699
2.156763
2.150844
2.144941
2.139054
2.133184
2.127330
2.121492
2.115670
2.109865
2.104075
2.098302
2.092544
2.086803
2.081077
2.075367
2.069673
2.063995
2.058333
2.052686
2.047055
2.041439
2.035839
2.030255
2.024686
2.019132
2.013594
2.008071
2.002563
1.997071
1.991594
1.986132
1.980685
1.975253
1.969836
1.964435
1.959048
1.953676
1.948319
1.942976
1.937649
1.932336
1.927038
1.921755
1.916486
1.911232
1.905992
1.900767
1.895556
1.890360
1.885178
1.880011
1.874858
1.869719
1.864594
1.859483
1.854387
1.849304
1.844236
1.839182
1.834141
1.829115
1.824103
1.819104
1.814119
1.809148
1.804191
1.799247
1.794318
1.789401
1.784499
1.779610
1.774734
1.769872
1.765023
1.760188
1.755366
1.750558
1.745762
1.740980
1.736212
1.731456
1.726714
1.721984
1.717268
1.712565
1.707875
1.703197
1.698533
1.693881
1.689243
1.684617
1.680004
1.675404
1.670816
1.666242
1.661679
1.657130
1.652593
1.648068
1.643556
1.639057
1.634570
1.630095
1.625633
1.621183
1.616745
1.612319
1.607906
1.603505
1.599116
1.594739
1.590375
1.586022
1.581682
1.577353
1.573036
1.568732
1.564439
1.560158
1.555889
1.551631
1.547386
1.543152
1.538930
1.534719
1.530520
1.526333
1.522157
1.517993
1.513840
1.509699
1.505569
1.501451
1.497343
1.493248
1.489163
1.485090
1.481028
1.476978
1.472938
1.468910
1.464892
1.460886
1.456891
1.452907
1.448934
1.444972
1.441021
1.437080
1.433151
1.429232
1.425325
1.421428
1.417542
1.413666
1.409801
1.405947
1.402104
1.398271
1.394448
1.390637
1.386835
1.383045
1.379264
1.375494
1.371735
1.367986
1.364247
1.360518
1.356800
1.353092
1.349395
1.345707
1.342030
1.338362
1.334705
1.331058
1.327421
1.323794
1.320178
1.316571
1.312974
1.309387
1.305809
1.302242
1.298684
1.295137
1.291599
1.288071
1.284552
1.281043
1.277544
1.274055
1.270575
1.267105
1.263644
1.260193
1.256752
1.253320
1.249897
1.246484
1.243080
1.239685
1.236300
1.232925
1.229558
1.226201
1.222853
1.219514
1.216185
1.212864
1.209553
1.206251
1.202958
1.199674
1.196399
1.193134
1.189877
1.186629
1.183390
1.180160
1.176939
1.173727
1.170523
1.167329
1.164143
1.160966
1.157798
1.154638
1.151487
1.148345
1.145212
1.142087
1.138971
1.135863
1.132764
1.129673
1.126591
1.123518
1.120453
1.117396
1.114348
1.111308
1.108276
1.105253
1.102238
1.099232
1.096233
1.093243
1.090262
1.087288
1.084323
1.081365
1.078416
1.075475
1.072542
1.069618
1.066701
1.063792
1.060891
1.057998
1.055114
1.052237
1.049368
1.046507
1.043654
1.040808
1.037971
1.035141
1.032319
1.029505
1.026699
1.023900
1.021109
1.018326
1.015550
1.012782
1.010021
1.007269
1.004523
1.001786
0.999056
0.996333
0.993618
0.990910
0.988210
0.985517
0.982831
0.980153
0.977483
0.974819
0.972163
0.969515
0.966873
0.964239
0.961612
0.958992
0.956380
0.953774
0.951176
0.948585
0.946001
0.943425
0.940855
0.938292
0.935737
0.933188
0.930646
0.928112
0.925584
0.923063
0.920550
0.918043
0.915543
0.913050
0.910563
0.908084
0.905611
0.903146
0.900687
0.898234
0.895789
0.893350
0.890918
0.888492
0.886074
0.883661
0.881256
0.878857
0.876465
0.874079
0.871700
0.869327
0.866961
0.864601
0.862248
0.859901
0.857561
0.855227
0.852900
0.850579
0.848264
0.845956
0.843654
0.841358
0.839069
0.836786
0.834509
0.832239
0.829974
0.827716
0.825464
0.823219
0.820979
0.818746
0.816518
0.814297
0.812082
0.809873
0.807670
0.805473
0.803283
0.801098
0.798919
0.796746
0.794579
0.792418
0.790263
0.788114
0.785971
0.783834
0.781702
0.779577
0.777457
0.775343
0.773235
0.771132
0.769036
0.766945
0.764860
0.762780
0.760707
0.758639
0.756576
0.754520
0.752469
0.750423
0.748383
0.746349
0.744320
0.742297
0.740280
0.738268
0.736261
0.734260
0.732265
0.730275
0.728290
0.726311
0.724338
0.722369
0.720406
0.718449
0.716497
0.714550
0.712609
0.710673
0.708742
0.706816
0.704896
0.702981
0.701071
