62557519.247378
28.699583
5.592904
5.444601
5.300279
5.159823
5.023127
4.890090
4.760613
4.634601
4.511958
4.392595
4.276422
4.163353
4.053306
3.946197
3.841948
3.740482
3.641724
3.545600
3.452040
3.360974
3.272336
3.186060
3.102082
3.020341
2.940776
2.863329
2.787943
2.714562
2.643133
2.573603
2.505922
2.440038
2.375905
2.313476
2.252703
2.193544
2.135955
2.079894
2.025319
1.972191
1.920471
1.870122
1.821107
1.773390
1.726936
1.681712
1.637684
1.594821
1.553092
1.512466
1.472913
1.434406
1.396916
1.360416
1.324880
1.290282
1.256597
1.223800
1.191868
1.160778
1.130508
1.101035
1.072338
1.044398
1.017192
0.990703
0.964911
0.939797
0.915344
0.891534
0.868349
0.845774
0.823792
0.802387
0.781544
0.761248
0.741484
0.722239
0.703499
0.685250
0.667479
0.650174
0.633322
0.616912
0.600931
0.585368
0.570213
0.555454
0.541081
0.527084
0.513452
0.500177
0.487249
0.474658
0.462396
0.450454
0.438823
0.427496
0.416465
0.405721
0.395257
0.385065
0.375139
0.365472
0.356056
0.346886
0.337954
0.329254
0.320781
0.312527
0.304489
0.296659
0.289033
0.281605
0.274369
0.267322
0.260457
0.253770
0.247257
0.240913
0.234733
0.228713
0.222849
0.217137
0.211573
0.206153
0.200873
0.195730
0.190720
0.185839
0.181085
0.176453
0.171941
0.167546
0.163264
0.159093
0.155029
0.151070
0.147213
0.143456
0.139796
0.136229
0.132755
0.129370
0.126073
0.122860
0.119730
0.116681
0.113710
0.110815
0.107995
0.105247
0.102570
0.099962
0.097420
0.094944
0.092532
0.090181
0.087891
0.085659
0.083485
0.081366
0.079302
0.077291
0.075331
0.073421
0.071560
0.069747
0.067980
0.066258
0.064581
0.062946
0.061353
0.059801
0.058288
0.056814
0.055378
0.053979
0.052615
0.051285
0.049990
0.048728
0.047498
0.046299
0.045131
0.043993
0.042884
0.041802
0.040749
0.039722
0.038721
0.037746
0.036796
0.035869
0.034967
0.034087
0.033229
0.032394
0.031579
0.030785
0.030012
0.029258
0.028523
0.027807
0.027108
0.026428
0.025765
0.025118
0.024488
0.023874
0.023276
0.022693
0.022124
0.021570
0.021029
0.020503
0.019990
0.019489
0.019002
0.018526
0.018063
0.017611
0.017171
0.016742
0.016324
0.015916
0.015518
0.015131
0.014753
0.014385
0.014026
0.013676
0.013335
0.013003
0.012679
0.012363
0.012055
0.011754
0.011462
0.011176
0.010898
0.010627
0.010362
0.010105
0.009853
0.009608
0.009369
0.009137
0.008910
0.008688
0.008472
0.008262
0.008057
0.007857
0.007662
0.007472
0.007287
0.007106
0.006930
0.006758
0.006590
0.006427
0.006268
0.006113
0.005961
0.005814
0.005670
0.005530
0.005393
0.005260
0.005129
0.005003
0.004879
0.004758
0.004641
0.004526
0.004415
0.004306
0.004199
0.004096
0.003995
0.003896
0.003800
0.003706
0.003615
0.003526
0.003439
0.003354
0.003272
0.003191
0.003112
0.003036
0.002961
0.002888
0.002817
0.002748
0.002680
0.002614
0.002550
0.002488
0.002426
0.002367
0.002309
0.002252
0.002197
0.002143
0.002090
0.002039
0.001989
0.001940
0.001893
0.001846
0.001801
0.001757
0.001714
0.001672
0.001631
0.001591
0.001552
0.001514
0.001477
0.001441
0.001406
0.001371
0.001338
0.001305
0.001273
0.001242
0.001212
0.001182
0.001153
0.001125
0.001098
0.001071
0.001045
0.001019
0.000994
0.000970
0.000946
0.000923
0.000901
0.000879
0.000857
0.000837
0.000816
0.000796
0.000777
0.000758
0.000740
0.000722
0.000704
0.000687
0.000670
0.000654
0.000638
0.000623
0.000607
0.000593
0.000578
0.000564
0.000551
0.000537
0.000524
0.000511
0.000499
0.000487
0.000475
0.000464
0.000452
0.000441
0.000431
0.000420
0.000410
0.000400
0.000390
0.000381
0.000372
0.000363
0.000354
0.000345
0.000337
0.000329
0.000321
0.000313
0.000306
0.000298
0.000291
0.000284
0.000277
0.000270
0.000264
0.000258
0.000251
0.000245
0.000239
0.000234
0.000228
0.000222
0.000217
0.000212
0.000207
0.000202
0.000197
0.000192
0.000187
0.000183
0.000179
0.000174
0.000170
0.000166
0.000162
0.000158
0.000154
0.000151
0.000147
0.000143
0.000140
0.000137
0.000133
0.000130
0.000127
0.000124
0.000121
0.000118
0.000115
0.000112
0.000110
0.000107
0.000105
0.000102
0.000100
0.000097
0.000095
0.000093
0.000090
0.000088
0.000086
0.000084
0.000082
0.000080
0.000078
0.000076
0.000074
0.000073
0.000071
0.000069
0.000068
0.000066
0.000064
0.000063
0.000061
0.000060
0.000058
0.000057
0.000056
0.000054
0.000053
0.000052
0.000051
0.000049
0.000048
0.000047
0.000046
0.000045
0.000044
0.000043
0.000042
0.000041
0.000040
0.000039
0.000038
0.000037
0.000036
0.000035
0.000034
0.000034
0.000033
0.000032
0.000031
0.000030
0.000030
0.000029
0.000028
0.000028
0.000027
0.000026
0.000026
0.000025
0.000025
0.000024
0.000023
0.000023
0.000022
0.000022
0.000021
0.000021
0.000020
0.000020
0.000019
0.000019
0.000018
0.000018
0.000018
0.000017
0.000017
0.000016
0.000016
0.000016
0.000015
0.000015
0.000014
0.000014
0.000014
0.000013
0.000013
0.000013
0.000013
0.000012
0.000012
0.000012
0.000011
0.000011
0.000011
0.000011
0.000010
0.000010
0.000010
0.000010
0.000009
0.000009
0.000009
0.000009
0.000009
0.000008
0.000008
0.000008
0.000008
0.000008
0.000007
0.000007
0.000007
0.000007
0.000007
0.000007
0.000006
0.000006
0.000006
0.000006
0.000006
0.000006
0.000006
0.000005
0.000005
0.000005
0.000005
0.000005
0.000005
0.000005
0.000005
0.000004
0.000004
0.000004
0.000004
0.000004
0.000004
0.000004
0.000004
0.000004
0.000004
0.000004
0.000003
0.000003
0.000003
0.000003
0.000003
0.000003
0.000003
0.000003
0.000003
0.000003
0.000003
0.000003
0.000003
0.000003
0.000002
0.000002
0.000002
0.000002
0.000002
0.000002
0.000002
0.000002
0.000002
0.000002
0.000002
0.000002
0.000002
0.000002
0.000002
0.000002
0.000002
0.000002
0.000002
0.000002
0.000002
0.000002
0.000001
0.000001
0.000001
0.000001
0.000001
0.000001
0.000001
0.000001
0.000001
0.000001
0.000001
0.000001
0.000001
0.000001
0.000001
0.000001
0.000001
0.000001
0.000001
0.000001
0.000001
0.000001
0.000001
0.000001
0.000001
0.000001
0.000001
0.000001
0.000001
0.000001
0.000001
0.000001
0.000001
0.000001
0.000001
0.000001
0.000001
0.000001
0.000001
0.000001
0.000001
0.000001
0.000001
0.000001
0.000001
0.000001
0.000000
0.000000
0.000000
0.000000
0.000000
0.000000
0.000000
0.000000
0.000000
0.000000
0.000000
0.000000
0.000000
0.000000
0.000000
0.000000
0.000000
0.000000
0.000000
0.000000
0.000000
0.000000
0.000000
0.000000
0.000000
0.000000
0.000000
0.000000
0.000000
0.000000
0.000000
0.000000
0.000000
0.000000
0.000000
0.000000
0.000000
0.000000
0.000000
0.000000
0.000000
0.000000
0.000000
0.000000
0.000000
0.000000
0.000000
0.000000
0.000000
0.000000
0.000000
0.000000
0.000000
0.000000
0.000000
0.000000
0.000000
0.000000
0.000000
0.000000
0.000000
0.000000
0.000000
0.000000
0.000000
0.000000
0.000000
0.000000
0.000000
0.000000
0.000000
0.000000
0.000000
0.000000
0.000000
0.000000
0.000000
0.000000
0.000000
0.000000
0.000000
0.000000
0.000000
0.000000
0.000000
0.000000
0.000000
0.000000
0.000000
0.000000
0.000000
0.000000
0.000000
0.000000
0.000000
0.000000
0.000000
0.000000
0.000000
0.000000
0.000000
0.000000
0.000000
0.000000
0.000000
0.000000
0.000000
0.000000
0.000000
0.000000
0.000000
0.000000
0.000000
0.000000
0.000000
0.000000
0.000000
0.000000
0.000000
0.000000
0.000000
0.000000
0.000000
0.000000
0.000000
0.000000
0.000000
0.000000
0.000000
0.000000
0.000000
0.000000
0.000000
0.000000
0.000000
0.000000
0.000000
0.000000
0.000000
0.000000
0.000000
0.000000
0.000000
0.000000
0.000000
0.000000
