62683821.111463
29.747878
5.802986
5.574658
5.355405
5.144855
4.942659
4.748484
4.562006
4.382920
4.210928
4.045748
3.887106
3.734743
3.588406
3.447856
3.312862
3.183201
3.058662
2.939039
2.824138
2.713770
2.607754
2.505918
2.408094
2.314124
2.223855
2.137139
2.053834
1.973806
1.896925
1.823066
1.752108
1.683937
1.618442
1.555518
1.495062
1.436976
1.381168
1.327547
1.276026
1.226522
1.178956
1.133251
1.089334
1.047134
1.006583
0.967616
0.930171
0.894188
0.859610
0.826380
0.794446
0.763757
0.734264
0.705920
0.678680
0.652500
0.627338
0.603156
0.579913
0.557574
0.536103
0.515467
0.495631
0.476565
0.458239
0.440624
0.423691
0.407415
0.391770
0.376730
0.362273
0.348375
0.335015
0.322172
0.309825
0.297956
0.286545
0.275574
0.265028
0.254888
0.245139
0.235767
0.226755
0.218091
0.209761
0.201752
0.194051
0.186646
0.179526
0.172681
0.166098
0.159768
0.153682
0.147829
0.142201
0.136789
0.131584
0.126580
0.121767
0.117138
0.112687
0.108407
0.104290
0.100331
0.096523
0.092861
0.089339
0.085952
0.082694
0.079561
0.076547
0.073649
0.070861
0.068179
0.065599
0.063118
0.060732
0.058436
0.056228
0.054104
0.052061
0.050096
0.048205
0.046386
0.044637
0.042953
0.041334
0.039777
0.038278
0.036836
0.035450
0.034115
0.032831
0.031596
0.030408
0.029265
0.028165
0.027107
0.026088
0.025109
0.024166
0.023259
0.022386
0.021547
0.020739
0.019961
0.019213
0.018493
0.017800
0.017134
0.016492
0.015875
0.015281
0.014710
0.014159
0.013630
0.013121
0.012630
0.012159
0.011705
0.011268
0.010847
0.010442
0.010053
0.009678
0.009317
0.008970
0.008635
0.008314
0.008004
0.007706
0.007419
0.007143
0.006877
0.006621
0.006375
0.006138
0.005910
0.005690
0.005479
0.005276
0.005080
0.004891
0.004710
0.004535
0.004367
0.004205
0.004049
0.003899
0.003754
0.003615
0.003481
0.003352
0.003228
0.003109
0.002994
0.002883
0.002776
0.002674
0.002575
0.002480
0.002388
0.002300
0.002215
0.002133
0.002054
0.001979
0.001906
0.001835
0.001768
0.001702
0.001640
0.001579
0.001521
0.001465
0.001411
0.001359
0.001309
0.001261
0.001214
0.001170
0.001127
0.001085
0.001045
0.001007
0.000970
0.000934
0.000900
0.000867
0.000835
0.000805
0.000775
0.000747
0.000719
0.000693
0.000667
0.000643
0.000619
0.000597
0.000575
0.000554
0.000533
0.000514
0.000495
0.000477
0.000460
0.000443
0.000427
0.000411
0.000396
0.000381
0.000368
0.000354
0.000341
0.000329
0.000317
0.000305
0.000294
0.000283
0.000273
0.000263
0.000253
0.000244
0.000235
0.000227
0.000218
0.000210
0.000203
0.000195
0.000188
0.000181
0.000175
0.000168
0.000162
0.000156
0.000151
0.000145
0.000140
0.000135
0.000130
0.000125
0.000121
0.000116
0.000112
0.000108
0.000104
0.000100
0.000097
0.000093
0.000090
0.000087
0.000083
0.000080
0.000077
0.000075
0.000072
0.000069
0.000067
0.000064
0.000062
0.000060
0.000058
0.000056
0.000054
0.000052
0.000050
0.000048
0.000046
0.000045
0.000043
0.000041
0.000040
0.000038
0.000037
0.000036
0.000034
0.000033
0.000032
0.000031
0.000030
0.000029
0.000028
0.000027
0.000026
0.000025
0.000024
0.000023
0.000022
0.000021
0.000021
0.000020
0.000019
0.000018
0.000018
0.000017
0.000017
0.000016
0.000015
0.000015
0.000014
0.000014
0.000013
0.000013
0.000012
0.000012
0.000011
0.000011
0.000011
0.000010
0.000010
0.000010
0.000009
0.000009
0.000009
0.000008
0.000008
0.000008
0.000007
0.000007
0.000007
0.000007
0.000006
0.000006
0.000006
0.000006
0.000006
0.000005
0.000005
0.000005
0.000005
0.000005
0.000004
0.000004
0.000004
0.000004
0.000004
0.000004
0.000004
0.000003
0.000003
0.000003
0.000003
0.000003
0.000003
0.000003
0.000003
0.000003
0.000002
0.000002
0.000002
0.000002
0.000002
0.000002
0.000002
0.000002
0.000002
0.000002
0.000002
0.000002
0.000002
0.000002
0.000001
0.000001
0.000001
0.000001
0.000001
0.000001
0.000001
0.000001
0.000001
0.000001
0.000001
0.000001
0.000001
0.000001
0.000001
0.000001
0.000001
0.000001
0.000001
0.000001
0.000001
0.000001
0.000001
0.000001
0.000001
0.000001
0.000001
0.000001
0.000001
0.000001
0.000001
0.000000
0.000000
0.000000
0.000000
0.000000
0.000000
0.000000
0.000000
0.000000
0.000000
0.000000
0.000000
0.000000
0.000000
0.000000
0.000000
0.000000
0.000000
0.000000
0.000000
0.000000
0.000000
0.000000
0.000000
0.000000
0.000000
0.000000
0.000000
0.000000
0.000000
0.000000
0.000000
0.000000
0.000000
0.000000
0.000000
0.000000
0.000000
0.000000
0.000000
0.000000
0.000000
0.000000
0.000000
0.000000
0.000000
0.000000
0.000000
0.000000
0.000000
0.000000
0.000000
0.000000
0.000000
0.000000
0.000000
0.000000
0.000000
0.000000
0.000000
0.000000
0.000000
0.000000
0.000000
0.000000
0.000000
0.000000
0.000000
0.000000
0.000000
0.000000
0.000000
0.000000
0.000000
0.000000
0.000000
0.000000
0.000000
0.000000
0.000000
0.000000
0.000000
0.000000
0.000000
0.000000
0.000000
0.000000
0.000000
0.000000
0.000000
0.000000
0.000000
0.000000
0.000000
0.000000
0.000000
0.000000
0.000000
0.000000
0.000000
0.000000
0.000000
0.000000
0.000000
0.000000
0.000000
0.000000
0.000000
0.000000
0.000000
0.000000
0.000000
0.000000
0.000000
0.000000
0.000000
0.000000
0.000000
0.000000
0.000000
0.000000
0.000000
0.000000
0.000000
0.000000
0.000000
0.000000
0.000000
0.000000
0.000000
0.000000
0.000000
0.000000
0.000000
0.000000
0.000000
0.000000
0.000000
0.000000
0.000000
0.000000
0.000000
0.000000
0.000000
0.000000
0.000000
0.000000
0.000000
0.000000
0.000000
0.000000
0.000000
0.000000
0.000000
0.000000
0.000000
0.000000
0.000000
0.000000
0.000000
0.000000
0.000000
0.000000
0.000000
0.000000
0.000000
0.000000
0.000000
0.000000
0.000000
0.000000
0.000000
0.000000
0.000000
0.000000
0.000000
0.000000
0.000000
0.000000
0.000000
0.000000
0.000000
0.000000
0.000000
0.000000
0.000000
0.000000
0.000000
0.000000
0.000000
0.000000
0.000000
0.000000
0.000000
0.000000
0.000000
0.000000
0.000000
0.000000
0.000000
0.000000
0.000000
0.000000
0.000000
0.000000
0.000000
0.000000
0.000000
0.000000
0.000000
0.000000
0.000000
0.000000
0.000000
0.000000
0.000000
0.000000
0.000000
0.000000
0.000000
0.000000
0.000000
0.000000
0.000000
0.000000
0.000000
0.000000
0.000000
0.000000
0.000000
0.000000
0.000000
0.000000
0.000000
0.000000
0.000000
0.000000
0.000000
0.000000
0.000000
0.000000
0.000000
0.000000
0.000000
0.000000
0.000000
0.000000
0.000000
0.000000
0.000000
0.000000
0.000000
0.000000
0.000000
0.000000
0.000000
0.000000
0.000000
0.000000
0.000000
0.000000
0.000000
0.000000
0.000000
0.000000
0.000000
0.000000
0.000000
0.000000
0.000000
0.000000
0.000000
0.000000
0.000000
0.000000
0.000000
0.000000
0.000000
0.000000
0.000000
0.000000
0.000000
0.000000
0.000000
0.000000
0.000000
0.000000
0.000000
0.000000
0.000000
0.000000
0.000000
0.000000
0.000000
0.000000
0.000000
0.000000
0.000000
0.000000
0.000000
0.000000
0.000000
0.000000
0.000000
0.000000
0.000000
0.000000
0.000000
0.000000
0.000000
0.000000
0.000000
0.000000
0.000000
0.000000
0.000000
0.000000
0.000000
0.000000
0.000000
0.000000
0.000000
0.000000
0.000000
0.000000
0.000000
0.000000
0.000000
0.000000
0.000000
0.000000
0.000000
0.000000
0.000000
0.000000
0.000000
0.000000
0.000000
0.000000
0.000000
0.000000
0.000000
0.000000
0.000000
0.000000
0.000000
0.000000
0.000000
0.000000
0.000000
0.000000
0.000000
0.000000
0.000000
0.000000
0.000000
0.000000
0.000000
0.000000
0.000000
0.000000
0.000000
0.000000
0.000000
0.000000
0.000000
