62648323.235063
62648323.235063
22959182.520906
8414020.063830
3083550.634375
1130055.473900
414144.156906
151779.016973
55628.179081
20391.081867
7477.477651
2744.923158
1010.536342
374.909459
141.953005
56.566097
25.260095
13.773549
9.550422
7.989213
7.403577
7.175507
7.078517
7.029607
6.998356
6.973618
6.951307
6.929926
6.908925
6.888103
6.867387
6.846750
6.826180
6.805675
6.785233
6.764853
6.744535
6.724279
6.704084
6.683950
6.663877
6.643865
6.623913
6.604022
6.584191
6.564421
6.544710
6.525059
6.505467
6.485935
6.466462
6.447047
6.427692
6.408395
6.389157
6.369977
6.350855
6.331791
6.312784
6.293836
6.274944
6.256110
6.237333
6.218612
6.199948
6.181341
6.162790
6.144296
6.125857
6.107474
6.089147
6.070875
6.052658
6.034497
6.016391
5.998339
5.980342
5.962400
5.944511
5.926677
5.908897
5.891171
5.873498
5.855879
5.838313
5.820801
5.803341
5.785934
5.768580
5.751278
5.734029
5.716831
5.699686
5.682593
5.665551
5.648561
5.631623
5.614735
5.597899
5.581113
5.564379
5.547695
5.531061
5.514478
5.497945
5.481462
5.465029
5.448645
5.432311
5.416026
5.399791
5.383605
5.367467
5.351379
5.335339
5.319348
5.303404
5.287510
5.271663
5.255864
5.240113
5.224409
5.208753
5.193144
5.177583
5.162068
5.146601
5.131180
5.115806
5.100478
5.085196
5.069961
5.054772
5.039629
5.024531
5.009479
4.994473
4.979512
4.964596
4.949725
4.934899
4.920118
4.905381
4.890690
4.876042
4.861439
4.846880
4.832364
4.817893
4.803465
4.789081
4.774741
4.760444
4.746189
4.731978
4.717810
4.703685
4.689602
4.675562
4.661565
4.647609
4.633696
4.619825
4.605995
4.592207
4.578461
4.564757
4.551094
4.537472
4.523891
4.510352
4.496853
4.483395
4.469977
4.456600
4.443264
4.429967
4.416711
4.403495
4.390319
4.377182
4.364085
4.351028
4.338010
4.325031
4.312092
4.299192
4.286330
4.273507
4.260724
4.247978
4.235271
4.222603
4.209972
4.197380
4.184826
4.172309
4.159831
4.147390
4.134986
4.122620
4.110292
4.098000
4.085746
4.073528
4.061348
4.049204
4.037097
4.025026
4.012992
4.000994
3.989032
3.977106
3.965216
3.953362
3.941544
3.929762
3.918015
3.906303
3.894627
3.882986
3.871380
3.859809
3.848273
3.836771
3.825305
3.813873
3.802475
3.791112
3.779783
3.768488
3.757227
3.746000
3.734807
3.723648
3.712523
3.701430
3.690372
3.679347
3.668354
3.657395
3.646470
3.635577
3.624716
3.613889
3.603094
3.592332
3.581602
3.570904
3.560239
3.549606
3.539005
3.528436
3.517898
3.507393
3.496919
3.486476
3.476065
3.465686
3.455337
3.445020
3.434734
3.424479
3.414255
3.404061
3.393899
3.383767
3.373665
3.363594
3.353553
3.343542
3.333562
3.323612
3.313691
3.303801
3.293940
3.284109
3.274307
3.264535
3.254793
3.245079
3.235395
3.225741
3.216115
3.206518
3.196950
3.187411
3.177901
3.168419
3.158966
3.149541
3.140145
3.130776
3.121437
3.112125
3.102841
3.093585
3.084357
3.075157
3.065984
3.056839
3.047722
3.038632
3.029569
3.020534
3.011526
3.002545
2.993591
2.984663
2.975763
2.966890
2.958043
2.949223
2.940429
2.931662
2.922921
2.914206
2.905518
2.896856
2.888220
2.879610
2.871025
2.862467
2.853934
2.845427
2.836946
2.828490
2.820059
2.811654
2.803274
2.794919
2.786589
2.778285
2.770005
2.761751
2.753521
2.745316
2.737135
2.728979
2.720848
2.712741
2.704658
2.696600
2.688566
2.680556
2.672570
2.664608
2.656671
2.648756
2.640866
2.633000
2.625157
2.617337
2.609542
2.601769
2.594020
2.586294
2.578592
2.570912
2.563256
2.555623
2.548012
2.540425
2.532860
2.525318
2.517799
2.510302
2.502827
2.495376
2.487946
2.480539
2.473154
2.465792
2.458451
2.451132
2.443836
2.436561
2.429309
2.422077
2.414868
2.407681
2.400514
2.393370
2.386247
2.379145
2.372065
2.365006
2.357968
2.350951
2.343955
2.336980
2.330027
2.323094
2.316182
2.309290
2.302420
2.295570
2.288740
2.281931
2.275142
2.268374
2.261626
2.254899
2.248191
2.241504
2.234837
2.228190
2.221562
2.214955
2.208367
2.201800
2.195251
2.188723
2.182214
2.175725
2.169255
2.162805
2.156373
2.149962
2.143569
2.137196
2.130841
2.124506
2.118190
2.111893
2.105614
2.099355
2.093114
2.086892
2.080688
2.074504
2.068337
2.062190
2.056060
2.049949
2.043857
2.037782
2.031726
2.025688
2.019668
2.013667
2.007683
2.001717
1.995769
1.989839
1.983926
1.978032
1.972155
1.966295
1.960453
1.954629
1.948822
1.943033
1.937261
1.931506
1.925768
1.920048
1.914345
1.908658
1.902989
1.897337
1.891702
1.886084
1.880482
1.874898
1.869330
1.863779
1.858244
1.852726
1.847224
1.841739
1.836271
1.830819
1.825383
1.819963
1.814560
1.809173
1.803802
1.798447
1.793108
1.787785
1.782478
1.777187
1.771911
1.766652
1.761408
1.756180
1.750968
1.745771
1.740590
1.735425
1.730274
1.725140
1.720020
1.714916
1.709827
1.704754
1.699695
1.694652
1.689624
1.684611
1.679613
1.674630
1.669662
1.664708
1.659770
1.654846
1.649937
1.645043
1.640163
1.635298
1.630448
1.625612
1.620790
1.615983
1.611191
1.606412
1.601648
1.596899
1.592163
1.587442
1.582734
1.578041
1.573362
1.568697
1.564046
1.559408
1.554785
1.550175
1.545580
1.540998
1.536429
1.531875
1.527333
1.522806
1.518292
1.513792
1.509305
1.504831
1.500371
1.495924
1.491491
1.487070
1.482663
1.478269
1.473889
1.469521
1.465166
1.460825
1.456496
1.452180
1.447878
1.443588
1.439311
1.435046
1.430795
1.426556
1.422330
1.418116
1.413916
1.409727
1.405551
1.401388
1.397237
1.393098
1.388972
1.384858
1.380757
1.376668
1.372591
1.368526
1.364473
1.360432
1.356404
1.352387
1.348383
1.344390
1.340410
1.336441
1.332484
1.328539
1.324606
1.320684
1.316774
1.312876
1.308990
1.305115
1.301251
1.297400
1.293559
1.289731
1.285913
1.282107
1.278313
1.274529
1.270757
1.266997
1.263247
1.259509
1.255782
1.252066
1.248361
1.244667
1.240984
1.237312
1.233652
1.230002
1.226363
1.222734
1.219117
1.215510
1.211915
1.208330
1.204755
1.201192
1.197639
1.194096
1.190564
1.187043
1.183532
1.180032
1.176542
1.173062
1.169593
1.166135
1.162686
1.159248
1.155820
1.152402
1.148995
1.145598
1.142211
1.138833
1.135466
1.132110
1.128763
1.125426
1.122099
1.118782
1.115474
1.112177
1.108890
1.105612
1.102344
1.099086
1.095837
1.092599
1.089370
1.086150
1.082940
1.079740
1.076549
1.073368
1.070196
1.067034
1.063881
1.060738
1.057604
1.054479
1.051363
1.048257
1.045160
1.042073
1.038994
1.035925
1.032865
1.029814
1.026772
1.023739
1.020715
1.017700
1.014695
1.011698
1.008710
1.005731
1.002761
0.999799
0.996847
0.993903
0.990968
0.988042
0.985125
0.982216
0.979316
0.976424
0.973542
0.970667
0.967802
0.964944
0.962096
0.959256
0.956424
0.953601
0.950786
0.947979
0.945181
0.942392
0.939610
0.936837
0.934072
0.931315
0.928567
0.925826
0.923094
0.920370
0.917654
0.914947
0.912247
0.909555
0.906871
0.904196
0.901528
0.898868
0.896216
0.893572
0.890936
0.888308
0.885687
0.883075
0.880470
0.877873
0.875283
0.872702
0.870128
0.867561
0.865003
0.862452
0.859908
0.857372
0.854844
0.852323
0.849810
0.847304
0.844805
0.842314
0.839831
0.837355
0.834886
0.832424
0.829970
0.827523
0.825084
0.822651
0.820226
0.817808
0.815398
0.812994
0.810598
0.808208
0.805826
0.803451
0.801083
0.798722
0.796368
0.794022
0.791682
0.789349
0.787023
0.784703
0.782391
0.780086
0.777787
0.775496
0.773211
0.770933
0.768661
0.766397
0.764139
0.761888
0.759643
0.757406
0.755175
0.752950
0.750732
0.748521
0.746316
0.744118
0.741927
0.739742
0.737563
0.735391
0.733225
0.731066
0.728913
0.726767
0.724627
0.722493
0.720366
0.718245
0.716130
0.714021
0.711919
0.709823
0.707734
0.705650
0.703573
0.701502
0.699437
0.697378
0.695325
