62683821.111463
14249963.363709
3239459.346036
736433.446459
167418.720184
38064.161373
8657.870421
1972.893408
453.170085
107.668126
29.103054
11.221131
7.134496
6.184077
5.946726
5.871582
5.833415
5.803754
5.776126
5.749059
5.722217
5.695524
5.668962
5.642526
5.616215
5.590028
5.563963
5.538022
5.512203
5.486505
5.460928
5.435472
5.410135
5.384917
5.359818
5.334838
5.309974
5.285228
5.260598
5.236084
5.211686
5.187402
5.163232
5.139176
5.115233
5.091403
5.067685
5.044078
5.020582
4.997197
4.973922
4.950756
4.927699
4.904751
4.881910
4.859177
4.836550
4.814030
4.791616
4.769307
4.747103
4.725003
4.703008
4.681115
4.659326
4.637638
4.616053
4.594569
4.573186
4.551904
4.530721
4.509638
4.488654
4.467769
4.446981
4.426292
4.405699
4.385203
4.364803
4.344500
4.324291
4.304178
4.284158
4.264233
4.244402
4.224663
4.205017
4.185464
4.166002
4.146631
4.127352
4.108162
4.089063
4.070054
4.051134
4.032302
4.013559
3.994904
3.976336
3.957856
3.939462
3.921154
3.902933
3.884796
3.866745
3.848779
3.830897
3.813098
3.795383
3.777752
3.760203
3.742736
3.725351
3.708047
3.690825
3.673683
3.656622
3.639641
3.622739
3.605917
3.589173
3.572508
3.555921
3.539412
3.522980
3.506625
3.490347
3.474145
3.458019
3.441969
3.425993
3.410093
3.394267
3.378515
3.362837
3.347233
3.331701
3.316242
3.300856
3.285542
3.270299
3.255128
3.240028
3.224998
3.210039
3.195150
3.180331
3.165581
3.150900
3.136287
3.121744
3.107268
3.092860
3.078519
3.064246
3.050039
3.035899
3.021825
3.007817
2.993874
2.979997
2.966184
2.952437
2.938753
2.925134
2.911578
2.898085
2.884656
2.871290
2.857986
2.844744
2.831564
2.818446
2.805389
2.792393
2.779458
2.766584
2.753769
2.741015
2.728320
2.715685
2.703108
2.690591
2.678132
2.665731
2.653388
2.641103
2.628875
2.616704
2.604590
2.592533
2.580532
2.568587
2.556698
2.544865
2.533087
2.521363
2.509695
2.498081
2.486521
2.475016
2.463564
2.452165
2.440820
2.429528
2.418288
2.407101
2.395967
2.384884
2.373853
2.362873
2.351945
2.341067
2.330241
2.319465
2.308739
2.298064
2.287438
2.276862
2.266335
2.255857
2.245428
2.235048
2.224716
2.214432
2.204197
2.194009
2.183869
2.173776
2.163730
2.153731
2.143778
2.133872
2.124012
2.114198
2.104430
2.094708
2.085031
2.075399
2.065811
2.056269
2.046771
2.037317
2.027908
2.018542
2.009220
1.999941
1.990706
1.981513
1.972364
1.963257
1.954192
1.945170
1.936190
1.927252
1.918355
1.909500
1.900686
1.891913
1.883181
1.874489
1.865838
1.857228
1.848657
1.840127
1.831636
1.823184
1.814772
1.806400
1.798066
1.789771
1.781514
1.773296
1.765117
1.756975
1.748871
1.740805
1.732777
1.724786
1.716832
1.708915
1.701035
1.693192
1.685385
1.677614
1.669880
1.662182
1.654519
1.646892
1.639301
1.631745
1.624224
1.616738
1.609286
1.601870
1.594488
1.587140
1.579827
1.572547
1.565302
1.558090
1.550911
1.543766
1.536654
1.529576
1.522530
1.515517
1.508536
1.501588
1.494672
1.487789
1.480937
1.474117
1.467329
1.460573
1.453848
1.447154
1.440491
1.433859
1.427258
1.420688
1.414148
1.407638
1.401159
1.394710
1.388291
1.381902
1.375542
1.369212
1.362911
1.356640
1.350397
1.344184
1.337999
1.331844
1.325716
1.319618
1.313547
1.307505
1.301491
1.295504
1.289546
1.283615
1.277712
1.271836
1.265987
1.260165
1.254371
1.248603
1.242862
1.237148
1.231460
1.225799
1.220164
1.214555
1.208972
1.203415
1.197884
1.192378
1.186898
1.181444
1.176014
1.170610
1.165231
1.159877
1.154548
1.149243
1.143963
1.138708
1.133476
1.128269
1.123087
1.117928
1.112793
1.107682
1.102595
1.097531
1.092490
1.087474
1.082480
1.077509
1.072562
1.067637
1.062735
1.057856
1.053000
1.048166
1.043354
1.038565
1.033798
1.029053
1.024330
1.019628
1.014949
1.010291
1.005655
1.001040
0.996447
0.991875
0.987324
0.982794
0.978285
0.973797
0.969330
0.964884
0.960458
0.956052
0.951667
0.947302
0.942958
0.938633
0.934329
0.930044
0.925780
0.921535
0.917309
0.913103
0.908917
0.904750
0.900602
0.896474
0.892364
0.888274
0.884203
0.880150
0.876116
0.872101
0.868104
0.864126
0.860166
0.856225
0.852301
0.848396
0.844509
0.840640
0.836789
0.832955
0.829140
0.825341
0.821561
0.817798
0.814052
0.810324
0.806613
0.802919
0.799242
0.795582
0.791939
0.788313
0.784703
0.781111
0.777535
0.773975
0.770432
0.766905
0.763394
0.759900
0.756422
0.752960
0.749514
0.746084
0.742669
0.739271
0.735888
0.732520
0.729169
0.725832
0.722512
0.719206
0.715916
0.712641
0.709381
0.706136
0.702906
0.699691
0.696491
0.693305
0.690134
0.686978
0.683837
0.680710
0.677597
0.674499
0.671415
0.668345
0.665290
0.662248
0.659221
0.656207
0.653208
0.650222
0.647250
0.644292
0.641347
0.638416
0.635498
0.632594
0.629703
0.626826
0.623962
0.621111
0.618273
0.615449
0.612637
0.609838
0.607052
0.604279
0.601519
0.598772
0.596037
0.593315
0.590605
0.587908
0.585223
0.582551
0.579891
0.577243
0.574607
0.571984
0.569372
0.566773
0.564186
0.561610
0.559047
0.556495
0.553955
0.551426
0.548910
0.546405
0.543911
0.541429
0.538958
0.536499
0.534051
0.531614
0.529189
0.526774
0.524371
0.521979
0.519598
0.517227
0.514868
0.512520
0.510182
0.507855
0.505539
0.503234
0.500939
0.498654
0.496381
0.494117
0.491864
0.489622
0.487389
0.485167
0.482956
0.480754
0.478562
0.476381
0.474210
0.472048
0.469897
0.467755
0.465623
0.463501
0.461389
0.459287
0.457194
0.455111
0.453037
0.450973
0.448919
0.446873
0.444838
0.442811
0.440794
0.438786
0.436788
0.434799
0.432818
0.430847
0.428885
0.426932
0.424988
0.423053
0.421126
0.419209
0.417300
0.415400
0.413509
0.411627
0.409753
0.407888
0.406031
0.404183
0.402343
0.400512
0.398689
0.396875
0.395069
0.393271
0.391482
0.389700
0.387927
0.386162
0.384405
0.382656
0.380915
0.379183
0.377458
0.375741
0.374032
0.372330
0.370637
0.368951
0.367273
0.365603
0.363941
0.362286
0.360638
0.358998
0.357366
0.355741
0.354124
0.352514
0.350912
0.349316
0.347728
0.346148
0.344575
0.343008
0.341449
0.339898
0.338353
0.336815
0.335285
0.333761
0.332245
0.330735
0.329232
0.327736
0.326248
0.324765
0.323290
0.321821
0.320360
0.318904
0.317456
0.316014
0.314579
0.313150
0.311728
0.310312
0.308903
0.307501
0.306104
0.304715
0.303331
0.301954
0.300583
0.299218
0.297860
0.296508
0.295162
0.293822
0.292489
0.291161
0.289840
0.288524
0.287215
0.285912
0.284614
0.283323
0.282037
0.280758
0.279484
0.278216
0.276954
0.275697
0.274447
0.273202
0.271962
0.270729
0.269501
0.268279
0.267062
0.265851
0.264645
0.263445
0.262250
0.261061
0.259878
0.258699
0.257526
0.256359
0.255197
0.254040
0.252888
0.251742
0.250601
0.249465
0.248334
0.247209
0.246088
0.244973
0.243863
0.242758
0.241658
0.240563
0.239473
0.238388
0.237308
0.236233
0.235162
0.234097
0.233037
0.231981
0.230930
0.229884
0.228843
0.227807
0.226775
0.225748
0.224725
0.223708
0.222695
0.221686
0.220683
0.219684
0.218689
0.217699
0.216713
0.215732
0.214756
0.213784
0.212816
0.211853
0.210894
0.209939
0.208989
0.208043
0.207102
0.206165
0.205232
0.204303
0.203379
0.202458
0.201542
0.200631
0.199723
0.198819
0.197920
0.197025
0.196134
0.195246
0.194363
0.193484
0.192609
0.191738
0.190871
0.190008
0.189149
0.188293
0.187442
0.186595
0.185751
0.184911
0.184075
0.183243
0.182415
0.181590
0.180769
0.179952
0.179139
0.178329
0.177523
0.176721
0.175922
0.175127
0.174336
0.173548
0.172764
0.171983
0.171206
0.170433
0.169663
0.168897
0.168134
0.167374
0.166618
0.165865
0.165116
0.164370
0.163628
0.162889
0.162154
0.161421
0.160692
0.159967
0.159244
