62648323.235063
30.292832
7.293635
7.195463
7.098631
7.003114
6.908893
6.815951
6.724270
6.633832
6.544621
6.456621
6.369813
6.284183
6.199714
6.116390
6.034196
5.953115
5.873134
5.794236
5.716407
5.639633
5.563899
5.489190
5.415493
5.342795
5.271080
5.200337
5.130551
5.061710
4.993800
4.926810
4.860726
4.795536
4.731227
4.667789
4.605209
4.543475
4.482575
4.422499
4.363235
4.304773
4.247100
4.190206
4.134082
4.078716
4.024097
3.970217
3.917064
3.864629
3.812902
3.761873
3.711533
3.661873
3.612883
3.564554
3.516877
3.469843
3.423444
3.377671
3.332515
3.287968
3.244021
3.200668
3.157898
3.115705
3.074081
3.033018
2.992508
2.952544
2.913118
2.874223
2.835853
2.797998
2.760654
2.723812
2.687467
2.651610
2.616237
2.581339
2.546911
2.512946
2.479437
2.446380
2.413767
2.381593
2.349852
2.318537
2.287643
2.257164
2.227096
2.197431
2.168165
2.139292
2.110806
2.082704
2.054979
2.027626
2.000641
1.974017
1.947752
1.921838
1.896273
1.871051
1.846167
1.821617
1.797396
1.773500
1.749925
1.726666
1.703719
1.681079
1.658743
1.636706
1.614965
1.593515
1.572352
1.551473
1.530874
1.510550
1.490499
1.470716
1.451198
1.431942
1.412943
1.394199
1.375705
1.357459
1.339457
1.321696
1.304172
1.286883
1.269825
1.252995
1.236391
1.220008
1.203844
1.187896
1.172162
1.156638
1.141321
1.126208
1.111298
1.096587
1.082072
1.067751
1.053621
1.039680
1.025925
1.012354
0.998964
0.985752
0.972717
0.959856
0.947166
0.934645
0.922292
0.910103
0.898077
0.886211
0.874503
0.862951
0.851553
0.840307
0.829211
0.818263
0.807461
0.796802
0.786285
0.775909
0.765671
0.755568
0.745601
0.735766
0.726062
0.716487
0.707039
0.697717
0.688520
0.679444
0.670489
0.661653
0.652935
0.644333
0.635845
0.627470
0.619206
0.611051
0.603006
0.595067
0.587233
0.579504
0.571877
0.564352
0.556926
0.549599
0.542369
0.535236
0.528197
0.521251
0.514397
0.507635
0.500962
0.494377
0.487880
0.481469
0.475143
0.468901
0.462742
0.456664
0.450667
0.444749
0.438910
0.433148
0.427462
0.421851
0.416315
0.410853
0.405462
0.400143
0.394894
0.389715
0.384604
0.379561
0.374585
0.369674
0.364829
0.360047
0.355329
0.350673
0.346079
0.341545
0.337072
0.332657
0.328301
0.324002
0.319760
0.315574
0.311444
0.307368
0.303346
0.299376
0.295460
0.291595
0.287781
0.284017
0.280303
0.276638
0.273022
0.269453
0.265931
0.262455
0.259026
0.255641
0.252302
0.249006
0.245754
0.242544
0.239377
0.236252
0.233167
0.230124
0.227120
0.224156
0.221231
0.218345
0.215496
0.212685
0.209911
0.207174
0.204472
0.201806
0.199176
0.196579
0.194017
0.191489
0.188994
0.186531
0.184101
0.181703
0.179337
0.177001
0.174697
0.172422
0.170178
0.167963
0.165777
0.163619
0.161490
0.159389
0.157316
0.155269
0.153250
0.151257
0.149290
0.147350
0.145434
0.143544
0.141678
0.139837
0.138020
0.136227
0.134457
0.132711
0.130987
0.129286
0.127608
0.125951
0.124316
0.122702
0.121110
0.119538
0.117987
0.116456
0.114946
0.113455
0.111983
0.110531
0.109098
0.107684
0.106288
0.104910
0.103551
0.102209
0.100884
0.099577
0.098288
0.097014
0.095758
0.094518
0.093294
0.092086
0.090894
0.089718
0.088557
0.087411
0.086280
0.085164
0.084062
0.082975
0.081902
0.080843
0.079797
0.078766
0.077747
0.076743
0.075751
0.074772
0.073806
0.072852
0.071911
0.070982
0.070066
0.069161
0.068268
0.067387
0.066517
0.065658
0.064811
0.063975
0.063149
0.062334
0.061530
0.060737
0.059953
0.059180
0.058417
0.057664
0.056921
0.056187
0.055463
0.054748
0.054043
0.053347
0.052659
0.051981
0.051312
0.050651
0.049999
0.049355
0.048720
0.048093
0.047474
0.046863
0.046260
0.045665
0.045077
0.044497
0.043925
0.043360
0.042803
0.042253
0.041709
0.041173
0.040644
0.040122
0.039606
0.039097
0.038595
0.038099
0.037610
0.037127
0.036650
0.036180
0.035715
0.035257
0.034805
0.034358
0.033917
0.033482
0.033052
0.032628
0.032210
0.031797
0.031389
0.030987
0.030589
0.030197
0.029810
0.029428
0.029051
0.028679
0.028312
0.027949
0.027591
0.027238
0.026889
0.026545
0.026205
0.025869
0.025538
0.025211
0.024889
0.024570
0.024256
0.023946
0.023639
0.023337
0.023039
0.022744
0.022453
0.022166
0.021883
0.021603
0.021327
0.021055
0.020786
0.020520
0.020258
0.019999
0.019744
0.019492
0.019243
0.018997
0.018755
0.018515
0.018279
0.018046
0.017816
0.017588
0.017364
0.017143
0.016924
0.016708
0.016495
0.016285
0.016077
0.015872
0.015670
0.015470
0.015273
0.015079
0.014887
0.014697
0.014510
0.014325
0.014143
0.013963
0.013785
0.013609
0.013436
0.013265
0.013096
0.012930
0.012765
0.012603
0.012443
0.012284
0.012128
0.011974
0.011822
0.011671
0.011523
0.011377
0.011232
0.011089
0.010949
0.010809
0.010672
0.010537
0.010403
0.010271
0.010140
0.010012
0.009884
0.009759
0.009635
0.009513
0.009392
0.009273
0.009155
0.009039
0.008925
0.008812
0.008700
0.008589
0.008481
0.008373
0.008267
0.008162
0.008059
0.007957
0.007856
0.007756
0.007658
0.007561
0.007465
0.007371
0.007278
0.007185
0.007095
0.007005
0.006916
0.006829
0.006742
0.006657
0.006573
0.006490
0.006408
0.006326
0.006247
0.006168
0.006090
0.006013
0.005937
0.005862
0.005788
0.005714
0.005642
0.005571
0.005501
0.005431
0.005363
0.005295
0.005228
0.005162
0.005097
0.005033
0.004969
0.004906
0.004844
0.004783
0.004723
0.004663
0.004605
0.004547
0.004489
0.004433
0.004377
0.004322
0.004267
0.004213
0.004160
0.004108
0.004056
0.004005
0.003955
0.003905
0.003856
0.003807
0.003759
0.003712
0.003665
0.003619
0.003573
0.003529
0.003484
0.003440
0.003397
0.003354
0.003312
0.003270
0.003229
0.003189
0.003149
0.003109
0.003070
0.003031
0.002993
0.002956
0.002919
0.002882
0.002846
0.002810
0.002775
0.002740
0.002706
0.002672
0.002638
0.002605
0.002572
0.002540
0.002508
0.002477
0.002446
0.002415
0.002385
0.002355
0.002325
0.002296
0.002267
0.002239
0.002211
0.002183
0.002156
0.002129
0.002102
0.002076
0.002050
0.002024
0.001999
0.001974
0.001949
0.001925
0.001900
0.001877
0.001853
0.001830
0.001807
0.001784
0.001762
0.001740
0.001718
0.001697
0.001676
0.001655
0.001634
0.001614
0.001593
0.001573
0.001554
0.001534
0.001515
0.001496
0.001478
0.001459
0.001441
0.001423
0.001405
0.001388
0.001370
0.001353
0.001336
0.001320
0.001303
0.001287
0.001271
0.001255
0.001239
0.001224
0.001209
0.001194
0.001179
0.001164
0.001149
0.001135
0.001121
0.001107
0.001093
0.001080
0.001066
0.001053
0.001040
0.001027
0.001014
0.001001
0.000989
0.000977
0.000964
0.000952
0.000941
0.000929
0.000917
0.000906
0.000895
0.000884
0.000873
0.000862
0.000851
0.000840
0.000830
0.000820
0.000809
0.000799
0.000789
0.000780
0.000770
0.000760
0.000751
0.000742
0.000732
0.000723
0.000714
0.000705
0.000697
0.000688
0.000679
0.000671
0.000663
0.000655
0.000646
0.000638
0.000630
0.000623
0.000615
0.000607
0.000600
0.000592
0.000585
0.000578
0.000571
0.000563
0.000556
0.000550
0.000543
0.000536
0.000529
0.000523
0.000516
0.000510
0.000504
0.000497
0.000491
0.000485
0.000479
0.000473
0.000467
0.000462
0.000456
0.000450
0.000445
0.000439
0.000434
0.000428
0.000423
0.000418
0.000413
0.000408
0.000403
0.000398
0.000393
0.000388
0.000383
0.000378
0.000374
0.000369
0.000364
0.000360
0.000355
0.000351
0.000347
0.000342
0.000338
0.000334
0.000330
0.000326
0.000322
0.000318
0.000314
0.000310
0.000306
0.000302
0.000299
0.000295
0.000291
0.000288
0.000284
0.000281
0.000277
0.000274
0.000271
0.000267
0.000264
0.000261
0.000257
0.000254
0.000251
0.000248
0.000245
0.000242
