62821758.690979
62821758.690979
26346604.228837
11049415.363667
4633980.230661
1943433.071335
815053.794055
341826.700950
143361.616073
60128.019390
25220.957960
10581.395008
4441.748164
1866.851763
786.963752
334.062168
144.110283
64.435994
31.010676
16.981583
11.087037
8.604041
7.551833
7.099709
6.899281
6.804443
6.753916
6.722004
6.697927
6.677167
6.657828
6.639113
6.620690
6.602419
6.584241
6.566131
6.548078
6.530079
6.512131
6.494234
6.476387
6.458589
6.440841
6.423142
6.405492
6.387891
6.370339
6.352836
6.335382
6.317976
6.300618
6.283309
6.266048
6.248834
6.231668
6.214551
6.197480
6.180457
6.163481
6.146553
6.129671
6.112836
6.096048
6.079307
6.062612
6.045963
6.029361
6.012805
5.996295
5.979830
5.963411
5.947038
5.930710
5.914428
5.898191
5.881998
5.865851
5.849749
5.833691
5.817678
5.801709
5.785784
5.769904
5.754068
5.738276
5.722527
5.706822
5.691161
5.675543
5.659969
5.644438
5.628950
5.613504
5.598102
5.582742
5.567425
5.552151
5.536919
5.521729
5.506581
5.491475
5.476411
5.461389
5.446409
5.431470
5.416572
5.401716
5.386901
5.372127
5.357394
5.342702
5.328051
5.313440
5.298869
5.284340
5.269850
5.255400
5.240991
5.226622
5.212292
5.198002
5.183752
5.169541
5.155369
5.141237
5.127144
5.113090
5.099075
5.085099
5.071161
5.057263
5.043402
5.029580
5.015797
5.002051
4.988344
4.974674
4.961043
4.947449
4.933893
4.920374
4.906893
4.893449
4.880043
4.866673
4.853341
4.840046
4.826787
4.813565
4.800380
4.787231
4.774118
4.761042
4.748002
4.734998
4.722031
4.709099
4.696203
4.683342
4.670517
4.657728
4.644974
4.632256
4.619572
4.606924
4.594311
4.581732
4.569189
4.556680
4.544206
4.531766
4.519361
4.506990
4.494653
4.482351
4.470082
4.457847
4.445647
4.433480
4.421346
4.409247
4.397180
4.385147
4.373148
4.361181
4.349248
4.337348
4.325480
4.313646
4.301844
4.290075
4.278338
4.266634
4.254962
4.243323
4.231715
4.220140
4.208597
4.197085
4.185606
4.174158
4.162742
4.151357
4.140004
4.128683
4.117392
4.106133
4.094905
4.083708
4.072542
4.061407
4.050302
4.039229
4.028185
4.017173
4.006191
3.995239
3.984317
3.973426
3.962565
3.951733
3.940932
3.930160
3.919419
3.908707
3.898024
3.887371
3.876748
3.866154
3.855589
3.845053
3.834546
3.824069
3.813620
3.803200
3.792809
3.782447
3.772113
3.761808
3.751531
3.741283
3.731063
3.720871
3.710708
3.700572
3.690464
3.680385
3.670333
3.660309
3.650312
3.640343
3.630402
3.620488
3.610602
3.600742
3.590910
3.581106
3.571328
3.561577
3.551853
3.542156
3.532486
3.522842
3.513225
3.503635
3.494071
3.484533
3.475022
3.465537
3.456078
3.446645
3.437238
3.427857
3.418503
3.409173
3.399870
3.390592
3.381340
3.372114
3.362913
3.353737
3.344586
3.335461
3.326361
3.317286
3.308236
3.299211
3.290211
3.281236
3.272285
3.263360
3.254458
3.245582
3.236729
3.227902
3.219098
3.210319
3.201564
3.192833
3.184126
3.175444
3.166785
3.158150
3.149539
3.140951
3.132387
3.123847
3.115331
3.106837
3.098368
3.089921
3.081498
3.073098
3.064721
3.056368
3.048037
3.039729
3.031445
3.023183
3.014943
3.006727
2.998533
2.990362
2.982213
2.974086
2.965982
2.957901
2.949841
2.941804
2.933789
2.925796
2.917825
2.909876
2.901949
2.894043
2.886160
2.878298
2.870458
2.862639
2.854842
2.847067
2.839312
2.831580
2.823868
2.816178
2.808509
2.800860
2.793233
2.785627
2.778042
2.770478
2.762935
2.755412
2.747910
2.740429
2.732968
2.725528
2.718109
2.710709
2.703331
2.695972
2.688634
2.681315
2.674017
2.666740
2.659482
2.652244
2.645026
2.637828
2.630649
2.623491
2.616352
2.609232
2.602133
2.595053
2.587992
2.580951
2.573929
2.566926
2.559943
2.552979
2.546034
2.539108
2.532201
2.525313
2.518444
2.511594
2.504763
2.497950
2.491157
2.484382
2.477625
2.470888
2.464168
2.457467
2.450785
2.444121
2.437475
2.430848
2.424239
2.417648
2.411075
2.404520
2.397983
2.391464
2.384963
2.378480
2.372015
2.365567
2.359137
2.352725
2.346330
2.339954
2.333594
2.327252
2.320927
2.314620
2.308330
2.302058
2.295802
2.289564
2.283343
2.277139
2.270952
2.264782
2.258629
2.252493
2.246374
2.240272
2.234186
2.228117
2.222065
2.216029
2.210010
2.204007
2.198021
2.192052
2.186098
2.180161
2.174241
2.168336
2.162448
2.156576
2.150720
2.144881
2.139057
2.133249
2.127457
2.121681
2.115921
2.110177
2.104448
2.098735
2.093038
2.087357
2.081691
2.076040
2.070405
2.064786
2.059182
2.053593
2.048020
2.042462
2.036919
2.031392
2.025879
2.020382
2.014900
2.009433
2.003981
1.998543
1.993121
1.987714
1.982321
1.976943
1.971580
1.966232
1.960898
1.955579
1.950275
1.944985
1.939709
1.934448
1.929202
1.923970
1.918752
1.913548
1.908359
1.903184
1.898023
1.892876
1.887744
1.882625
1.877521
1.872430
1.867354
1.862291
1.857242
1.852208
1.847186
1.842179
1.837185
1.832205
1.827239
1.822286
1.817347
1.812422
1.807509
1.802611
1.797726
1.792854
1.787995
1.783150
1.778318
1.773499
1.768694
1.763902
1.759122
1.754356
1.749603
1.744863
1.740136
1.735422
1.730721
1.726032
1.721357
1.716694
1.712044
1.707407
1.702782
1.698171
1.693571
1.688985
1.684411
1.679849
1.675300
1.670763
1.666239
1.661727
1.657228
1.652741
1.648266
1.643803
1.639353
1.634915
1.630489
1.626075
1.621673
1.617283
1.612905
1.608539
1.604185
1.599843
1.595513
1.591195
1.586888
1.582594
1.578311
1.574039
1.569780
1.565532
1.561296
1.557071
1.552858
1.548656
1.544466
1.540288
1.536120
1.531965
1.527820
1.523687
1.519565
1.515455
1.511355
1.507267
1.503190
1.499124
1.495070
1.491026
1.486994
1.482972
1.478962
1.474962
1.470973
1.466996
1.463029
1.459073
1.455128
1.451193
1.447270
1.443357
1.439454
1.435563
1.431682
1.427812
1.423952
1.420103
1.416264
1.412436
1.408618
1.404811
1.401014
1.397227
1.393451
1.389685
1.385929
1.382184
1.378449
1.374724
1.371009
1.367305
1.363610
1.359926
1.356252
1.352587
1.348933
1.345289
1.341654
1.338030
1.334415
1.330811
1.327216
1.323631
1.320056
1.316490
1.312935
1.309389
1.305852
1.302326
1.298809
1.295301
1.291803
1.288315
1.284836
1.281367
1.277907
1.274457
1.271016
1.267584
1.264162
1.260749
1.257345
1.253951
1.250566
1.247190
1.243824
1.240466
1.237118
1.233779
1.230449
1.227128
1.223816
1.220513
1.217219
1.213935
1.210659
1.207392
1.204134
1.200885
1.197644
1.194413
1.191190
1.187977
1.184771
1.181575
1.178388
1.175209
1.172038
1.168877
1.165724
1.162579
1.159444
1.156316
1.153198
1.150087
1.146986
1.143892
1.140807
1.137731
1.134663
1.131603
1.128552
1.125509
1.122474
1.119447
1.116429
1.113419
1.110417
1.107424
1.104438
1.101461
1.098492
1.095530
1.092577
1.089632
1.086695
1.083766
1.080845
1.077932
1.075027
1.072130
1.069240
1.066359
1.063485
1.060620
1.057762
1.054911
1.052069
1.049234
1.046407
1.043588
1.040776
1.037973
1.035176
1.032388
1.029606
1.026833
1.024067
1.021308
1.018558
1.015814
1.013078
1.010350
1.007628
1.004915
1.002208
0.999510
0.996818
0.994134
0.991457
0.988787
0.986125
0.983469
0.980821
0.978181
0.975547
0.972921
0.970302
0.967689
0.965084
0.962487
0.959896
0.957312
0.954735
0.952165
0.949603
0.947047
0.944498
0.941956
0.939421
0.936893
0.934372
0.931857
0.929350
0.926849
0.924355
0.921868
0.919388
0.916914
0.914447
0.911987
0.909533
0.907087
0.904646
0.902213
0.899786
0.897366
0.894952
0.892545
0.890144
0.887750
0.885362
0.882981
0.880607
0.878238
0.875877
0.873521
0.871172
0.868830
0.866494
0.864164
0.861840
0.859523
0.857212
0.854908
0.852609
0.850317
0.848031
0.845752
0.843478
0.841211
0.838950
0.836695
0.834446
0.832203
0.829966
0.827736
0.825511
0.823293
0.821080
