62821758.690979
13379340.336891
2849443.066892
606859.853930
129250.287272
27532.347950
5869.153580
1255.453540
272.834449
63.537412
18.937142
9.412938
7.359102
6.896372
6.772624
6.721190
6.685276
6.652787
6.621146
6.589804
6.558643
6.527637
6.496781
6.466073
6.435512
6.405096
6.374826
6.344701
6.314719
6.284881
6.255185
6.225631
6.196219
6.166946
6.137814
6.108820
6.079966
6.051248
6.022668
5.994225
5.965917
5.937744
5.909706
5.881802
5.854031
5.826392
5.798885
5.771510
5.744265
5.717150
5.690165
5.663308
5.636580
5.609979
5.583505
5.557157
5.530935
5.504838
5.478866
5.453017
5.427292
5.401689
5.376208
5.350849
5.325611
5.300493
5.275495
5.250616
5.225856
5.201214
5.176689
5.152281
5.127989
5.103814
5.079753
5.055807
5.031975
5.008257
4.984652
4.961159
4.937778
4.914509
4.891350
4.868302
4.845363
4.822534
4.799814
4.777201
4.754697
4.732299
4.710009
4.687824
4.665745
4.643771
4.621902
4.600137
4.578475
4.556917
4.535461
4.514107
4.492855
4.471704
4.450654
4.429704
4.408853
4.388102
4.367450
4.346895
4.326439
4.306080
4.285818
4.265652
4.245582
4.225607
4.205728
4.185943
4.166252
4.146655
4.127151
4.107739
4.088420
4.069193
4.050057
4.031012
4.012058
3.993194
3.974419
3.955734
3.937138
3.918630
3.900209
3.881877
3.863631
3.845472
3.827400
3.809413
3.791512
3.773696
3.755964
3.738317
3.720753
3.703273
3.685876
3.668561
3.651329
3.634179
3.617110
3.600122
3.583214
3.566387
3.549640
3.532973
3.516384
3.499874
3.483443
3.467089
3.450813
3.434615
3.418493
3.402448
3.386478
3.370585
3.354767
3.339024
3.323356
3.307762
3.292242
3.276796
3.261423
3.246122
3.230895
3.215739
3.200656
3.185644
3.170703
3.155833
3.141033
3.126304
3.111644
3.097054
3.082533
3.068081
3.053698
3.039382
3.025135
3.010955
2.996842
2.982796
2.968816
2.954903
2.941056
2.927274
2.913557
2.899906
2.886319
2.872797
2.859338
2.845943
2.832612
2.819344
2.806139
2.792996
2.779915
2.766897
2.753940
2.741044
2.728209
2.715436
2.702722
2.690069
2.677475
2.664942
2.652467
2.640052
2.627695
2.615397
2.603157
2.590975
2.578850
2.566783
2.554773
2.542820
2.530923
2.519082
2.507298
2.495569
2.483896
2.472278
2.460715
2.449206
2.437752
2.426352
2.415006
2.403714
2.392474
2.381289
2.370155
2.359075
2.348047
2.337071
2.326147
2.315274
2.304453
2.293683
2.282964
2.272296
2.261678
2.251110
2.240592
2.230123
2.219704
2.209335
2.199014
2.188742
2.178518
2.168343
2.158216
2.148137
2.138105
2.128120
2.118183
2.108293
2.098449
2.088652
2.078901
2.069196
2.059537
2.049923
2.040355
2.030832
2.021353
2.011920
2.002531
1.993186
1.983886
1.974629
1.965416
1.956246
1.947120
1.938037
1.928996
1.919998
1.911043
1.902129
1.893258
1.884429
1.875641
1.866895
1.858190
1.849526
1.840902
1.832320
1.823778
1.815276
1.806814
1.798392
1.790010
1.781667
1.773363
1.765099
1.756873
1.748687
1.740539
1.732429
1.724357
1.716324
1.708328
1.700370
1.692449
1.684566
1.676720
1.668911
1.661138
1.653402
1.645703
1.638039
1.630412
1.622821
1.615265
1.607745
1.600261
1.592811
1.585397
1.578018
1.570673
1.563363
1.556087
1.548845
1.541638
1.534464
1.527325
1.520218
1.513145
1.506106
1.499099
1.492126
1.485185
1.478277
1.471401
1.464558
1.457747
1.450968
1.444221
1.437505
1.430821
1.424168
1.417547
1.410957
1.404398
1.397869
1.391372
1.384904
1.378468
1.372061
1.365685
1.359338
1.353021
1.346734
1.340477
1.334249
1.328050
1.321880
1.315739
1.309627
1.303544
1.297489
1.291463
1.285465
1.279495
1.273553
1.267640
1.261753
1.255895
1.250064
1.244260
1.238484
1.232734
1.227012
1.221317
1.215648
1.210006
1.204390
1.198800
1.193237
1.187700
1.182189
1.176704
1.171244
1.165810
1.160402
1.155019
1.149661
1.144328
1.139021
1.133738
1.128480
1.123246
1.118037
1.112853
1.107693
1.102557
1.097445
1.092357
1.087293
1.082252
1.077236
1.072242
1.067272
1.062326
1.057402
1.052502
1.047625
1.042770
1.037938
1.033129
1.028342
1.023578
1.018836
1.014116
1.009419
1.004743
1.000089
0.995457
0.990847
0.986258
0.981691
0.977145
0.972621
0.968117
0.963635
0.959174
0.954733
0.950313
0.945914
0.941536
0.937178
0.932840
0.928523
0.924226
0.919949
0.915692
0.911455
0.907238
0.903040
0.898862
0.894704
0.890565
0.886445
0.882345
0.878264
0.874202
0.870159
0.866135
0.862129
0.858143
0.854174
0.850225
0.846294
0.842381
0.838487
0.834611
0.830753
0.826913
0.823091
0.819286
0.815500
0.811731
0.807980
0.804246
0.800530
0.796831
0.793149
0.789485
0.785838
0.782207
0.778594
0.774998
0.771418
0.767855
0.764309
0.760779
0.757266
0.753769
0.750288
0.746824
0.743376
0.739944
0.736528
0.733127
0.729743
0.726375
0.723022
0.719685
0.716363
0.713057
0.709767
0.706491
0.703231
0.699986
0.696757
0.693542
0.690343
0.687158
0.683988
0.680833
0.677693
0.674567
0.671456
0.668359
0.665277
0.662209
0.659155
0.656116
0.653091
0.650080
0.647083
0.644099
0.641130
0.638175
0.635233
0.632305
0.629391
0.626491
0.623603
0.620730
0.617869
0.615022
0.612188
0.609368
0.606561
0.603766
0.600985
0.598216
0.595461
0.592718
0.589988
0.587271
0.584566
0.581874
0.579195
0.576528
0.573873
0.571231
0.568601
0.565984
0.563378
0.560785
0.558203
0.555634
0.553077
0.550531
0.547998
0.545476
0.542966
0.540467
0.537980
0.535505
0.533041
0.530589
0.528148
0.525719
0.523300
0.520893
0.518497
0.516113
0.513739
0.511377
0.509025
0.506684
0.504354
0.502035
0.499727
0.497430
0.495143
0.492867
0.490601
0.488346
0.486102
0.483867
0.481644
0.479430
0.477227
0.475034
0.472851
0.470679
0.468516
0.466363
0.464221
0.462088
0.459966
0.457853
0.455750
0.453657
0.451573
0.449499
0.447435
0.445380
0.443335
0.441299
0.439273
0.437256
0.435249
0.433251
0.431262
0.429282
0.427312
0.425351
0.423398
0.421455
0.419521
0.417596
0.415680
0.413772
0.411874
0.409984
0.408103
0.406231
0.404367
0.402512
0.400666
0.398828
0.396999
0.395178
0.393366
0.391562
0.389766
0.387979
0.386200
0.384430
0.382667
0.380913
0.379166
0.377428
0.375698
0.373976
0.372262
0.370556
0.368858
0.367167
0.365485
0.363810
0.362143
0.360483
0.358832
0.357188
0.355551
0.353923
0.352301
0.350688
0.349081
0.347483
0.345891
0.344307
0.342730
0.341161
0.339599
0.338044
0.336496
0.334955
0.333422
0.331895
0.330376
0.328864
0.327358
0.325860
0.324369
0.322884
0.321406
0.319936
0.318472
0.317014
0.315564
0.314120
0.312683
0.311252
0.309829
0.308411
0.307000
0.305596
0.304199
0.302807
0.301422
0.300044
0.298672
0.297306
0.295947
0.294594
0.293247
0.291906
0.290571
0.289243
0.287921
0.286605
0.285295
0.283991
0.282693
0.281401
0.280115
0.278835
0.277561
0.276293
0.275030
0.273774
0.272523
0.271278
0.270039
0.268805
0.267577
0.266355
0.265139
0.263928
0.262722
0.261523
0.260328
0.259140
0.257956
0.256779
0.255606
0.254439
0.253278
0.252122
0.250971
0.249825
0.248685
0.247550
0.246420
0.245296
0.244176
0.243062
0.241953
0.240849
0.239750
0.238656
0.237568
0.236484
0.235405
0.234331
0.233262
0.232198
0.231139
0.230085
0.229036
0.227992
0.226952
0.225917
0.224887
0.223862
0.222841
0.221825
0.220814
0.219807
0.218805
0.217808
0.216815
0.215827
0.214844
0.213864
0.212890
0.211920
0.210954
0.209993
0.209036
0.208084
0.207136
0.206192
0.205253
0.204318
0.203388
0.202461
0.201539
0.200621
0.199708
0.198798
0.197893
0.196992
0.196095
0.195202
0.194313
0.193429
0.192548
0.191672
0.190799
0.189931
0.189066
0.188206
0.187349
0.186497
0.185648
0.184803
0.183963
0.183125
0.182292
0.181463
0.180637
0.179816
0.178998
0.178184
0.177373
0.176566
0.175763
