62821758.690979
31.374981
6.745908
6.526781
6.314855
6.109884
5.911637
5.719890
5.534429
5.355045
5.181537
5.013710
4.851377
4.694356
4.542471
4.395552
4.253436
4.115963
3.982981
3.854341
3.729900
3.609519
3.493065
3.380407
3.271422
3.165988
3.063987
2.965308
2.869841
2.777480
2.688123
2.601671
2.518029
2.437105
2.358809
2.283055
2.209759
2.138842
2.070225
2.003832
1.939591
1.877432
1.817285
1.759086
1.702770
1.648277
1.595546
1.544519
1.495142
1.447359
1.401120
1.356374
1.313072
1.271167
1.230613
1.191367
1.153385
1.116627
1.081053
1.046624
1.013303
0.981054
0.949843
0.919634
0.890397
0.862098
0.834709
0.808198
0.782539
0.757702
0.733662
0.710393
0.687870
0.666068
0.644964
0.624536
0.604761
0.585620
0.567090
0.549153
0.531789
0.514980
0.498707
0.482954
0.467704
0.452940
0.438647
0.424810
0.411414
0.398444
0.385888
0.373731
0.361962
0.350566
0.339534
0.328851
0.318509
0.308495
0.298799
0.289411
0.280321
0.271519
0.262996
0.254744
0.246753
0.239016
0.231523
0.224268
0.217242
0.210439
0.203851
0.197471
0.191293
0.185310
0.179516
0.173905
0.168472
0.163209
0.158113
0.153177
0.148397
0.143768
0.139285
0.134942
0.130737
0.126664
0.122718
0.118897
0.115197
0.111612
0.108140
0.104777
0.101520
0.098365
0.095309
0.092349
0.089482
0.086704
0.084014
0.081408
0.078884
0.076438
0.074069
0.071775
0.069552
0.067398
0.065312
0.063291
0.061333
0.059437
0.057599
0.055819
0.054094
0.052424
0.050805
0.049237
0.047717
0.046245
0.044819
0.043437
0.042098
0.040801
0.039544
0.038327
0.037147
0.036004
0.034896
0.033823
0.032783
0.031775
0.030798
0.029852
0.028935
0.028047
0.027186
0.026352
0.025543
0.024760
0.024001
0.023265
0.022552
0.021861
0.021192
0.020543
0.019914
0.019305
0.018714
0.018142
0.017587
0.017050
0.016529
0.016024
0.015535
0.015060
0.014601
0.014155
0.013723
0.013305
0.012899
0.012506
0.012125
0.011756
0.011398
0.011051
0.010714
0.010388
0.010072
0.009766
0.009469
0.009181
0.008902
0.008632
0.008370
0.008115
0.007869
0.007630
0.007399
0.007174
0.006957
0.006746
0.006541
0.006343
0.006151
0.005965
0.005784
0.005609
0.005439
0.005275
0.005115
0.004961
0.004811
0.004665
0.004524
0.004388
0.004255
0.004127
0.004002
0.003881
0.003764
0.003651
0.003541
0.003434
0.003330
0.003230
0.003133
0.003038
0.002947
0.002858
0.002772
0.002689
0.002608
0.002530
0.002453
0.002380
0.002308
0.002239
0.002172
0.002106
0.002043
0.001982
0.001922
0.001865
0.001809
0.001755
0.001702
0.001651
0.001601
0.001554
0.001507
0.001462
0.001418
0.001376
0.001335
0.001295
0.001256
0.001218
0.001182
0.001147
0.001112
0.001079
0.001047
0.001016
0.000985
0.000956
0.000927
0.000900
0.000873
0.000847
0.000822
0.000797
0.000773
0.000750
0.000728
0.000706
0.000685
0.000665
0.000645
0.000626
0.000607
0.000589
0.000572
0.000555
0.000538
0.000522
0.000507
0.000492
0.000477
0.000463
0.000449
0.000436
0.000423
0.000410
0.000398
0.000386
0.000375
0.000364
0.000353
0.000343
0.000332
0.000323
0.000313
0.000304
0.000295
0.000286
0.000278
0.000269
0.000261
0.000254
0.000246
0.000239
0.000232
0.000225
0.000218
0.000212
0.000206
0.000200
0.000194
0.000188
0.000182
0.000177
0.000172
0.000167
0.000162
0.000157
0.000152
0.000148
0.000144
0.000139
0.000135
0.000131
0.000127
0.000124
0.000120
0.000116
0.000113
0.000110
0.000106
0.000103
0.000100
0.000097
0.000095
0.000092
0.000089
0.000086
0.000084
0.000081
0.000079
0.000077
0.000074
0.000072
0.000070
0.000068
0.000066
0.000064
0.000062
0.000060
0.000059
0.000057
0.000055
0.000054
0.000052
0.000051
0.000049
0.000048
0.000046
0.000045
0.000044
0.000042
0.000041
0.000040
0.000039
0.000038
0.000036
0.000035
0.000034
0.000033
0.000032
0.000031
0.000031
0.000030
0.000029
0.000028
0.000027
0.000026
0.000026
0.000025
0.000024
0.000023
0.000023
0.000022
0.000021
0.000021
0.000020
0.000020
0.000019
0.000018
0.000018
0.000017
0.000017
0.000016
0.000016
0.000015
0.000015
0.000015
0.000014
0.000014
0.000013
0.000013
0.000013
0.000012
0.000012
0.000012
0.000011
0.000011
0.000011
0.000010
0.000010
0.000010
0.000009
0.000009
0.000009
0.000009
0.000008
0.000008
0.000008
0.000008
0.000007
0.000007
0.000007
0.000007
0.000007
0.000006
0.000006
0.000006
0.000006
0.000006
0.000006
0.000005
0.000005
0.000005
0.000005
0.000005
0.000005
0.000004
0.000004
0.000004
0.000004
0.000004
0.000004
0.000004
0.000004
0.000004
0.000003
0.000003
0.000003
0.000003
0.000003
0.000003
0.000003
0.000003
0.000003
0.000003
0.000003
0.000003
0.000002
0.000002
0.000002
0.000002
0.000002
0.000002
0.000002
0.000002
0.000002
0.000002
0.000002
0.000002
0.000002
0.000002
0.000002
0.000002
0.000002
0.000001
0.000001
0.000001
0.000001
0.000001
0.000001
0.000001
0.000001
0.000001
0.000001
0.000001
0.000001
0.000001
0.000001
0.000001
0.000001
0.000001
0.000001
0.000001
0.000001
0.000001
0.000001
0.000001
0.000001
0.000001
0.000001
0.000001
0.000001
0.000001
0.000001
0.000001
0.000001
0.000001
0.000001
0.000001
0.000001
0.000001
0.000001
0.000000
0.000000
0.000000
0.000000
0.000000
0.000000
0.000000
0.000000
0.000000
0.000000
0.000000
0.000000
0.000000
0.000000
0.000000
0.000000
0.000000
0.000000
0.000000
0.000000
0.000000
0.000000
0.000000
0.000000
0.000000
0.000000
0.000000
0.000000
0.000000
0.000000
0.000000
0.000000
0.000000
0.000000
0.000000
0.000000
0.000000
0.000000
0.000000
0.000000
0.000000
0.000000
0.000000
0.000000
0.000000
0.000000
0.000000
0.000000
0.000000
0.000000
0.000000
0.000000
0.000000
0.000000
0.000000
0.000000
0.000000
0.000000
0.000000
0.000000
0.000000
0.000000
0.000000
0.000000
0.000000
0.000000
0.000000
0.000000
0.000000
0.000000
0.000000
0.000000
0.000000
0.000000
0.000000
0.000000
0.000000
0.000000
0.000000
0.000000
0.000000
0.000000
0.000000
0.000000
0.000000
0.000000
0.000000
0.000000
0.000000
0.000000
0.000000
0.000000
0.000000
0.000000
0.000000
0.000000
0.000000
0.000000
0.000000
0.000000
0.000000
0.000000
0.000000
0.000000
0.000000
0.000000
0.000000
0.000000
0.000000
0.000000
0.000000
0.000000
0.000000
0.000000
0.000000
0.000000
0.000000
0.000000
0.000000
0.000000
0.000000
0.000000
0.000000
0.000000
0.000000
0.000000
0.000000
0.000000
0.000000
0.000000
0.000000
0.000000
0.000000
0.000000
0.000000
0.000000
0.000000
0.000000
0.000000
0.000000
0.000000
0.000000
0.000000
0.000000
0.000000
0.000000
0.000000
0.000000
0.000000
0.000000
0.000000
0.000000
0.000000
0.000000
0.000000
0.000000
0.000000
0.000000
0.000000
0.000000
0.000000
0.000000
0.000000
0.000000
0.000000
0.000000
0.000000
0.000000
0.000000
0.000000
0.000000
0.000000
0.000000
0.000000
0.000000
0.000000
0.000000
0.000000
0.000000
0.000000
0.000000
0.000000
0.000000
0.000000
0.000000
0.000000
0.000000
0.000000
0.000000
0.000000
0.000000
0.000000
0.000000
0.000000
0.000000
0.000000
0.000000
0.000000
0.000000
0.000000
0.000000
0.000000
0.000000
0.000000
0.000000
0.000000
0.000000
0.000000
0.000000
0.000000
0.000000
0.000000
0.000000
0.000000
0.000000
0.000000
0.000000
0.000000
0.000000
0.000000
0.000000
0.000000
0.000000
0.000000
0.000000
0.000000
0.000000
0.000000
0.000000
0.000000
0.000000
0.000000
0.000000
0.000000
0.000000
0.000000
0.000000
0.000000
0.000000
0.000000
0.000000
0.000000
0.000000
0.000000
0.000000
0.000000
0.000000
0.000000
0.000000
0.000000
0.000000
0.000000
0.000000
0.000000
0.000000
0.000000
0.000000
0.000000
0.000000
0.000000
0.000000
