62726729.628880
28.539326
5.594637
5.484144
5.375858
5.269727
5.165708
5.063757
4.963835
4.865899
4.769911
4.675831
4.583621
4.493243
4.404662
4.317840
4.232743
4.149336
4.067586
3.987459
3.908922
3.831945
3.756495
3.682542
3.610057
3.539010
3.469371
3.401114
3.334211
3.268633
3.204356
3.141352
3.079597
3.019066
2.959733
2.901576
2.844571
2.788694
2.733924
2.680237
2.627614
2.576031
2.525469
2.475908
2.427327
2.379706
2.333027
2.287271
2.242420
2.198455
2.155358
2.113114
2.071703
2.031111
1.991321
1.952316
1.914081
1.876601
1.839860
1.803845
1.768540
1.733932
1.700006
1.666749
1.634148
1.602190
1.570862
1.540151
1.510046
1.480533
1.451602
1.423241
1.395439
1.368183
1.341465
1.315272
1.289595
1.264423
1.239746
1.215555
1.191840
1.168591
1.145799
1.123455
1.101551
1.080077
1.059024
1.038386
1.018153
0.998317
0.978871
0.959807
0.941117
0.922794
0.904830
0.887219
0.869954
0.853027
0.836432
0.820162
0.804212
0.788574
0.773243
0.758212
0.743476
0.729029
0.714864
0.700977
0.687362
0.674013
0.660926
0.648095
0.635515
0.623181
0.611089
0.599233
0.587609
0.576212
0.565038
0.554082
0.543341
0.532810
0.522484
0.512360
0.502434
0.492701
0.483159
0.473803
0.464630
0.455635
0.446816
0.438170
0.429692
0.421379
0.413228
0.405237
0.397401
0.389718
0.382184
0.374798
0.367555
0.360454
0.353490
0.346663
0.339968
0.333404
0.326967
0.320656
0.314467
0.308399
0.302449
0.296615
0.290894
0.285284
0.279784
0.274390
0.269101
0.263915
0.258830
0.253843
0.248954
0.244159
0.239457
0.234847
0.230326
0.225893
0.221546
0.217283
0.213103
0.209004
0.204984
0.201043
0.197178
0.193387
0.189670
0.186026
0.182451
0.178946
0.175509
0.172139
0.168834
0.165592
0.162414
0.159297
0.156240
0.153242
0.150303
0.147420
0.144593
0.141820
0.139101
0.136435
0.133820
0.131256
0.128742
0.126275
0.123857
0.121485
0.119159
0.116878
0.114641
0.112447
0.110295
0.108185
0.106116
0.104086
0.102096
0.100144
0.098230
0.096352
0.094511
0.092705
0.090934
0.089197
0.087494
0.085823
0.084184
0.082577
0.081001
0.079456
0.077940
0.076453
0.074994
0.073564
0.072161
0.070786
0.069436
0.068113
0.066815
0.065542
0.064293
0.063069
0.061868
0.060690
0.059534
0.058401
0.057290
0.056199
0.055130
0.054081
0.053053
0.052044
0.051054
0.050084
0.049132
0.048198
0.047282
0.046384
0.045503
0.044638
0.043791
0.042959
0.042144
0.041344
0.040559
0.039790
0.039035
0.038294
0.037568
0.036855
0.036157
0.035471
0.034799
0.034139
0.033492
0.032858
0.032235
0.031625
0.031026
0.030439
0.029862
0.029297
0.028743
0.028199
0.027665
0.027142
0.026629
0.026125
0.025631
0.025147
0.024671
0.024205
0.023748
0.023299
0.022859
0.022427
0.022004
0.021588
0.021181
0.020781
0.020389
0.020004
0.019626
0.019256
0.018893
0.018537
0.018187
0.017844
0.017508
0.017178
0.016854
0.016537
0.016225
0.015920
0.015620
0.015326
0.015037
0.014754
0.014476
0.014204
0.013937
0.013675
0.013417
0.013165
0.012917
0.012675
0.012436
0.012203
0.011973
0.011748
0.011528
0.011311
0.011099
0.010890
0.010686
0.010485
0.010288
0.010095
0.009906
0.009720
0.009538
0.009359
0.009183
0.009011
0.008842
0.008676
0.008514
0.008354
0.008198
0.008044
0.007894
0.007746
0.007601
0.007458
0.007319
0.007182
0.007047
0.006916
0.006786
0.006659
0.006535
0.006413
0.006293
0.006175
0.006060
0.005946
0.005835
0.005726
0.005619
0.005514
0.005411
0.005310
0.005211
0.005114
0.005018
0.004925
0.004833
0.004743
0.004654
0.004568
0.004482
0.004399
0.004317
0.004236
0.004157
0.004080
0.004004
0.003929
0.003856
0.003784
0.003714
0.003645
0.003577
0.003510
0.003445
0.003381
0.003318
0.003256
0.003196
0.003136
0.003078
0.003021
0.002965
0.002910
0.002855
0.002802
0.002750
0.002699
0.002649
0.002600
0.002552
0.002504
0.002458
0.002412
0.002367
0.002324
0.002280
0.002238
0.002197
0.002156
0.002116
0.002077
0.002038
0.002000
0.001963
0.001927
0.001891
0.001856
0.001822
0.001788
0.001755
0.001723
0.001691
0.001659
0.001629
0.001599
0.001569
0.001540
0.001512
0.001484
0.001456
0.001429
0.001403
0.001377
0.001351
0.001327
0.001302
0.001278
0.001254
0.001231
0.001208
0.001186
0.001164
0.001143
0.001122
0.001101
0.001081
0.001061
0.001041
0.001022
0.001003
0.000985
0.000967
0.000949
0.000931
0.000914
0.000897
0.000881
0.000865
0.000849
0.000833
0.000818
0.000803
0.000788
0.000773
0.000759
0.000745
0.000731
0.000718
0.000705
0.000692
0.000679
0.000667
0.000654
0.000642
0.000631
0.000619
0.000608
0.000596
0.000585
0.000575
0.000564
0.000554
0.000544
0.000534
0.000524
0.000514
0.000505
0.000496
0.000487
0.000478
0.000469
0.000460
0.000452
0.000444
0.000435
0.000427
0.000420
0.000412
0.000404
0.000397
0.000390
0.000383
0.000376
0.000369
0.000362
0.000355
0.000349
0.000342
0.000336
0.000330
0.000324
0.000318
0.000312
0.000307
0.000301
0.000295
0.000290
0.000285
0.000280
0.000274
0.000269
0.000265
0.000260
0.000255
0.000250
0.000246
0.000241
0.000237
0.000233
0.000228
0.000224
0.000220
0.000216
0.000212
0.000208
0.000204
0.000201
0.000197
0.000193
0.000190
0.000186
0.000183
0.000180
0.000176
0.000173
0.000170
0.000167
0.000164
0.000161
0.000158
0.000155
0.000152
0.000150
0.000147
0.000144
0.000142
0.000139
0.000136
0.000134
0.000132
0.000129
0.000127
0.000125
0.000122
0.000120
0.000118
0.000116
0.000114
0.000112
0.000110
0.000108
0.000106
0.000104
0.000102
0.000100
0.000098
0.000096
0.000095
0.000093
0.000091
0.000090
0.000088
0.000086
0.000085
0.000083
0.000082
0.000080
0.000079
0.000077
0.000076
0.000075
0.000073
0.000072
0.000071
0.000069
0.000068
0.000067
0.000066
0.000064
0.000063
0.000062
0.000061
0.000060
0.000059
0.000058
0.000057
0.000056
0.000055
0.000054
0.000053
0.000052
0.000051
0.000050
0.000049
0.000048
0.000047
0.000046
0.000046
0.000045
0.000044
0.000043
0.000042
0.000042
0.000041
0.000040
0.000039
0.000039
0.000038
0.000037
0.000037
0.000036
0.000035
0.000035
0.000034
0.000033
0.000033
0.000032
0.000032
0.000031
0.000031
0.000030
0.000029
0.000029
0.000028
0.000028
0.000027
0.000027
0.000026
0.000026
0.000025
0.000025
0.000025
0.000024
0.000024
0.000023
0.000023
0.000022
0.000022
0.000022
0.000021
0.000021
0.000021
0.000020
0.000020
0.000019
0.000019
0.000019
0.000018
0.000018
0.000018
0.000017
0.000017
0.000017
0.000017
0.000016
0.000016
0.000016
0.000015
0.000015
0.000015
0.000015
0.000014
0.000014
0.000014
0.000014
0.000013
0.000013
0.000013
0.000013
0.000012
0.000012
0.000012
0.000012
0.000011
0.000011
0.000011
0.000011
0.000011
0.000011
0.000010
0.000010
0.000010
0.000010
0.000010
0.000009
0.000009
0.000009
0.000009
0.000009
0.000009
0.000008
0.000008
0.000008
0.000008
0.000008
0.000008
0.000008
0.000007
0.000007
0.000007
0.000007
0.000007
0.000007
0.000007
0.000007
0.000006
0.000006
0.000006
0.000006
0.000006
0.000006
0.000006
0.000006
0.000006
0.000005
0.000005
0.000005
0.000005
0.000005
0.000005
0.000005
0.000005
0.000005
0.000005
0.000005
0.000005
0.000004
0.000004
0.000004
0.000004
0.000004
0.000004
0.000004
0.000004
0.000004
0.000004
0.000004
0.000004
0.000004
0.000004
0.000003
0.000003
0.000003
0.000003
0.000003
0.000003
0.000003
0.000003
0.000003
0.000003
0.000003
0.000003
0.000003
0.000003
0.000003
0.000003
0.000003
0.000003
0.000002
0.000002
0.000002
0.000002
0.000002
0.000002
0.000002
0.000002
0.000002
0.000002
0.000002
0.000002
0.000002
0.000002
0.000002
0.000002
0.000002
0.000002
0.000002
0.000002
0.000002
