62557519.247378
62557519.247378
25725011.077843
10578685.499370
4350188.170752
1788895.079686
735635.844316
302512.811532
124403.224455
51160.692760
21041.766874
8656.202270
3562.980158
1468.527341
607.233472
253.041314
107.380396
47.472071
22.827096
12.683202
8.502494
6.774003
6.053944
5.748600
5.613823
5.549212
5.513482
5.489655
5.470748
5.453890
5.437902
5.422296
5.406874
5.391553
5.376299
5.361098
5.345945
5.330836
5.315772
5.300750
5.285772
5.270837
5.255944
5.241093
5.226286
5.211520
5.196797
5.182115
5.167476
5.152878
5.138322
5.123807
5.109334
5.094903
5.080512
5.066163
5.051854
5.037587
5.023360
5.009173
4.995028
4.980922
4.966857
4.952832
4.938847
4.924902
4.910996
4.897131
4.883304
4.869518
4.855770
4.842062
4.828393
4.814763
4.801172
4.787620
4.774106
4.760631
4.747194
4.733796
4.720436
4.707114
4.693830
4.680584
4.667375
4.654205
4.641071
4.627976
4.614917
4.601896
4.588912
4.575965
4.563055
4.550182
4.537345
4.524545
4.511782
4.499055
4.486364
4.473709
4.461091
4.448508
4.435962
4.423451
4.410975
4.398536
4.386131
4.373762
4.361429
4.349130
4.336867
4.324638
4.312445
4.300286
4.288161
4.276072
4.264016
4.251995
4.240009
4.228056
4.216138
4.204253
4.192402
4.180585
4.168802
4.157052
4.145336
4.133653
4.122004
4.110387
4.098804
4.087254
4.075736
4.064252
4.052800
4.041380
4.029994
4.018639
4.007317
3.996027
3.984770
3.973544
3.962350
3.951188
3.940058
3.928960
3.917893
3.906858
3.895854
3.884882
3.873941
3.863030
3.852151
3.841303
3.830486
3.819700
3.808944
3.798219
3.787524
3.776860
3.766226
3.755622
3.745049
3.734506
3.723992
3.713509
3.703055
3.692631
3.682237
3.671872
3.661537
3.651232
3.640955
3.630708
3.620490
3.610301
3.600141
3.590010
3.579907
3.569834
3.559789
3.549772
3.539785
3.529825
3.519894
3.509991
3.500116
3.490269
3.480451
3.470660
3.460897
3.451162
3.441454
3.431774
3.422122
3.412497
3.402899
3.393329
3.383786
3.374270
3.364781
3.355319
3.345884
3.336476
3.327094
3.317739
3.308411
3.299109
3.289834
3.280585
3.271362
3.262165
3.252995
3.243851
3.234732
3.225640
3.216573
3.207532
3.198517
3.189527
3.180563
3.171625
3.162712
3.153824
3.144961
3.136123
3.127311
3.118524
3.109761
3.101024
3.092311
3.083623
3.074960
3.066321
3.057707
3.049117
3.040552
3.032011
3.023494
3.015001
3.006533
2.998089
2.989668
2.981271
2.972899
2.964550
2.956224
2.947923
2.939645
2.931390
2.923159
2.914951
2.906767
2.898605
2.890467
2.882352
2.874260
2.866191
2.858145
2.850122
2.842121
2.834143
2.826188
2.818255
2.810345
2.802457
2.794592
2.786749
2.778928
2.771129
2.763353
2.755598
2.747866
2.740155
2.732467
2.724800
2.717155
2.709531
2.701929
2.694349
2.686790
2.679253
2.671737
2.664242
2.656769
2.649317
2.641886
2.634476
2.627087
2.619718
2.612371
2.605045
2.597739
2.590454
2.583190
2.575946
2.568723
2.561521
2.554338
2.547176
2.540035
2.532913
2.525812
2.518731
2.511670
2.504629
2.497608
2.490607
2.483625
2.476664
2.469722
2.462800
2.455897
2.449014
2.442151
2.435307
2.428482
2.421677
2.414890
2.408124
2.401376
2.394647
2.387938
2.381247
2.374576
2.367923
2.361289
2.354674
2.348077
2.341500
2.334941
2.328400
2.321878
2.315375
2.308890
2.302423
2.295974
2.289544
2.283132
2.276738
2.270363
2.264005
2.257665
2.251343
2.245040
2.238753
2.232485
2.226235
2.220002
2.213787
2.207589
2.201409
2.195246
2.189101
2.182974
2.176863
2.170770
2.164694
2.158635
2.152594
2.146569
2.140562
2.134571
2.128598
2.122641
2.116701
2.110778
2.104872
2.098983
2.093110
2.087254
2.081414
2.075591
2.069784
2.063994
2.058220
2.052462
2.046721
2.040996
2.035287
2.029594
2.023917
2.018257
2.012612
2.006983
2.001370
1.995774
1.990192
1.984627
1.979078
1.973544
1.968025
1.962523
1.957036
1.951564
1.946108
1.940667
1.935242
1.929832
1.924437
1.919057
1.913693
1.908344
1.903010
1.897691
1.892387
1.887098
1.881824
1.876565
1.871320
1.866091
1.860876
1.855676
1.850491
1.845320
1.840164
1.835023
1.829896
1.824783
1.819685
1.814602
1.809532
1.804477
1.799437
1.794410
1.789398
1.784400
1.779416
1.774446
1.769490
1.764548
1.759620
1.754706
1.749805
1.744919
1.740046
1.735188
1.730342
1.725511
1.720693
1.715889
1.711098
1.706321
1.701557
1.696807
1.692070
1.687347
1.682637
1.677940
1.673256
1.668586
1.663929
1.659284
1.654653
1.650036
1.645431
1.640839
1.636260
1.631694
1.627141
1.622600
1.618073
1.613558
1.609056
1.604567
1.600090
1.595626
1.591174
1.586736
1.582309
1.577895
1.573494
1.569105
1.564728
1.560364
1.556012
1.551672
1.547344
1.543029
1.538726
1.534435
1.530156
1.525889
1.521634
1.517391
1.513160
1.508941
1.504734
1.500539
1.496355
1.492184
1.488024
1.483875
1.479739
1.475614
1.471501
1.467399
1.463309
1.459231
1.455164
1.451108
1.447064
1.443031
1.439009
1.434999
1.431001
1.427013
1.423037
1.419072
1.415118
1.411175
1.407243
1.403322
1.399413
1.395514
1.391626
1.387750
1.383884
1.380029
1.376185
1.372352
1.368529
1.364718
1.360917
1.357127
1.353347
1.349578
1.345820
1.342072
1.338335
1.334608
1.330892
1.327186
1.323491
1.319806
1.316131
1.312467
1.308813
1.305170
1.301536
1.297913
1.294300
1.290698
1.287105
1.283522
1.279950
1.276388
1.272835
1.269293
1.265760
1.262238
1.258725
1.255222
1.251730
1.248247
1.244773
1.241310
1.237856
1.234412
1.230978
1.227553
1.224138
1.220733
1.217337
1.213950
1.210574
1.207206
1.203848
1.200500
1.197161
1.193831
1.190511
1.187200
1.183899
1.180606
1.177323
1.174049
1.170785
1.167529
1.164283
1.161046
1.157817
1.154598
1.151388
1.148187
1.144995
1.141812
1.138638
1.135473
1.132317
1.129170
1.126031
1.122901
1.119780
1.116668
1.113565
1.110470
1.107384
1.104307
1.101238
1.098178
1.095126
1.092083
1.089049
1.086023
1.083006
1.079997
1.076996
1.074004
1.071021
1.068045
1.065078
1.062120
1.059170
1.056228
1.053294
1.050368
1.047451
1.044542
1.041641
1.038748
1.035864
1.032987
1.030119
1.027258
1.024406
1.021561
1.018725
1.015896
1.013076
1.010263
1.007458
1.004662
1.001873
0.999091
0.996318
0.993552
0.990795
0.988044
0.985302
0.982567
0.979840
0.977121
0.974409
0.971705
0.969008
0.966319
0.963638
0.960964
0.958298
0.955639
0.952987
0.950343
0.947706
0.945077
0.942455
0.939841
0.937233
0.934634
0.932041
0.929456
0.926877
0.924307
0.921743
0.919186
0.916637
0.914095
0.911560
0.909032
0.906511
0.903997
0.901491
0.898991
0.896498
0.894012
0.891534
0.889062
0.886597
0.884139
0.881688
0.879244
0.876806
0.874376
0.871952
0.869535
0.867125
0.864721
0.862325
0.859935
0.857551
0.855175
0.852805
0.850441
0.848085
0.845735
0.843391
0.841054
0.838724
0.836400
0.834082
0.831772
0.829467
0.827169
0.824878
0.822592
0.820314
0.818041
0.815775
0.813516
0.811262
0.809015
0.806775
0.804540
0.802312
0.800090
0.797874
0.795665
0.793462
0.791264
0.789073
0.786888
0.784710
0.782537
0.780370
0.778210
0.776055
0.773907
0.771764
0.769628
0.767497
0.765373
0.763254
0.761141
0.759035
0.756934
0.754839
0.752750
0.750666
0.748589
0.746517
0.744451
0.742391
0.740337
0.738289
0.736246
0.734209
0.732177
0.730151
0.728131
0.726117
0.724108
0.722105
0.720107
0.718115
0.716129
0.714148
0.712173
0.710203
0.708238
0.706280
0.704326
0.702378
0.700436
0.698499
0.696567
0.694641
0.692720
0.690805
0.688895
0.686990
0.685090
0.683196
0.681307
0.679424
0.677546
0.675672
0.673805
0.671942
0.670085
0.668232
0.666385
0.664543
0.662707
0.660875
0.659049
0.657227
0.655411
0.653600
0.651794
0.649992
0.648196
0.646405
0.644619
0.642838
0.641062
0.639291
0.637525
0.635763
0.634007
0.632255
