62648323.235063
4554600.353385
331130.685423
24080.329471
1757.429359
134.489276
16.456340
7.831840
7.161711
7.070151
7.020934
6.975073
6.929734
6.884708
6.839978
6.795541
6.751396
6.707539
6.663970
6.620687
6.577687
6.534969
6.492530
6.450370
6.408485
6.366876
6.325538
6.284471
6.243673
6.203143
6.162877
6.122876
6.083136
6.043656
6.004435
5.965471
5.926761
5.888305
5.850101
5.812147
5.774441
5.736981
5.699767
5.662797
5.626068
5.589580
5.553330
5.517317
5.481540
5.445997
5.410686
5.375607
5.340757
5.306134
5.271738
5.237567
5.203620
5.169894
5.136389
5.103103
5.070034
5.037182
5.004544
4.972120
4.939907
4.907905
4.876112
4.844527
4.813149
4.781975
4.751005
4.720237
4.689670
4.659303
4.629134
4.599163
4.569387
4.539805
4.510417
4.481221
4.452215
4.423399
4.394770
4.366329
4.338073
4.310002
4.282114
4.254408
4.226883
4.199537
4.172370
4.145381
4.118567
4.091928
4.065463
4.039171
4.013050
3.987100
3.961319
3.935706
3.910260
3.884980
3.859865
3.834914
3.810126
3.785499
3.761033
3.736726
3.712577
3.688586
3.664752
3.641073
3.617548
3.594176
3.570957
3.547889
3.524972
3.502204
3.479584
3.457111
3.434785
3.412605
3.390568
3.368676
3.346926
3.325317
3.303850
3.282522
3.261333
3.240282
3.219368
3.198591
3.177948
3.157440
3.137066
3.116824
3.096714
3.076734
3.056885
3.037165
3.017573
2.998109
2.978772
2.959560
2.940473
2.921511
2.902672
2.883955
2.865360
2.846886
2.828532
2.810298
2.792182
2.774184
2.756303
2.738538
2.720889
2.703355
2.685934
2.668627
2.651432
2.634349
2.617377
2.600516
2.583764
2.567120
2.550585
2.534158
2.517837
2.501622
2.485513
2.469508
2.453607
2.437810
2.422115
2.406522
2.391030
2.375639
2.360348
2.345156
2.330062
2.315067
2.300169
2.285368
2.270663
2.256053
2.241539
2.227118
2.212791
2.198557
2.184415
2.170366
2.156407
2.142539
2.128761
2.115072
2.101472
2.087960
2.074536
2.061199
2.047948
2.034784
2.021705
2.008710
1.995800
1.982974
1.970230
1.957570
1.944991
1.932494
1.920078
1.907742
1.895487
1.883311
1.871213
1.859194
1.847253
1.835390
1.823603
1.811893
1.800258
1.788699
1.777215
1.765805
1.754469
1.743206
1.732017
1.720900
1.709854
1.698881
1.687978
1.677146
1.666384
1.655692
1.645069
1.634515
1.624029
1.613611
1.603260
1.592977
1.582760
1.572609
1.562523
1.552503
1.542548
1.532657
1.522830
1.513067
1.503367
1.493730
1.484155
1.474642
1.465190
1.455800
1.446470
1.437200
1.427991
1.418841
1.409750
1.400718
1.391744
1.382829
1.373971
1.365170
1.356426
1.347738
1.339107
1.330532
1.322012
1.313547
1.305136
1.296780
1.288478
1.280230
1.272034
1.263892
1.255802
1.247765
1.239780
1.231846
1.223963
1.216131
1.208350
1.200619
1.192938
1.185306
1.177724
1.170190
1.162706
1.155269
1.147881
1.140540
1.133246
1.126000
1.118800
1.111647
1.104540
1.097479
1.090463
1.083493
1.076567
1.069687
1.062850
1.056058
1.049309
1.042604
1.035943
1.029324
1.022748
1.016214
1.009722
1.003272
0.996864
0.990497
0.984171
0.977886
0.971641
0.965437
0.959272
0.953147
0.947062
0.941016
0.935009
0.929040
0.923110
0.917218
0.911365
0.905548
0.899770
0.894028
0.888323
0.882656
0.877024
0.871429
0.865870
0.860347
0.854859
0.849406
0.843989
0.838606
0.833259
0.827945
0.822666
0.817420
0.812209
0.807031
0.801886
0.796774
0.791696
0.786650
0.781636
0.776654
0.771705
0.766787
0.761902
0.757047
0.752224
0.747431
0.742670
0.737939
0.733238
0.728568
0.723928
0.719317
0.714736
0.710185
0.705663
0.701170
0.696706
0.692270
0.687863
0.683484
0.679133
0.674811
0.670516
0.666248
0.662008
0.657796
0.653610
0.649451
0.645319
0.641214
0.637134
0.633081
0.629054
0.625053
0.621078
0.617128
0.613203
0.609303
0.605429
0.601579
0.597754
0.593954
0.590178
0.586426
0.582699
0.578995
0.575315
0.571658
0.568025
0.564416
0.560829
0.557266
0.553725
0.550207
0.546711
0.543238
0.539788
0.536359
0.532952
0.529567
0.526204
0.522863
0.519542
0.516243
0.512966
0.509709
0.506473
0.503258
0.500063
0.496889
0.493735
0.490602
0.487488
0.484394
0.481320
0.478266
0.475232
0.472217
0.469221
0.466244
0.463286
0.460348
0.457428
0.454527
0.451644
0.448780
0.445934
0.443106
0.440297
0.437505
0.434732
0.431976
0.429237
0.426516
0.423813
0.421127
0.418458
0.415806
0.413171
0.410553
0.407951
0.405367
0.402799
0.400247
0.397711
0.395192
0.392689
0.390202
0.387730
0.385275
0.382835
0.380411
0.378002
0.375609
0.373231
0.370868
0.368520
0.366188
0.363870
0.361567
0.359278
0.357005
0.354745
0.352501
0.350270
0.348054
0.345852
0.343664
0.341490
0.339330
0.337183
0.335051
0.332931
0.330826
0.328734
0.326655
0.324590
0.322537
0.320498
0.318472
0.316458
0.314458
0.312470
0.310495
0.308533
0.306583
0.304646
0.302720
0.300808
0.298907
0.297018
0.295142
0.293277
0.291425
0.289584
0.287755
0.285937
0.284132
0.282337
0.280554
0.278783
0.277022
0.275273
0.273535
0.271809
0.270093
0.268388
0.266694
0.265010
0.263338
0.261676
0.260025
0.258384
0.256754
0.255134
0.253524
0.251925
0.250335
0.248756
0.247187
0.245628
0.244079
0.242540
0.241010
0.239490
0.237980
0.236480
0.234989
0.233507
0.232035
0.230573
0.229119
0.227675
0.226240
0.224814
0.223398
0.221990
0.220591
0.219201
0.217820
0.216448
0.215084
0.213729
0.212383
0.211045
0.209716
0.208395
0.207083
0.205779
0.204483
0.203196
0.201916
0.200645
0.199382
0.198127
0.196880
0.195640
0.194409
0.193185
0.191970
0.190762
0.189561
0.188369
0.187183
0.186006
0.184835
0.183673
0.182517
0.181369
0.180229
0.179095
0.177969
0.176850
0.175737
0.174632
0.173534
0.172443
0.171359
0.170282
0.169212
0.168148
0.167091
0.166041
0.164997
0.163961
0.162930
0.161906
0.160889
0.159878
0.158874
0.157876
0.156884
0.155899
0.154919
0.153946
0.152979
0.152019
0.151064
0.150116
0.149173
0.148236
0.147306
0.146381
0.145462
0.144549
0.143642
0.142740
0.141844
0.140954
0.140069
0.139191
0.138317
0.137449
0.136587
0.135730
0.134879
0.134033
0.133192
0.132356
0.131526
0.130701
0.129882
0.129067
0.128258
0.127454
0.126655
0.125861
0.125072
0.124288
0.123509
0.122734
0.121965
0.121201
0.120441
0.119686
0.118936
0.118191
0.117451
0.116715
0.115984
0.115257
0.114535
0.113818
0.113105
0.112396
0.111693
0.110993
0.110298
0.109607
0.108921
0.108239
0.107562
0.106888
0.106219
0.105554
0.104894
0.104237
0.103585
0.102937
0.102292
0.101652
0.101016
0.100384
0.099756
0.099132
0.098512
0.097896
0.097284
0.096675
0.096070
0.095470
0.094873
0.094279
0.093690
0.093104
0.092522
0.091944
0.091369
0.090798
0.090230
0.089666
0.089106
0.088549
0.087996
0.087446
0.086899
0.086356
0.085817
0.085281
0.084748
0.084218
0.083692
0.083170
0.082650
0.082134
0.081621
0.081111
0.080605
0.080102
0.079602
0.079105
0.078611
0.078120
0.077632
0.077148
0.076666
0.076188
0.075712
0.075240
0.074770
0.074304
0.073840
0.073379
0.072922
0.072467
0.072015
0.071566
0.071119
0.070676
0.070235
0.069797
0.069362
0.068929
0.068499
0.068072
0.067648
0.067226
0.066807
0.066391
0.065977
0.065566
0.065157
0.064751
0.064347
0.063946
0.063548
0.063152
0.062759
0.062368
0.061979
0.061593
0.061209
0.060828
0.060449
0.060073
0.059699
0.059327
0.058957
0.058590
0.058226
0.057863
0.057503
0.057145
0.056789
0.056436
0.056084
0.055735
0.055389
0.055044
0.054701
0.054361
0.054023
0.053687
0.053353
0.053021
0.052691
0.052363
0.052037
0.051714
0.051392
0.051073
0.050755
0.050439
0.050126
0.049814
0.049504
0.049197
0.048891
0.048587
0.048285
0.047985
0.047687
0.047390
0.047096
0.046803
0.046512
0.046223
0.045936
