62726729.628880
62726729.628880
24906633.783235
9889572.459504
3926813.085578
1559206.090161
619110.646324
245831.018733
97614.487281
38762.782641
15394.781957
6116.141628
2431.902493
969.007987
388.133181
157.478136
65.883359
29.504667
15.050414
9.301629
7.009514
6.089952
5.715410
5.557304
5.485164
5.447185
5.422798
5.403833
5.387049
5.371156
5.355644
5.340310
5.325073
5.309900
5.294780
5.279706
5.264676
5.249690
5.234748
5.219848
5.204991
5.190177
5.175405
5.160675
5.145988
5.131343
5.116740
5.102179
5.087659
5.073182
5.058745
5.044350
5.029997
5.015684
5.001413
4.987183
4.972993
4.958844
4.944736
4.930668
4.916640
4.902653
4.888705
4.874798
4.860931
4.847103
4.833315
4.819566
4.805857
4.792187
4.778557
4.764965
4.751413
4.737899
4.724424
4.710988
4.697590
4.684230
4.670909
4.657626
4.644381
4.631174
4.618005
4.604874
4.591780
4.578724
4.565705
4.552724
4.539779
4.526872
4.514002
4.501168
4.488372
4.475612
4.462889
4.450202
4.437551
4.424937
4.412359
4.399816
4.387310
4.374840
4.362405
4.350006
4.337643
4.325315
4.313022
4.300764
4.288542
4.276354
4.264202
4.252084
4.240001
4.227952
4.215938
4.203959
4.192014
4.180103
4.168226
4.156383
4.144574
4.132799
4.121057
4.109349
4.097675
4.086034
4.074426
4.062852
4.051311
4.039803
4.028328
4.016885
4.005476
3.994099
3.982754
3.971442
3.960163
3.948916
3.937701
3.926518
3.915367
3.904248
3.893161
3.882105
3.871081
3.860089
3.849128
3.838199
3.827301
3.816434
3.805598
3.794793
3.784019
3.773276
3.762563
3.751882
3.741230
3.730610
3.720019
3.709459
3.698930
3.688430
3.677960
3.667521
3.657111
3.646731
3.636380
3.626060
3.615768
3.605507
3.595274
3.585071
3.574897
3.564752
3.554636
3.544549
3.534491
3.524462
3.514461
3.504489
3.494546
3.484631
3.474744
3.464885
3.455055
3.445253
3.435479
3.425733
3.416014
3.406324
3.396661
3.387026
3.377418
3.367838
3.358285
3.348760
3.339261
3.329790
3.320346
3.310929
3.301539
3.292176
3.282839
3.273530
3.264246
3.254990
3.245759
3.236556
3.227378
3.218227
3.209102
3.200002
3.190929
3.181882
3.172861
3.163865
3.154896
3.145951
3.137033
3.128140
3.119272
3.110430
3.101612
3.092820
3.084054
3.075312
3.066595
3.057903
3.049236
3.040594
3.031976
3.023383
3.014815
3.006271
2.997751
2.989256
2.980785
2.972338
2.963915
2.955517
2.947142
2.938791
2.930465
2.922162
2.913882
2.905626
2.897394
2.889186
2.881000
2.872839
2.864700
2.856585
2.848493
2.840424
2.832378
2.824355
2.816355
2.808377
2.800423
2.792491
2.784582
2.776695
2.768831
2.760990
2.753171
2.745374
2.737599
2.729847
2.722116
2.714408
2.706722
2.699057
2.691415
2.683794
2.676195
2.668618
2.661063
2.653529
2.646016
2.638525
2.631055
2.623607
2.616180
2.608774
2.601389
2.594025
2.586683
2.579361
2.572060
2.564780
2.557521
2.550282
2.543064
2.535867
2.528690
2.521534
2.514398
2.507282
2.500187
2.493112
2.486057
2.479022
2.472007
2.465013
2.458038
2.451083
2.444148
2.437233
2.430337
2.423462
2.416605
2.409769
2.402952
2.396154
2.389375
2.382616
2.375877
2.369156
2.362455
2.355772
2.349109
2.342465
2.335840
2.329233
2.322646
2.316077
2.309527
2.302995
2.296483
2.289988
2.283513
2.277055
2.270617
2.264196
2.257794
2.251410
2.245044
2.238697
2.232367
2.226055
2.219762
2.213486
2.207229
2.200989
2.194767
2.188562
2.182376
2.176207
2.170055
2.163921
2.157805
2.151706
2.145624
2.139560
2.133513
2.127483
2.121470
2.115475
2.109496
2.103535
2.097591
2.091663
2.085752
2.079859
2.073982
2.068121
2.062278
2.056451
2.050641
2.044847
2.039069
2.033309
2.027564
2.021836
2.016124
2.010429
2.004750
1.999086
1.993440
1.987809
1.982194
1.976595
1.971012
1.965445
1.959894
1.954358
1.948839
1.943335
1.937846
1.932374
1.926917
1.921475
1.916049
1.910639
1.905243
1.899864
1.894499
1.889150
1.883816
1.878497
1.873193
1.867905
1.862631
1.857372
1.852129
1.846900
1.841686
1.836487
1.831303
1.826134
1.820979
1.815839
1.810714
1.805603
1.800507
1.795425
1.790357
1.785304
1.780266
1.775242
1.770232
1.765236
1.760255
1.755287
1.750334
1.745395
1.740470
1.735559
1.730662
1.725779
1.720910
1.716054
1.711213
1.706385
1.701571
1.696770
1.691984
1.687211
1.682451
1.677705
1.672972
1.668253
1.663548
1.658855
1.654176
1.649511
1.644858
1.640219
1.635593
1.630981
1.626381
1.621794
1.617221
1.612660
1.608113
1.603578
1.599056
1.594547
1.590051
1.585568
1.581097
1.576639
1.572194
1.567761
1.563341
1.558934
1.554539
1.550157
1.545787
1.541429
1.537084
1.532751
1.528431
1.524122
1.519826
1.515542
1.511271
1.507011
1.502764
1.498529
1.494305
1.490094
1.485895
1.481707
1.477532
1.473368
1.469216
1.465076
1.460948
1.456832
1.452727
1.448634
1.444552
1.440482
1.436424
1.432377
1.428341
1.424317
1.420305
1.416304
1.412314
1.408336
1.404369
1.400413
1.396468
1.392535
1.388612
1.384701
1.380801
1.376912
1.373034
1.369167
1.365312
1.361467
1.357633
1.353809
1.349997
1.346196
1.342405
1.338625
1.334856
1.331097
1.327349
1.323612
1.319885
1.316169
1.312464
1.308769
1.305084
1.301410
1.297747
1.294094
1.290451
1.286818
1.283196
1.279584
1.275982
1.272391
1.268810
1.265239
1.261678
1.258127
1.254586
1.251055
1.247535
1.244024
1.240523
1.237032
1.233551
1.230080
1.226619
1.223167
1.219726
1.216294
1.212872
1.209459
1.206057
1.202664
1.199280
1.195906
1.192542
1.189187
1.185842
1.182506
1.179180
1.175863
1.172555
1.169257
1.165968
1.162689
1.159419
1.156158
1.152906
1.149664
1.146431
1.143207
1.139992
1.136786
1.133589
1.130402
1.127223
1.124054
1.120893
1.117741
1.114599
1.111465
1.108340
1.105224
1.102117
1.099018
1.095929
1.092848
1.089775
1.086712
1.083657
1.080611
1.077574
1.074545
1.071524
1.068513
1.065509
1.062515
1.059529
1.056551
1.053581
1.050621
1.047668
1.044724
1.041788
1.038861
1.035941
1.033030
1.030128
1.027233
1.024347
1.021469
1.018599
1.015737
1.012883
1.010038
1.007200
1.004371
1.001549
0.998736
0.995930
0.993132
0.990343
0.987561
0.984787
0.982021
0.979263
0.976512
0.973770
0.971035
0.968308
0.965588
0.962876
0.960172
0.957476
0.954787
0.952106
0.949433
0.946767
0.944108
0.941457
0.938814
0.936178
0.933549
0.930928
0.928315
0.925709
0.923110
0.920518
0.917934
0.915357
0.912788
0.910225
0.907670
0.905123
0.902582
0.900049
0.897522
0.895003
0.892491
0.889987
0.887489
0.884998
0.882515
0.880038
0.877568
0.875106
0.872650
0.870201
0.867760
0.865325
0.862897
0.860476
0.858061
0.855654
0.853253
0.850859
0.848472
0.846092
0.843718
0.841351
0.838991
0.836638
0.834291
0.831951
0.829617
0.827290
0.824970
0.822656
0.820348
0.818048
0.815753
0.813465
0.811184
0.808909
0.806641
0.804379
0.802123
0.799874
0.797631
0.795394
0.793164
0.790940
0.788722
0.786511
0.784306
0.782107
0.779914
0.777728
0.775547
0.773373
0.771205
0.769043
0.766888
0.764738
0.762594
0.760457
0.758325
0.756200
0.754080
0.751967
0.749859
0.747758
0.745662
0.743572
0.741488
0.739411
0.737338
0.735272
0.733212
0.731157
0.729109
0.727066
0.725028
0.722997
0.720971
0.718951
0.716937
0.714928
0.712926
0.710928
0.708937
0.706951
0.704970
0.702996
0.701026
0.699063
0.697105
0.695152
0.693205
0.691263
0.689327
0.687397
0.685472
0.683552
0.681638
0.679729
0.677825
0.675927
0.674034
0.672147
0.670265
0.668388
0.666516
0.664650
0.662789
0.660933
0.659083
0.657238
0.655398
0.653563
0.651733
0.649909
0.648089
0.646275
0.644466
0.642662
0.640863
0.639069
0.637281
0.635497
0.633718
0.631945
0.630176
0.628412
0.626654
0.624900
0.623151
0.621407
0.619668
0.617934
0.616205
0.614481
0.612762
0.611047
0.609337
