62726729.628880
9465963.661476
1428493.561660
215575.826971
32536.930569
4914.886480
746.474652
117.402096
22.444259
8.088821
5.897112
5.541162
5.462388
5.425581
5.395243
5.366017
5.337092
5.308346
5.279759
5.251328
5.223051
5.194927
5.166956
5.139137
5.111469
5.083951
5.056583
5.029363
5.002290
4.975365
4.948585
4.921951
4.895461
4.869115
4.842912
4.816850
4.790931
4.765151
4.739512
4.714012
4.688649
4.663425
4.638337
4.613385
4.588569
4.563887
4.539338
4.514923
4.490640
4.466489
4.442469
4.418579
4.394818
4.371187
4.347683
4.324306
4.301057
4.277933
4.254935
4.232061
4.209311
4.186684
4.164180
4.141798
4.119537
4.097397
4.075376
4.053475
4.031693
4.010028
3.988481
3.967051
3.945736
3.924537
3.903453
3.882483
3.861626
3.840882
3.820251
3.799731
3.779323
3.759025
3.738837
3.718758
3.698787
3.678925
3.659171
3.639523
3.619981
3.600546
3.581215
3.561989
3.542867
3.523849
3.504933
3.486120
3.467409
3.448799
3.430289
3.411880
3.393570
3.375359
3.357247
3.339232
3.321315
3.303495
3.285772
3.268144
3.250611
3.233174
3.215830
3.198581
3.181424
3.164361
3.147389
3.130509
3.113721
3.097023
3.080416
3.063898
3.047470
3.031130
3.014879
2.998715
2.982639
2.966650
2.950747
2.934930
2.919198
2.903552
2.887990
2.872512
2.857117
2.841806
2.826578
2.811431
2.796367
2.781384
2.766482
2.751660
2.736918
2.722256
2.707673
2.693169
2.678743
2.664396
2.650125
2.635932
2.621815
2.607774
2.593809
2.579920
2.566105
2.552365
2.538699
2.525107
2.511589
2.498143
2.484770
2.471469
2.458239
2.445081
2.431995
2.418978
2.406032
2.393156
2.380349
2.367611
2.354942
2.342342
2.329809
2.317344
2.304946
2.292615
2.280350
2.268152
2.256019
2.243952
2.231949
2.220012
2.208139
2.196330
2.184584
2.172902
2.161283
2.149726
2.138232
2.126800
2.115429
2.104119
2.092871
2.081683
2.070555
2.059488
2.048480
2.037531
2.026641
2.015810
2.005037
1.994323
1.983666
1.973066
1.962524
1.952038
1.941609
1.931236
1.920918
1.910657
1.900450
1.890299
1.880202
1.870160
1.860171
1.850237
1.840355
1.830528
1.820753
1.811030
1.801360
1.791742
1.782176
1.772661
1.763197
1.753785
1.744423
1.735111
1.725849
1.716638
1.707476
1.698363
1.689299
1.680284
1.671317
1.662399
1.653529
1.644706
1.635931
1.627203
1.618522
1.609887
1.601299
1.592757
1.584262
1.575811
1.567407
1.559047
1.550732
1.542462
1.534237
1.526056
1.517918
1.509825
1.501775
1.493768
1.485804
1.477883
1.470005
1.462169
1.454375
1.446623
1.438912
1.431243
1.423616
1.416029
1.408483
1.400977
1.393512
1.386087
1.378702
1.371356
1.364050
1.356783
1.349555
1.342366
1.335216
1.328104
1.321030
1.313994
1.306996
1.300035
1.293112
1.286226
1.279377
1.272565
1.265789
1.259050
1.252347
1.245679
1.239048
1.232452
1.225892
1.219366
1.212876
1.206421
1.200000
1.193614
1.187262
1.180944
1.174660
1.168409
1.162192
1.156009
1.149858
1.143741
1.137656
1.131604
1.125585
1.119598
1.113643
1.107719
1.101828
1.095968
1.090140
1.084343
1.078577
1.072841
1.067137
1.061463
1.055820
1.050206
1.044623
1.039070
1.033547
1.028053
1.022588
1.017153
1.011747
1.006370
1.001022
0.995702
0.990411
0.985148
0.979914
0.974707
0.969529
0.964378
0.959254
0.954159
0.949090
0.944048
0.939034
0.934046
0.929085
0.924151
0.919243
0.914362
0.909506
0.904677
0.899873
0.895095
0.890343
0.885616
0.880914
0.876237
0.871586
0.866959
0.862358
0.857780
0.853228
0.848699
0.844195
0.839715
0.835259
0.830827
0.826418
0.822033
0.817672
0.813334
0.809019
0.804727
0.800458
0.796212
0.791989
0.787788
0.783610
0.779454
0.775320
0.771208
0.767118
0.763051
0.759005
0.754980
0.750977
0.746996
0.743035
0.739096
0.735178
0.731281
0.727405
0.723549
0.719714
0.715900
0.712106
0.708332
0.704578
0.700844
0.697131
0.693437
0.689763
0.686108
0.682473
0.678858
0.675262
0.671685
0.668127
0.664588
0.661068
0.657566
0.654084
0.650620
0.647174
0.643747
0.640339
0.636948
0.633576
0.630221
0.626884
0.623566
0.620265
0.616981
0.613715
0.610467
0.607236
0.604022
0.600825
0.597645
0.594483
0.591337
0.588208
0.585095
0.581999
0.578920
0.575857
0.572811
0.569780
0.566766
0.563768
0.560786
0.557820
0.554870
0.551935
0.549016
0.546113
0.543225
0.540352
0.537495
0.534653
0.531826
0.529015
0.526218
0.523436
0.520669
0.517917
0.515179
0.512456
0.509747
0.507053
0.504374
0.501708
0.499057
0.496420
0.493797
0.491187
0.488592
0.486011
0.483443
0.480889
0.478349
0.475822
0.473309
0.470809
0.468322
0.465848
0.463388
0.460941
0.458507
0.456086
0.453677
0.451282
0.448899
0.446529
0.444172
0.441827
0.439494
0.437174
0.434867
0.432571
0.430288
0.428017
0.425758
0.423511
0.421276
0.419053
0.416842
0.414643
0.412455
0.410279
0.408114
0.405961
0.403819
0.401689
0.399570
0.397463
0.395366
0.393281
0.391207
0.389144
0.387092
0.385050
0.383020
0.381000
0.378991
0.376993
0.375006
0.373029
0.371062
0.369106
0.367160
0.365225
0.363300
0.361385
0.359481
0.357586
0.355702
0.353827
0.351963
0.350108
0.348263
0.346428
0.344603
0.342788
0.340982
0.339186
0.337399
0.335622
0.333854
0.332096
0.330347
0.328607
0.326876
0.325155
0.323443
0.321740
0.320045
0.318360
0.316684
0.315017
0.313359
0.311709
0.310068
0.308436
0.306813
0.305198
0.303591
0.301994
0.300404
0.298823
0.297251
0.295687
0.294131
0.292583
0.291044
0.289513
0.287990
0.286475
0.284968
0.283469
0.281978
0.280495
0.279019
0.277552
0.276092
0.274640
0.273196
0.271760
0.270331
0.268909
0.267496
0.266089
0.264690
0.263299
0.261915
0.260538
0.259169
0.257806
0.256451
0.255103
0.253763
0.252429
0.251103
0.249783
0.248471
0.247165
0.245867
0.244575
0.243290
0.242012
0.240741
0.239476
0.238218
0.236967
0.235722
0.234484
0.233253
0.232028
0.230809
0.229597
0.228392
0.227193
0.226000
0.224813
0.223633
0.222459
0.221291
0.220129
0.218974
0.217825
0.216681
0.215544
0.214413
0.213288
0.212168
0.211055
0.209948
0.208846
0.207750
0.206660
0.205576
0.204498
0.203425
0.202358
0.201296
0.200240
0.199190
0.198145
0.197106
0.196073
0.195044
0.194022
0.193004
0.191992
0.190986
0.189984
0.188988
0.187997
0.187012
0.186031
0.185056
0.184086
0.183121
0.182162
0.181207
0.180257
0.179313
0.178373
0.177438
0.176509
0.175584
0.174664
0.173749
0.172839
0.171933
0.171032
0.170136
0.169245
0.168359
0.167477
0.166600
0.165727
0.164860
0.163996
0.163137
0.162283
0.161434
0.160588
0.159748
0.158911
0.158079
0.157252
0.156429
0.155610
0.154795
0.153985
0.153179
0.152378
0.151580
0.150787
0.149998
0.149213
0.148432
0.147656
0.146883
0.146115
0.145350
0.144590
0.143833
0.143081
0.142333
0.141588
0.140848
0.140111
0.139378
0.138649
0.137924
0.137203
0.136486
0.135772
0.135062
0.134356
0.133654
0.132955
0.132260
0.131569
0.130881
0.130197
0.129516
0.128840
0.128166
0.127496
0.126830
0.126167
0.125508
0.124852
0.124200
0.123551
0.122906
0.122264
0.121625
0.120990
0.120358
0.119729
0.119104
0.118482
0.117863
0.117247
0.116635
0.116026
0.115420
0.114818
0.114218
0.113622
0.113029
0.112438
0.111851
0.111268
0.110687
0.110109
0.109534
0.108963
0.108394
0.107828
0.107266
0.106706
0.106149
0.105595
0.105044
0.104496
0.103951
0.103409
0.102869
0.102333
0.101799
0.101268
0.100740
0.100214
0.099692
0.099172
0.098655
0.098140
0.097628
0.097119
0.096613
0.096109
0.095608
0.095110
0.094614
0.094121
0.093630
0.093142
0.092656
0.092174
0.091693
0.091215
0.090740
0.090267
0.089797
0.089329
0.088863
0.088400
0.087940
0.087482
0.087026
0.086573
0.086122
0.085673
0.085227
0.084783
0.084341
0.083902
0.083465
