62557519.247378
11939156.504125
2278602.124983
434877.701646
83001.424002
15845.537443
3028.760914
582.646058
115.780104
26.655408
9.623015
6.349598
5.702202
5.556097
5.505777
5.473851
5.445549
5.418050
5.390818
5.363747
5.336819
5.310028
5.283373
5.256853
5.230468
5.204217
5.178099
5.152113
5.126259
5.100536
5.074944
5.049481
5.024148
4.998943
4.973865
4.948915
4.924091
4.899394
4.874821
4.850373
4.826049
4.801848
4.777769
4.753813
4.729978
4.706264
4.682670
4.659196
4.635840
4.612603
4.589484
4.566481
4.543595
4.520826
4.498171
4.475631
4.453205
4.430893
4.408694
4.386607
4.364632
4.342768
4.321015
4.299372
4.277839
4.256414
4.235098
4.213890
4.192789
4.171796
4.150908
4.130126
4.109449
4.088876
4.068408
4.048044
4.027782
4.007623
3.987566
3.967610
3.947755
3.928001
3.908346
3.888791
3.869335
3.849977
3.830717
3.811554
3.792488
3.773519
3.754645
3.735867
3.717184
3.698595
3.680101
3.661699
3.643391
3.625175
3.607051
3.589019
3.571078
3.553227
3.535467
3.517796
3.500215
3.482723
3.465318
3.448002
3.430773
3.413631
3.396576
3.379607
3.362723
3.345925
3.329212
3.312582
3.296037
3.279576
3.263197
3.246901
3.230688
3.214556
3.198505
3.182536
3.166647
3.150838
3.135110
3.119460
3.103889
3.088397
3.072983
3.057647
3.042388
3.027206
3.012101
2.997072
2.982119
2.967241
2.952438
2.937709
2.923055
2.908475
2.893969
2.879535
2.865174
2.850886
2.836669
2.822525
2.808451
2.794449
2.780517
2.766655
2.752863
2.739140
2.725487
2.711902
2.698386
2.684938
2.671558
2.658245
2.644999
2.631820
2.618707
2.605660
2.592679
2.579763
2.566912
2.554126
2.541405
2.528747
2.516153
2.503623
2.491155
2.478751
2.466408
2.454128
2.441910
2.429753
2.417657
2.405622
2.393648
2.381734
2.369879
2.358085
2.346350
2.334673
2.323056
2.311497
2.299996
2.288553
2.277167
2.265839
2.254568
2.243353
2.232195
2.221092
2.210046
2.199055
2.188119
2.177239
2.166413
2.155641
2.144924
2.134260
2.123650
2.113093
2.102589
2.092138
2.081740
2.071394
2.061100
2.050857
2.040666
2.030526
2.020437
2.010399
2.000411
1.990473
1.980585
1.970747
1.960958
1.951218
1.941527
1.931885
1.922291
1.912746
1.903248
1.893798
1.884395
1.875040
1.865731
1.856469
1.847254
1.838085
1.828962
1.819884
1.810852
1.801866
1.792924
1.784028
1.775176
1.766368
1.757605
1.748885
1.740209
1.731577
1.722988
1.714442
1.705939
1.697478
1.689060
1.680684
1.672350
1.664058
1.655807
1.647598
1.639430
1.631303
1.623216
1.615170
1.607165
1.599199
1.591273
1.583387
1.575541
1.567734
1.559965
1.552236
1.544546
1.536894
1.529280
1.521705
1.514167
1.506667
1.499205
1.491780
1.484392
1.477041
1.469727
1.462449
1.455208
1.448004
1.440835
1.433702
1.426605
1.419543
1.412517
1.405525
1.398569
1.391648
1.384761
1.377908
1.371090
1.364306
1.357556
1.350840
1.344157
1.337507
1.330891
1.324308
1.317758
1.311241
1.304756
1.298304
1.291883
1.285495
1.279139
1.272815
1.266522
1.260261
1.254030
1.247832
1.241664
1.235526
1.229420
1.223344
1.217298
1.211283
1.205297
1.199342
1.193416
1.187520
1.181653
1.175816
1.170007
1.164228
1.158477
1.152756
1.147062
1.141398
1.135761
1.130153
1.124572
1.119020
1.113495
1.107998
1.102528
1.097085
1.091670
1.086281
1.080920
1.075585
1.070277
1.064995
1.059740
1.054511
1.049308
1.044130
1.038979
1.033853
1.028753
1.023679
1.018629
1.013605
1.008606
1.003632
0.998682
0.993758
0.988857
0.983982
0.979130
0.974303
0.969500
0.964720
0.959965
0.955233
0.950525
0.945840
0.941178
0.936540
0.931925
0.927333
0.922763
0.918217
0.913693
0.909191
0.904712
0.900256
0.895821
0.891409
0.887018
0.882650
0.878303
0.873978
0.869674
0.865392
0.861131
0.856891
0.852672
0.848475
0.844298
0.840142
0.836006
0.831892
0.827797
0.823723
0.819670
0.815636
0.811623
0.807629
0.803655
0.799702
0.795767
0.791853
0.787957
0.784082
0.780225
0.776388
0.772569
0.768770
0.764989
0.761228
0.757485
0.753760
0.750054
0.746367
0.742698
0.739047
0.735414
0.731799
0.728202
0.724624
0.721062
0.717519
0.713993
0.710485
0.706994
0.703520
0.700064
0.696625
0.693202
0.689797
0.686409
0.683038
0.679683
0.676345
0.673023
0.669718
0.666430
0.663158
0.659902
0.656662
0.653438
0.650230
0.647038
0.643862
0.640702
0.637557
0.634428
0.631315
0.628217
0.625134
0.622067
0.619014
0.615977
0.612955
0.609948
0.606956
0.603979
0.601016
0.598068
0.595135
0.592217
0.589312
0.586422
0.583547
0.580686
0.577839
0.575006
0.572187
0.569382
0.566591
0.563813
0.561050
0.558300
0.555564
0.552841
0.550132
0.547436
0.544754
0.542085
0.539429
0.536786
0.534156
0.531540
0.528936
0.526345
0.523767
0.521202
0.518649
0.516110
0.513582
0.511067
0.508565
0.506075
0.503597
0.501132
0.498679
0.496238
0.493809
0.491392
0.488987
0.486593
0.484212
0.481843
0.479485
0.477139
0.474804
0.472481
0.470170
0.467869
0.465581
0.463303
0.461037
0.458782
0.456538
0.454306
0.452084
0.449873
0.447673
0.445484
0.443306
0.441139
0.438982
0.436836
0.434701
0.432576
0.430462
0.428358
0.426264
0.424181
0.422108
0.420046
0.417993
0.415951
0.413919
0.411897
0.409884
0.407882
0.405890
0.403907
0.401934
0.399971
0.398018
0.396074
0.394140
0.392215
0.390300
0.388395
0.386498
0.384612
0.382734
0.380866
0.379007
0.377157
0.375316
0.373484
0.371661
0.369848
0.368043
0.366247
0.364460
0.362682
0.360912
0.359152
0.357400
0.355656
0.353922
0.352195
0.350478
0.348768
0.347067
0.345375
0.343691
0.342015
0.340347
0.338688
0.337037
0.335394
0.333759
0.332132
0.330513
0.328902
0.327299
0.325704
0.324117
0.322537
0.320966
0.319402
0.317846
0.316297
0.314756
0.313223
0.311697
0.310179
0.308668
0.307165
0.305669
0.304180
0.302699
0.301225
0.299758
0.298298
0.296846
0.295401
0.293963
0.292532
0.291108
0.289691
0.288281
0.286878
0.285482
0.284092
0.282710
0.281334
0.279965
0.278603
0.277248
0.275899
0.274556
0.273221
0.271892
0.270569
0.269253
0.267944
0.266641
0.265344
0.264054
0.262770
0.261492
0.260221
0.258956
0.257697
0.256444
0.255197
0.253957
0.252722
0.251494
0.250272
0.249055
0.247845
0.246641
0.245442
0.244250
0.243063
0.241882
0.240707
0.239538
0.238374
0.237216
0.236064
0.234917
0.233777
0.232641
0.231512
0.230387
0.229269
0.228155
0.227048
0.225945
0.224848
0.223757
0.222671
0.221590
0.220514
0.219444
0.218379
0.217319
0.216265
0.215215
0.214171
0.213132
0.212098
0.211069
0.210045
0.209026
0.208012
0.207003
0.205999
0.205000
0.204006
0.203016
0.202032
0.201052
0.200077
0.199107
0.198142
0.197181
0.196225
0.195274
0.194328
0.193386
0.192448
0.191516
0.190587
0.189664
0.188745
0.187830
0.186920
0.186014
0.185113
0.184216
0.183324
0.182436
0.181552
0.180673
0.179798
0.178927
0.178060
0.177198
0.176340
0.175486
0.174636
0.173791
0.172949
0.172112
0.171279
0.170450
0.169625
0.168804
0.167987
0.167174
0.166364
0.165559
0.164758
0.163961
0.163168
0.162378
0.161593
0.160811
0.160033
0.159259
0.158488
0.157722
0.156959
0.156200
0.155444
0.154693
0.153945
0.153200
0.152459
0.151722
0.150989
0.150259
0.149532
0.148809
0.148090
0.147374
0.146662
0.145953
0.145248
0.144546
0.143847
0.143152
0.142461
0.141772
0.141087
0.140406
0.139727
0.139052
0.138381
0.137712
0.137047
0.136385
0.135727
0.135071
0.134419
0.133770
0.133124
0.132481
0.131842
0.131205
0.130572
0.129941
0.129314
0.128690
0.128069
0.127451
0.126836
0.126223
0.125614
0.125008
0.124405
0.123805
0.123207
0.122613
0.122021
0.121433
0.120847
0.120264
0.119684
0.119107
0.118532
0.117961
0.117392
0.116826
0.116263
0.115702
0.115144
0.114589
