62726729.628880
56757261.690740
51355885.712129
46468538.503841
42046301.868387
38044912.970362
34424321.303022
31148287.816709
28184022.196722
25501854.660091
23074938.986238
20878983.809088
18892009.481117
17094128.075733
15467344.326008
13995375.507331
12663488.461157
11458352.128589
10367904.117797
9381229.969713
8488453.913557
7680640.018757
6949702.753863
6288326.057246
5689890.109524
5148405.074794
4658451.147454
4215124.304552
3813987.220678
3451024.854101
3122604.259609
2825438.225813
2556552.372950
2313255.381866
2093112.056193
1893918.948106
1713682.303673
1550598.107078
1403034.023946
1269513.063070
1148698.792973
1039381.965372
940468.411622
850968.091022
769985.181344
696709.112415
630406.452997
570413.569761
516129.984885
467012.365775
422569.086772
382355.308393
345968.524866
313044.535391
283253.798796
256298.135112
231907.741042
209838.489463
189869.485917
171800.857645
155451.753034
140658.531442
127273.125294
115161.558056
104202.603238
94286.571024
85314.210364
77195.715565
69849.827402
63203.019788
57188.763841
51746.861981
46822.845408
42367.428915
38336.017584
34688.260427
31387.646510
28401.139508
25698.847040
23253.721471
21041.289188
19039.405641
17228.033692
15589.043065
14106.028875
12764.147425
11549.967642
10451.336634
9457.258056
8557.782044
7743.905626
7007.482609
6341.142041
5738.214437
5192.665024
4699.033333
4252.378548
3848.230053
3482.542684
3151.656238
2852.258842
2581.353801
2336.229604
2114.432785
1913.743363
1732.152627
1567.843027
1419.169982
1284.645418
1162.922878
1052.784042
953.126531
862.952877
781.360537
707.532860
640.730911
580.286078
525.593378
476.105403
431.326838
390.809507
354.147883
320.975033
290.958945
263.799201
239.223972
216.987302
196.866637
178.660606
162.187000
147.280951
133.793281
121.589007
110.545993
100.553727
91.512214
83.330973
75.928136
69.229625
63.168412
57.683849
52.721056
48.230380
44.166891
40.489935
37.162727
34.151984
31.427588
28.962288
26.731429
24.712699
22.885910
21.232797
19.736830
18.383057
17.157943
16.049246
15.045886
14.137839
13.316035
12.572265
11.899105
11.289834
10.738372
10.239218
9.787394
9.378396
9.008148
8.672963
8.369504
8.094751
7.845974
7.620699
7.416691
7.231925
7.064571
6.912971
6.775627
6.651181
6.538406
6.436192
6.343534
6.259521
6.183333
6.114223
6.051519
5.994611
5.942947
5.896028
5.853404
5.814664
5.779440
5.747397
5.718233
5.691673
5.667469
5.645399
5.625257
5.606862
5.590047
5.574661
5.560569
5.547648
5.535785
5.524882
5.514845
5.505594
5.497052
5.489154
5.481837
5.475046
5.468731
5.462848
5.457354
5.452213
5.447392
5.442860
5.438590
5.434556
5.430737
5.427112
5.423662
5.420371
5.417224
5.414207
5.411308
5.408516
5.405821
5.403213
5.400684
5.398227
5.395834
5.393501
5.391221
5.388989
5.386801
5.384653
5.382540
5.380461
5.378410
5.376387
5.374387
5.372410
5.370452
5.368513
5.366590
5.364683
5.362788
5.360906
5.359036
5.357175
5.355324
5.353482
5.351647
5.349819
5.347997
5.346182
5.344371
5.342566
5.340765
5.338968
5.337175
5.335386
5.333600
5.331817
5.330036
5.328258
5.326482
5.324709
5.322937
5.321168
5.319400
5.317634
5.315869
5.314106
5.312344
5.310584
5.308825
5.307067
5.305310
5.303554
5.301799
5.300045
5.298292
5.296540
5.294789
5.293038
5.291289
5.289540
5.287792
5.286045
5.284298
5.282553
5.280808
5.279063
5.277320
5.275577
5.273834
5.272093
5.270352
5.268611
5.266872
5.265133
5.263394
5.261656
5.259919
5.258183
5.256447
5.254711
5.252976
5.251242
5.249509
5.247776
5.246043
5.244312
5.242580
5.240850
5.239120
5.237390
5.235661
5.233933
5.232205
5.230478
5.228752
5.227026
5.225300
5.223576
5.221851
5.220128
5.218405
5.216682
5.214960
5.213239
5.211518
5.209798
5.208079
5.206360
5.204641
5.202923
5.201206
5.199489
5.197773
5.196057
5.194342
5.192628
5.190914
5.189201
5.187488
5.185776
5.184064
5.182353
5.180643
5.178933
5.177223
5.175515
5.173807
5.172099
5.170392
5.168685
5.166979
5.165274
5.163569
5.161865
5.160161
5.158458
5.156756
5.155054
5.153353
5.151652
5.149952
5.148252
5.146553
5.144854
5.143156
5.141459
5.139762
5.138066
5.136370
5.134675
5.132980
5.131286
5.129593
5.127900
5.126207
5.124516
5.122824
5.121134
5.119444
5.117754
5.116065
5.114377
5.112689
5.111002
5.109315
5.107629
5.105943
5.104258
5.102574
5.100890
5.099206
5.097523
5.095841
5.094160
5.092478
5.090798
5.089118
5.087438
5.085760
5.084081
5.082403
5.080726
5.079050
5.077373
5.075698
5.074023
5.072349
5.070675
5.069001
5.067329
5.065656
5.063985
5.062314
5.060643
5.058973
5.057304
5.055635
5.053967
5.052299
5.050632
5.048965
5.047299
5.045633
5.043968
5.042304
5.040640
5.038977
5.037314
5.035652
5.033990
5.032329
5.030668
5.029008
5.027349
5.025690
5.024032
5.022374
5.020717
5.019060
5.017404
5.015748
5.014093
5.012439
5.010785
5.009131
5.007478
5.005826
5.004174
5.002523
5.000873
4.999222
4.997573
4.995924
4.994275
4.992628
4.990980
4.989333
4.987687
4.986041
4.984396
4.982752
4.981108
4.979464
4.977821
4.976179
4.974537
4.972895
4.971255
4.969614
4.967975
4.966335
4.964697
4.963059
4.961421
4.959784
4.958148
4.956512
4.954877
4.953242
4.951608
4.949974
4.948341
4.946708
4.945076
4.943444
4.941813
4.940183
4.938553
4.936924
4.935295
4.933667
4.932039
4.930412
4.928785
4.927159
4.925533
4.923908
4.922284
4.920660
4.919036
4.917413
4.915791
4.914169
4.912548
4.910927
4.909307
4.907687
4.906068
4.904450
4.902832
4.901214
4.899597
4.897981
4.896365
4.894749
4.893135
4.891520
4.889907
4.888293
4.886681
4.885069
4.883457
4.881846
4.880235
4.878626
4.877016
4.875407
4.873799
4.872191
4.870584
4.868977
4.867371
4.865765
4.864160
4.862555
4.860951
4.859347
4.857744
4.856142
4.854540
4.852938
4.851337
4.849737
4.848137
4.846538
4.844939
4.843341
4.841743
4.840146
4.838549
4.836953
4.835358
4.833763
4.832168
4.830574
4.828981
4.827388
4.825795
4.824203
4.822612
4.821021
4.819431
4.817841
4.816252
4.814663
4.813075
4.811487
4.809900
4.808314
4.806727
4.805142
4.803557
4.801972
4.800388
4.798805
4.797222
4.795640
4.794058
4.792476
4.790896
4.789315
4.787736
4.786156
4.784578
4.782999
4.781422
4.779845
4.778268
4.776692
4.775116
4.773541
4.771967
4.770393
4.768819
4.767246
4.765674
4.764102
4.762531
4.760960
4.759390
4.757820
4.756250
4.754682
4.753113
4.751546
4.749979
4.748412
4.746846
4.745280
4.743715
4.742150
4.740586
4.739023
4.737460
4.735897
4.734335
4.732774
4.731213
4.729652
4.728092
4.726533
4.724974
4.723416
4.721858
4.720300
4.718744
4.717187
4.715632
4.714076
4.712522
4.710967
4.709414
4.707860
4.706308
4.704756
4.703204
4.701653
4.700102
4.698552
4.697002
4.695453
4.693905
4.692357
4.690809
4.689262
4.687716
4.686170
4.684624
4.683079
4.681535
4.679991
4.678448
4.676905
4.675362
4.673820
4.672279
4.670738
4.669198
4.667658
4.666119
4.664580
4.663041
4.661504
4.659966
4.658430
4.656893
4.655358
4.653822
4.652288
4.650754
4.649220
4.647687
4.646154
4.644622
4.643090
4.641559
4.640028
4.638498
4.636969
4.635439
4.633911
4.632383
4.630855
4.629328
4.627801
4.626275
4.624750
4.623225
4.621700
4.620176
4.618653
4.617130
4.615607
4.614085
4.612563
4.611042
4.609522
4.608002
4.606482
4.604963
4.603445
4.601927
4.600410
4.598893
4.597376
4.595860
4.594345
4.592830
4.591315
4.589801
4.588288
4.586775
4.585263
4.583751
4.582239
4.580728
4.579218
4.577708
4.576198
4.574689
4.573181
4.571673
4.570166
4.568659
4.567152
4.565646
4.564141
4.562636
4.561132
4.559628
4.558124
4.556621
4.555119
4.553617
4.552116
4.550615
4.549114
4.547614
4.546115
4.544616
4.543118
4.541620
4.540122
4.538625
4.537129
4.535633
4.534138
4.532643
4.531148
4.529654
4.528161
4.526668
4.525175
4.523683
4.522192
4.520701
4.519210
4.517720
4.516231
4.514742
4.513253
4.511765
4.510278
4.508791
4.507304
4.505818
4.504333
4.502848
4.501363
4.499879
4.498396
4.496912
4.495430
4.493948
4.492466
4.490985
4.489505
4.488024
4.486545
4.485066
4.483587
4.482109
4.480631
4.479154
4.477677
4.476201
4.474725
4.473250
4.471776
4.470301
4.468828
