62683821.111463
57700847.796350
53113989.859856
48891758.593670
45005168.445896
41427538.035690
38134306.985998
35102867.316947
32312408.242418
29743773.304319
27379328.863803
25202843.046612
23199374.311508
21355168.876828
19657566.300989
18094912.568750
16656480.086581
15332394.037899
14113564.592609
12991624.505556
11958871.675524
11008216.270426
10133132.055721
9327611.591910
8586124.993566
7903581.966746
7275296.864212
6696956.518529
6164590.632242
5674544.521842
5223454.028425
4808222.422788
4425999.146437
4074160.242544
3750290.342524
3452166.084568
3177740.850300
2925130.714773
2692601.513351
2478556.936699
2281527.572145
2100160.816181
1933211.588864
1779533.786359
1638072.412959
1507856.338549
1387991.631819
1277655.423436
1176090.257060
1082598.889418
996539.503738
917321.303690
844400.457576
777276.364937
715488.219933
658611.847923
606256.793512
558063.640077
513701.542384
472865.955335
435276.543272
400675.255480
368824.554669
339505.786285
312517.677452
287674.955236
264807.074747
243757.048355
224380.367966
206544.012986
190125.537126
175012.227817
161100.332439
148294.346057
136506.355788
125655.437272
115667.099137
106472.771607
98009.335780
90218.690311
83047.352554
76446.091399
70369.589301
64776.131180
59627.318046
54887.803389
50525.050525
46509.109237
42812.410161
39409.575529
36277.244944
33393.915019
30739.791749
28296.654632
26047.731581
23977.583787
22071.999728
20317.897612
18703.235567
17216.928974
15848.774373
14589.379417
13430.098390
12362.972858
11380.677032
10476.467479
9644.136825
8877.971146
8172.710738
7523.514010
6925.924248
6375.839021
5869.482013
5403.377103
4974.324499
4579.378774
4215.828643
3881.178352
3573.130544
3289.570485
3028.551554
2788.281870
2567.111997
2363.523620
2176.119119
2003.611976
1844.817944
1698.646917
1564.095443
1440.239841
1326.229856
1221.282822
1124.678291
1035.753086
953.896749
878.547348
809.187622
745.341431
686.570481
632.471324
582.672580
536.832393
494.636084
455.793986
420.039460
387.127064
356.830866
328.942895
303.271712
279.641095
257.888833
237.865609
219.433973
202.467406
186.849443
172.472879
159.239030
147.057057
135.843343
125.520918
116.018930
107.272158
99.220568
91.808898
84.986278
78.705881
72.924605
67.602773
62.703862
58.194252
54.042997
50.221609
46.703865
43.465629
40.484682
37.740569
35.214465
32.889039
30.748339
28.777680
26.963545
25.293491
23.756065
22.340723
21.037761
19.838246
18.733953
17.717314
16.781360
15.919678
15.126364
14.395982
13.723530
13.104404
12.534363
12.009506
11.526242
11.081263
10.671527
10.294232
9.946798
9.626854
9.332212
9.060862
8.810953
8.580779
8.368773
8.173489
7.993599
7.827879
7.675203
7.534533
7.404916
7.285472
7.175394
7.073936
6.980413
6.894195
6.814701
6.741397
6.673790
6.611427
6.553893
6.500802
6.451802
6.406568
6.364800
6.326223
6.290583
6.257646
6.227199
6.199042
6.172995
6.148889
6.126569
6.105895
6.086735
6.068970
6.052487
6.037185
6.022971
6.009758
5.997466
5.986022
5.975360
5.965416
5.956133
5.947460
5.939347
5.931751
5.924630
5.917946
5.911665
5.905755
5.900186
5.894931
5.889966
5.885266
5.880812
5.876584
5.872564
5.868734
5.865081
5.861591
5.858249
5.855045
5.851968
5.849007
5.846153
5.843399
5.840735
5.838155
5.835653
5.833221
5.830855
5.828550
5.826299
5.824100
5.821948
5.819840
5.817772
5.815740
5.813742
5.811776
5.809839
5.807928
5.806042
5.804178
5.802335
5.800511
5.798705
5.796916
5.795141
5.793381
5.791633
5.789897
5.788172
5.786458
5.784752
5.783056
5.781367
5.779685
5.778011
5.776343
5.774680
5.773024
5.771372
5.769725
5.768082
5.766443
5.764808
5.763176
5.761548
5.759923
5.758300
5.756680
5.755063
5.753448
5.751835
5.750224
5.748615
5.747007
5.745402
5.743798
5.742195
5.740594
5.738994
5.737395
5.735798
5.734201
5.732606
5.731012
5.729419
5.727826
5.726235
5.724644
5.723055
5.721466
5.719878
5.718290
5.716703
5.715117
5.713532
5.711947
5.710363
5.708780
5.707197
5.705615
5.704033
5.702452
5.700872
5.699292
5.697712
5.696133
5.694555
5.692977
5.691400
5.689823
5.688247
5.686671
5.685096
5.683521
5.681946
5.680373
5.678799
5.677226
5.675654
5.674082
5.672510
5.670939
5.669369
5.667799
5.666229
5.664660
5.663091
5.661523
5.659955
5.658387
5.656820
5.655254
5.653688
5.652122
5.650557
5.648992
5.647428
5.645864
5.644301
5.642738
5.641176
5.639614
5.638052
5.636491
5.634930
5.633370
5.631810
5.630251
5.628692
5.627133
5.625575
5.624017
5.622460
5.620903
5.619347
5.617791
5.616236
5.614680
5.613126
5.611572
5.610018
5.608465
5.606912
5.605359
5.603807
5.602256
5.600705
5.599154
5.597604
5.596054
5.594505
5.592956
5.591407
5.589859
5.588311
5.586764
5.585217
5.583671
5.582125
5.580580
5.579034
5.577490
5.575946
5.574402
5.572859
5.571316
5.569773
5.568231
5.566690
5.565148
5.563608
5.562067
5.560527
5.558988
5.557449
5.555910
5.554372
5.552834
5.551297
5.549760
5.548224
5.546688
5.545152
5.543617
5.542082
5.540548
5.539014
5.537481
5.535948
5.534415
5.532883
5.531351
5.529820
5.528289
5.526759
5.525229
5.523699
5.522170
5.520641
5.519113
5.517585
5.516057
5.514530
5.513004
5.511478
5.509952
5.508427
5.506902
5.505377
5.503853
5.502330
5.500806
5.499284
5.497761
5.496239
5.494718
5.493197
5.491676
5.490156
5.488636
5.487117
5.485598
5.484079
5.482561
5.481044
5.479526
5.478010
5.476493
5.474977
5.473462
5.471947
5.470432
5.468918
5.467404
5.465890
5.464377
5.462865
5.461352
5.459841
5.458329
5.456819
5.455308
5.453798
5.452288
5.450779
5.449270
5.447762
5.446254
5.444747
5.443239
5.441733
5.440227
5.438721
5.437215
5.435710
5.434206
5.432702
5.431198
5.429694
5.428192
5.426689
5.425187
5.423685
5.422184
5.420683
5.419183
5.417683
5.416184
5.414684
5.413186
5.411687
5.410190
5.408692
5.407195
5.405699
5.404202
5.402707
5.401211
5.399716
5.398222
5.396728
5.395234
5.393741
5.392248
5.390755
5.389263
5.387772
5.386281
5.384790
5.383299
5.381810
5.380320
5.378831
5.377342
5.375854
5.374366
5.372879
5.371392
5.369905
5.368419
5.366933
5.365448
5.363963
5.362478
5.360994
5.359510
5.358027
5.356544
5.355062
5.353580
5.352098
5.350617
5.349136
5.347656
5.346176
5.344696
5.343217
5.341738
5.340260
5.338782
5.337305
5.335828
5.334351
5.332875
5.331399
5.329923
5.328448
5.326974
5.325500
5.324026
5.322552
5.321079
5.319607
5.318135
5.316663
5.315192
5.313721
5.312250
5.310780
5.309311
5.307841
5.306372
5.304904
5.303436
5.301968
5.300501
5.299034
5.297568
5.296102
5.294636
5.293171
5.291706
5.290242
5.288778
5.287315
5.285852
5.284389
5.282927
5.281465
5.280003
5.278542
5.277081
5.275621
5.274161
5.272702
5.271243
5.269784
5.268326
5.266868
5.265411
5.263954
5.262497
5.261041
5.259585
5.258130
5.256675
5.255220
5.253766
5.252312
5.250859
5.249406
5.247954
5.246501
5.245050
5.243598
5.242148
5.240697
5.239247
5.237797
5.236348
5.234899
5.233451
5.232003
5.230555
5.229108
5.227661
5.226214
5.224768
5.223323
5.221877
5.220433
5.218988
5.217544
5.216100
5.214657
5.213214
5.211772
5.210330
5.208888
5.207447
5.206006
5.204566
5.203126
5.201686
5.200247
5.198808
5.197370
5.195932
5.194494
5.193057
5.191620
5.190184
5.188748
5.187312
5.185877
5.184442
5.183008
5.181574
5.180140
5.178707
5.177274
5.175842
5.174410
5.172979
5.171547
5.170117
5.168686
5.167256
5.165827
5.164397
5.162969
5.161540
5.160112
5.158685
5.157258
5.155831
5.154404
5.152978
5.151553
5.150128
5.148703
5.147278
5.145854
5.144431
5.143008
5.141585
5.140162
5.138740
5.137319
5.135897
5.134477
5.133056
5.131636
5.130216
5.128797
5.127378
5.125960
5.124542
5.123124
5.121707
5.120290
5.118874
5.117458
5.116042
5.114627
5.113212
5.111797
5.110383
5.108969
5.107556
5.106143
5.104731
5.103319
5.101907
5.100496
5.099085
5.097674
5.096264
5.094854
5.093445
5.092036
5.090627
5.089219
5.087811
5.086404
5.084997
5.083590
5.082184
5.080778
5.079373
5.077968
5.076563
5.075159
5.073755
5.072351
5.070948
5.069546
5.068143
5.066741
5.065340
5.063939
5.062538
5.061138
5.059738
5.058338
5.056939
5.055540
5.054142
5.052744
5.051346
5.049949
5.048552
5.047156
5.045760
5.044364
5.042969
5.041574
5.040179
5.038785
5.037392
5.035998
5.034605
