62726729.628880
1034558.638879
17068.614306
287.070311
10.235931
5.615708
5.485809
5.430522
5.376995
5.324020
5.271571
5.219643
5.168231
5.117329
5.066932
5.017035
4.967634
4.918722
4.870296
4.822351
4.774881
4.727882
4.681350
4.635279
4.589664
4.544503
4.499789
4.455518
4.411687
4.368290
4.325323
4.282782
4.240663
4.198961
4.157673
4.116794
4.076320
4.036246
3.996570
3.957287
3.918393
3.879885
3.841758
3.804008
3.766632
3.729627
3.692987
3.656711
3.620794
3.585232
3.550022
3.515161
3.480645
3.446470
3.412634
3.379132
3.345962
3.313120
3.280603
3.248407
3.216530
3.184968
3.153719
3.122778
3.092144
3.061812
3.031780
3.002045
2.972604
2.943454
2.914592
2.886015
2.857721
2.829706
2.801969
2.774505
2.747312
2.720388
2.693730
2.667336
2.641202
2.615326
2.589705
2.564338
2.539221
2.514352
2.489728
2.465348
2.441208
2.417306
2.393640
2.370208
2.347007
2.324035
2.301290
2.278768
2.256470
2.234390
2.212529
2.190884
2.169451
2.148230
2.127219
2.106414
2.085815
2.065418
2.045223
2.025227
2.005427
1.985823
1.966412
1.947192
1.928162
1.909319
1.890662
1.872188
1.853896
1.835785
1.817852
1.800095
1.782513
1.765105
1.747868
1.730800
1.713900
1.697167
1.680598
1.664193
1.647949
1.631864
1.615938
1.600169
1.584555
1.569094
1.553785
1.538627
1.523618
1.508756
1.494041
1.479470
1.465043
1.450757
1.436612
1.422606
1.408737
1.395005
1.381408
1.367944
1.354613
1.341412
1.328341
1.315399
1.302583
1.289894
1.277329
1.264887
1.252568
1.240370
1.228291
1.216331
1.204488
1.192762
1.181150
1.169653
1.158268
1.146995
1.135833
1.124780
1.113836
1.102999
1.092268
1.081642
1.071121
1.060703
1.050387
1.040172
1.030057
1.020041
1.010124
1.000304
0.990580
0.980951
0.971417
0.961976
0.952627
0.943370
0.934204
0.925128
0.916140
0.907241
0.898428
0.889702
0.881061
0.872505
0.864033
0.855644
0.847336
0.839110
0.830965
0.822899
0.814912
0.807004
0.799172
0.791418
0.783739
0.776135
0.768606
0.761150
0.753767
0.746456
0.739217
0.732049
0.724951
0.717922
0.710961
0.704069
0.697244
0.690486
0.683794
0.677167
0.670605
0.664107
0.657673
0.651301
0.644992
0.638744
0.632557
0.626431
0.620365
0.614357
0.608409
0.602518
0.596685
0.590909
0.585189
0.579525
0.573916
0.568362
0.562863
0.557416
0.552023
0.546683
0.541395
0.536158
0.530972
0.525837
0.520752
0.515716
0.510730
0.505792
0.500902
0.496060
0.491265
0.486517
0.481815
0.477159
0.472549
0.467983
0.463461
0.458984
0.454550
0.450160
0.445812
0.441507
0.437243
0.433021
0.428840
0.424700
0.420600
0.416540
0.412520
0.408538
0.404596
0.400691
0.396825
0.392996
0.389205
0.385450
0.381732
0.378050
0.374404
0.370794
0.367218
0.363677
0.360171
0.356699
0.353260
0.349855
0.346483
0.343144
0.339837
0.336562
0.333319
0.330108
0.326928
0.323778
0.320660
0.317571
0.314513
0.311484
0.308485
0.305514
0.302573
0.299660
0.296776
0.293919
0.291090
0.288289
0.285514
0.282767
0.280046
0.277352
0.274684
0.272042
0.269425
0.266834
0.264268
0.261726
0.259210
0.256717
0.254249
0.251805
0.249385
0.246988
0.244614
0.242263
0.239935
0.237630
0.235346
0.233085
0.230846
0.228629
0.226433
0.224258
0.222105
0.219972
0.217860
0.215768
0.213697
0.211645
0.209614
0.207602
0.205609
0.203636
0.201682
0.199747
0.197830
0.195933
0.194053
0.192192
0.190348
0.188523
0.186715
0.184924
0.183151
0.181395
0.179656
0.177934
0.176229
0.174540
0.172867
0.171210
0.169570
0.167945
0.166336
0.164743
0.163164
0.161602
0.160054
0.158521
0.157003
0.155500
0.154011
0.152536
0.151076
0.149630
0.148198
0.146779
0.145375
0.143983
0.142606
0.141241
0.139890
0.138552
0.137226
0.135914
0.134614
0.133327
0.132052
0.130789
0.129539
0.128300
0.127074
0.125859
0.124656
0.123465
0.122285
0.121116
0.119959
0.118813
0.117678
0.116554
0.115440
0.114338
0.113246
0.112164
0.111093
0.110032
0.108982
0.107941
0.106911
0.105890
0.104880
0.103879
0.102887
0.101906
0.100933
0.099970
0.099017
0.098072
0.097137
0.096210
0.095293
0.094384
0.093484
0.092592
0.091710
0.090835
0.089970
0.089112
0.088263
0.087421
0.086588
0.085763
0.084946
0.084137
0.083335
0.082541
0.081755
0.080977
0.080205
0.079442
0.078685
0.077936
0.077194
0.076459
0.075731
0.075010
0.074296
0.073589
0.072889
0.072195
0.071509
0.070828
0.070154
0.069487
0.068826
0.068172
0.067523
0.066881
0.066245
0.065615
0.064991
0.064374
0.063762
0.063156
0.062555
0.061961
0.061372
0.060789
0.060211
0.059639
0.059073
0.058512
0.057956
0.057405
0.056860
0.056320
0.055785
0.055256
0.054731
0.054212
0.053697
0.053187
0.052683
0.052183
0.051687
0.051197
0.050711
0.050230
0.049754
0.049282
0.048814
0.048351
0.047893
0.047438
0.046989
0.046543
0.046102
0.045665
0.045232
0.044803
0.044379
0.043958
0.043541
0.043129
0.042720
0.042316
0.041915
0.041518
0.041124
0.040735
0.040349
0.039967
0.039589
0.039214
0.038842
0.038475
0.038111
0.037750
0.037393
0.037039
0.036688
0.036341
0.035997
0.035657
0.035319
0.034985
0.034654
0.034327
0.034002
0.033680
0.033362
0.033046
0.032734
0.032425
0.032118
0.031814
0.031514
0.031216
0.030921
0.030629
0.030339
0.030053
0.029769
0.029488
0.029209
0.028933
0.028660
0.028389
0.028121
0.027856
0.027593
0.027332
0.027074
0.026819
0.026566
0.026315
0.026067
0.025821
0.025577
0.025336
0.025097
0.024860
0.024625
0.024393
0.024163
0.023935
0.023709
0.023486
0.023264
0.023045
0.022828
0.022613
0.022400
0.022189
0.021979
0.021772
0.021567
0.021364
0.021163
0.020963
0.020766
0.020570
0.020377
0.020185
0.019995
0.019806
0.019620
0.019435
0.019252
0.019071
0.018891
0.018714
0.018538
0.018363
0.018190
0.018019
0.017850
0.017682
0.017515
0.017351
0.017187
0.017026
0.016866
0.016707
0.016550
0.016394
0.016240
0.016088
0.015936
0.015787
0.015638
0.015491
0.015346
0.015202
0.015059
0.014917
0.014777
0.014638
0.014501
0.014365
0.014230
0.014096
0.013964
0.013833
0.013703
0.013574
0.013447
0.013321
0.013196
0.013072
0.012949
0.012828
0.012707
0.012588
0.012470
0.012353
0.012237
0.012122
0.012009
0.011896
0.011784
0.011674
0.011564
0.011456
0.011349
0.011242
0.011137
0.011033
0.010929
0.010827
0.010725
0.010625
0.010525
0.010427
0.010329
0.010232
0.010136
0.010042
0.009947
0.009854
0.009762
0.009671
0.009580
0.009490
0.009402
0.009314
0.009227
0.009140
0.009055
0.008970
0.008886
0.008803
0.008721
0.008639
0.008558
0.008478
0.008399
0.008320
0.008242
0.008165
0.008089
0.008013
0.007939
0.007864
0.007791
0.007718
0.007646
0.007575
0.007504
0.007434
0.007364
0.007295
0.007227
0.007160
0.007093
0.007027
0.006961
0.006896
0.006832
0.006768
0.006705
0.006642
0.006580
0.006519
0.006458
0.006398
0.006338
0.006279
0.006220
0.006162
0.006105
0.006048
0.005991
0.005935
0.005880
0.005825
0.005771
0.005717
0.005664
0.005611
0.005559
0.005507
0.005456
0.005405
0.005354
0.005305
0.005255
0.005206
0.005158
0.005110
0.005062
0.005015
0.004968
0.004922
0.004876
0.004831
0.004786
0.004741
0.004697
0.004653
0.004610
0.004567
0.004525
0.004482
0.004441
0.004399
0.004359
0.004318
0.004278
0.004238
0.004199
0.004160
0.004121
0.004083
0.004045
0.004007
0.003970
0.003933
0.003896
0.003860
0.003824
0.003789
0.003753
0.003719
0.003684
0.003650
0.003616
0.003582
0.003549
0.003516
0.003483
0.003451
0.003419
0.003387
0.003356
0.003325
0.003294
0.003263
0.003233
0.003203
0.003173
0.003144
0.003115
0.003086
0.003057
0.003029
0.003001
0.002973
0.002945
0.002918
0.002891
0.002864
0.002837
0.002811
0.002785
0.002759
0.002734
0.002708
