62821758.690979
62821758.690979
51443216.934989
42125604.862343
34495638.158362
28247643.344733
23131311.818420
18941671.930915
15510877.366981
12701482.847021
10400937.762720
8517077.148722
6974429.348625
5711192.452142
4676758.372781
3829685.375059
3136037.826179
2568026.658912
2102896.079605
1722011.920347
1410115.112659
1154710.375184
945565.624854
774302.056835
634058.470916
519216.396533
425175.004313
348166.786589
285106.622640
233468.181881
191182.713424
156556.167307
128201.327070
104982.234777
85968.682006
70398.943623
57649.261379
47208.854759
38659.457982
31658.563333
25925.699549
21231.195508
17386.979096
14239.042615
11661.272896
9550.398920
7821.854552
6406.390636
5247.300713
4298.149240
3520.911278
2884.449122
2363.264864
1936.478882
1586.993362
1300.807316
1066.455677
874.549977
717.402230
588.716927
483.338831
397.046443
326.382878
268.517379
221.131906
182.328273
150.552101
124.530547
103.221312
85.770880
71.480329
59.777330
50.193213
42.344198
35.916018
30.651325
26.339383
22.807628
19.914748
17.545029
15.603714
14.013210
12.709975
11.641980
10.766618
10.048998
9.460550
8.977878
8.581825
8.256702
7.989662
7.770186
7.589660
7.441028
7.318515
7.217391
7.133782
7.064516
7.006995
6.959094
6.919070
6.885497
6.857207
6.833243
6.812823
6.795306
6.780165
6.766972
6.755374
6.745082
6.735861
6.727517
6.719891
6.712855
6.706301
6.700144
6.694311
6.688745
6.683398
6.678230
6.673210
6.668311
6.663512
6.658796
6.654147
6.649555
6.645009
6.640502
6.636027
6.631579
6.627153
6.622746
6.618355
6.613978
6.609613
6.605257
6.600911
6.596572
6.592240
6.587914
6.583593
6.579278
6.574967
6.570660
6.566358
6.562059
6.557764
6.553473
6.549185
6.544900
6.540618
6.536339
6.532064
6.527791
6.523522
6.519255
6.514992
6.510731
6.506473
6.502219
6.497966
6.493717
6.489471
6.485227
6.480987
6.476749
6.472514
6.468281
6.464052
6.459825
6.455601
6.451380
6.447162
6.442947
6.438734
6.434524
6.430317
6.426113
6.421911
6.417712
6.413516
6.409323
6.405133
6.400945
6.396760
6.392578
6.388399
6.384222
6.380048
6.375877
6.371709
6.367543
6.363380
6.359220
6.355063
6.350909
6.346757
6.342608
6.338461
6.334318
6.330177
6.326039
6.321903
6.317771
6.313641
6.309513
6.305389
6.301267
6.297148
6.293032
6.288918
6.284807
6.280699
6.276594
6.272491
6.268391
6.264294
6.260199
6.256107
6.252018
6.247932
6.243848
6.239767
6.235688
6.231613
6.227540
6.223469
6.219402
6.215337
6.211275
6.207215
6.203158
6.199104
6.195053
6.191004
6.186958
6.182914
6.178873
6.174835
6.170800
6.166767
6.162737
6.158709
6.154684
6.150662
6.146643
6.142626
6.138612
6.134600
6.130591
6.126585
6.122581
6.118580
6.114582
6.110586
6.106593
6.102603
6.098615
6.094630
6.090647
6.086668
6.082690
6.078716
6.074744
6.070774
6.066808
6.062843
6.058882
6.054923
6.050967
6.047013
6.043062
6.039114
6.035168
6.031225
6.027284
6.023346
6.019411
6.015478
6.011548
6.007620
6.003695
5.999772
5.995853
5.991935
5.988021
5.984109
5.980199
5.976292
5.972388
5.968486
5.964587
5.960690
5.956796
5.952905
5.949016
5.945130
5.941246
5.937365
5.933486
5.929610
5.925736
5.921866
5.917997
5.914131
5.910268
5.906407
5.902549
5.898693
5.894840
5.890990
5.887142
5.883296
5.879453
5.875613
5.871775
5.867940
5.864107
5.860277
5.856449
5.852624
5.848801
5.844981
5.841163
5.837348
5.833536
5.829726
5.825918
5.822113
5.818311
5.814511
5.810713
5.806918
5.803126
5.799336
5.795548
5.791763
5.787981
5.784201
5.780423
5.776648
5.772876
5.769106
5.765338
5.761573
5.757811
5.754050
5.750293
5.746538
5.742785
5.739035
5.735287
5.731542
5.727799
5.724059
5.720321
5.716586
5.712853
5.709123
5.705395
5.701669
5.697946
5.694226
5.690508
5.686792
5.683079
5.679368
5.675660
5.671954
5.668251
5.664550
5.660851
5.657155
5.653461
5.649770
5.646081
5.642395
5.638711
5.635030
5.631351
5.627674
5.624000
5.620328
5.616659
5.612992
5.609328
5.605665
5.602006
5.598349
5.594694
5.591041
5.587391
5.583744
5.580099
5.576456
5.572815
5.569177
5.565542
5.561909
5.558278
5.554650
5.551024
5.547400
5.543779
5.540160
5.536544
5.532930
5.529318
5.525709
5.522102
5.518497
5.514895
5.511295
5.507698
5.504103
5.500510
5.496920
5.493332
5.489747
5.486164
5.482583
5.479004
5.475428
5.471855
5.468283
5.464714
5.461148
5.457583
5.454021
5.450462
5.446905
5.443350
5.439797
5.436247
5.432699
5.429154
5.425611
5.422070
5.418531
5.414995
5.411461
5.407930
5.404401
5.400874
5.397349
5.393827
5.390307
5.386790
5.383274
5.379761
5.376251
5.372743
5.369237
5.365733
5.362232
5.358733
5.355236
5.351741
5.348249
5.344760
5.341272
5.337787
5.334304
5.330823
5.327345
5.323869
5.320395
5.316924
5.313455
5.309988
5.306523
5.303061
5.299601
5.296143
5.292688
5.289235
5.285784
5.282335
5.278889
5.275445
5.272003
5.268564
5.265126
5.261691
5.258259
5.254828
5.251400
5.247974
5.244550
5.241129
5.237710
5.234293
5.230878
5.227466
5.224056
5.220648
5.217242
5.213839
5.210438
5.207039
5.203642
5.200248
5.196856
5.193466
5.190078
5.186692
5.183309
5.179928
5.176549
5.173173
5.169798
5.166426
5.163056
5.159689
5.156323
5.152960
5.149599
5.146240
5.142884
5.139529
5.136177
5.132827
5.129480
5.126134
5.122791
5.119450
5.116111
5.112774
5.109439
5.106107
5.102777
5.099449
5.096123
5.092800
5.089479
5.086159
5.082842
5.079528
5.076215
5.072905
5.069596
5.066290
5.062987
5.059685
5.056385
5.053088
5.049793
5.046500
5.043209
5.039920
5.036634
5.033350
5.030067
5.026787
5.023510
5.020234
5.016960
5.013689
5.010420
5.007153
5.003888
5.000625
4.997365
4.994106
4.990850
4.987596
4.984344
4.981094
4.977846
4.974601
4.971357
4.968116
4.964877
4.961640
4.958405
4.955172
4.951942
4.948713
4.945487
4.942262
4.939040
4.935820
4.932603
4.929387
4.926173
4.922962
4.919752
4.916545
4.913340
4.910137
4.906936
4.903737
4.900540
4.897346
4.894153
4.890963
4.887774
4.884588
4.881404
4.878222
4.875042
4.871864
4.868689
4.865515
4.862344
4.859174
4.856007
4.852841
4.849678
4.846517
4.843358
4.840201
4.837046
4.833894
4.830743
4.827594
4.824448
4.821303
4.818161
4.815021
4.811882
4.808746
4.805612
4.802480
4.799350
4.796222
4.793096
4.789972
4.786850
4.783731
4.780613
4.777498
4.774384
4.771272
4.768163
4.765056
4.761950
4.758847
4.755746
4.752647
4.749549
4.746454
4.743361
4.740270
4.737181
4.734094
4.731009
4.727926
4.724845
4.721767
4.718690
4.715615
4.712542
4.709471
4.706403
4.703336
4.700271
4.697209
4.694148
4.691089
4.688033
4.684978
4.681925
4.678875
4.675826
4.672780
4.669735
4.666693
4.663652
4.660614
4.657577
4.654542
4.651510
4.648479
4.645451
4.642424
4.639400
4.636377
4.633357
4.630338
4.627321
4.624307
4.621294
4.618283
4.615275
4.612268
4.609263
4.606261
4.603260
4.600261
4.597264
4.594270
4.591277
4.588286
4.585297
4.582310
4.579325
4.576342
4.573361
4.570382
4.567405
4.564430
4.561456
4.558485
4.555516
4.552548
4.549583
4.546620
4.543658
4.540699
4.537741
4.534785
4.531832
4.528880
4.525930
4.522982
4.520037
4.517093
4.514151
4.511210
4.508272
4.505336
4.502402
4.499469
4.496539
4.493610
4.490684
4.487759
4.484837
4.481916
4.478997
4.476080
4.473165
4.470252
4.467341
4.464431
4.461524
4.458618
4.455715
4.452813
4.449914
4.447016
4.444120
4.441226
4.438334
4.435444
4.432555
4.429669
4.426785
4.423902
4.421021
4.418142
4.415266
4.412391
4.409518
4.406646
4.403777
4.400910
4.398044
4.395180
4.392319
4.389459
4.386601
4.383745
4.380890
4.378038
4.375187
4.372339
4.369492
4.366647
4.363804
4.360963
4.358124
4.355286
4.352451
4.349617
4.346786
4.343956
4.341128
4.338301
4.335477
4.332655
4.329834
4.327015
4.324198
4.321383
4.318570
4.315759
4.312949
4.310141
4.307336
4.304532
4.301730
4.298929
4.296131
4.293334
4.290540
4.287747
4.284956
4.282166
