62648323.235063
62648323.235063
51129773.886748
41729030.538542
34056712.364753
27795030.284825
22684624.070792
18513819.590443
15109861.218916
12331756.263293
10064435.014719
8213984.536129
6703758.768057
5471203.832246
4465267.036463
3644282.260922
2974244.138583
2427399.545481
1981098.060314
1616853.779095
1319579.624997
1076962.438368
878952.962986
717349.603693
585458.714545
477817.346549
389966.971131
318268.806913
259753.100609
211996.119192
173019.758351
141209.608981
115248.088009
94059.863816
76767.315771
62654.182992
51135.896664
41735.367079
34063.222465
27801.681137
22691.388898
18520.676539
15116.792456
12338.747233
10071.473840
8221.061523
6710.866006
5478.334865
4472.416597
3651.446049
2981.418648
2434.581913
1988.285951
1624.045287
1326.773195
1084.156804
886.147089
724.542646
592.649986
485.006286
397.153122
325.451797
266.932626
219.171933
180.191659
148.377434
122.411704
101.219163
83.922211
69.804603
58.281785
48.876678
41.199919
34.933733
29.818773
25.643374
22.234789
19.452031
17.180037
15.324897
13.809969
12.572703
11.562047
10.736338
10.061571
9.509996
9.058963
8.689986
8.387979
8.140630
7.937890
7.771557
7.634939
7.522572
7.429998
7.353579
7.290346
7.237873
7.194184
7.157665
7.126996
7.101104
7.079111
7.060300
7.044087
7.029995
7.017634
7.006687
6.996894
6.988044
6.979964
6.972513
6.965576
6.959059
6.952885
6.946992
6.941329
6.935854
6.930533
6.925338
6.920247
6.915242
6.910306
6.905428
6.900598
6.895807
6.891050
6.886319
6.881612
6.876924
6.872252
6.867594
6.862948
6.858312
6.853685
6.849066
6.844454
6.839848
6.835248
6.830654
6.826064
6.821478
6.816897
6.812320
6.807747
6.803177
6.798611
6.794049
6.789490
6.784934
6.780382
6.775833
6.771287
6.766744
6.762205
6.757668
6.753135
6.748605
6.744078
6.739554
6.735033
6.730516
6.726001
6.721490
6.716981
6.712476
6.707973
6.703474
6.698978
6.694485
6.689994
6.685507
6.681023
6.676542
6.672064
6.667589
6.663117
6.658648
6.654182
6.649720
6.645260
6.640803
6.636349
6.631898
6.627450
6.623006
6.618564
6.614125
6.609689
6.605256
6.600827
6.596400
6.591976
6.587555
6.583138
6.578723
6.574311
6.569902
6.565496
6.561093
6.556693
6.552296
6.547902
6.543512
6.539123
6.534738
6.530356
6.525977
6.521601
6.517228
6.512858
6.508490
6.504126
6.499765
6.495406
6.491051
6.486698
6.482349
6.478002
6.473658
6.469318
6.464980
6.460645
6.456313
6.451984
6.447658
6.443335
6.439014
6.434697
6.430383
6.426071
6.421762
6.417457
6.413154
6.408854
6.404557
6.400263
6.395972
6.391684
6.387399
6.383116
6.378837
6.374560
6.370286
6.366015
6.361747
6.357482
6.353220
6.348961
6.344704
6.340451
6.336200
6.331952
6.327707
6.323465
6.319226
6.314990
6.310756
6.306526
6.302298
6.298073
6.293851
6.289632
6.285416
6.281202
6.276992
6.272784
6.268579
6.264377
6.260178
6.255981
6.251788
6.247597
6.243409
6.239224
6.235042
6.230862
6.226686
6.222512
6.218341
6.214173
6.210008
6.205845
6.201686
6.197529
6.193375
6.189223
6.185075
6.180929
6.176787
6.172647
6.168509
6.164375
6.160243
6.156115
6.151988
6.147865
6.143745
6.139627
6.135512
6.131400
6.127291
6.123184
6.119080
6.114979
6.110881
6.106786
6.102693
6.098603
6.094516
6.090432
6.086350
6.082271
6.078195
6.074122
6.070051
6.065983
6.061918
6.057856
6.053796
6.049739
6.045685
6.041634
6.037585
6.033539
6.029496
6.025456
6.021418
6.017383
6.013351
6.009321
6.005294
6.001270
5.997249
5.993230
5.989214
5.985201
5.981190
5.977183
5.973178
5.969175
5.965176
5.961179
5.957184
5.953193
5.949204
5.945218
5.941234
5.937253
5.933275
5.929300
5.925327
5.921357
5.917390
5.913425
5.909463
5.905504
5.901547
5.897593
5.893642
5.889693
5.885747
5.881804
5.877864
5.873926
5.869990
5.866058
5.862128
5.858200
5.854276
5.850354
5.846434
5.842518
5.838604
5.834692
5.830783
5.826877
5.822974
5.819073
5.815175
5.811279
5.807386
5.803496
5.799608
5.795723
5.791840
5.787961
5.784083
5.780209
5.776337
5.772468
5.768601
5.764737
5.760875
5.757016
5.753160
5.749306
5.745455
5.741607
5.737761
5.733918
5.730077
5.726239
5.722403
5.718570
5.714740
5.710912
5.707087
5.703265
5.699445
5.695627
5.691812
5.688000
5.684191
5.680383
5.676579
5.672777
5.668978
5.665181
5.661387
5.657595
5.653806
5.650019
5.646235
5.642454
5.638675
5.634898
5.631125
5.627353
5.623585
5.619819
5.616055
5.612294
5.608535
5.604779
5.601026
5.597275
5.593527
5.589781
5.586038
5.582297
5.578559
5.574823
5.571090
5.567359
5.563631
5.559905
5.556182
5.552461
5.548743
5.545028
5.541315
5.537604
5.533896
5.530190
5.526487
5.522787
5.519089
5.515393
5.511700
5.508010
5.504321
5.500636
5.496953
5.493272
5.489594
5.485918
5.482245
5.478575
5.474906
5.471241
5.467577
5.463917
5.460258
5.456603
5.452949
5.449298
5.445650
5.442004
5.438360
5.434719
5.431081
5.427445
5.423811
5.420180
5.416551
5.412925
5.409301
5.405679
5.402060
5.398444
5.394830
5.391218
5.387609
5.384002
5.380398
5.376796
5.373197
5.369600
5.366005
5.362413
5.358823
5.355236
5.351651
5.348068
5.344488
5.340911
5.337335
5.333763
5.330192
5.326624
5.323059
5.319495
5.315935
5.312376
5.308820
5.305267
5.301716
5.298167
5.294621
5.291077
5.287535
5.283996
5.280459
5.276925
5.273393
5.269863
5.266336
5.262811
5.259288
5.255768
5.252250
5.248735
5.245222
5.241711
5.238203
5.234697
5.231194
5.227693
5.224194
5.220697
5.217203
5.213712
5.210222
5.206735
5.203251
5.199768
5.196289
5.192811
5.189336
5.185863
5.182392
5.178924
5.175458
5.171995
5.168534
5.165075
5.161618
5.158164
5.154712
5.151263
5.147815
5.144371
5.140928
5.137488
5.134050
5.130614
5.127181
5.123750
5.120322
5.116895
5.113471
5.110050
5.106630
5.103213
5.099798
5.096386
5.092976
5.089568
5.086162
5.082759
5.079358
5.075960
5.072563
5.069169
5.065777
5.062388
5.059001
5.055616
5.052233
5.048853
5.045475
5.042099
5.038726
5.035354
5.031985
5.028619
5.025254
5.021892
5.018532
5.015175
5.011819
5.008466
5.005115
5.001767
4.998421
4.995077
4.991735
4.988395
4.985058
4.981723
4.978390
4.975060
4.971732
4.968406
4.965082
4.961760
4.958441
4.955124
4.951809
4.948497
4.945186
4.941878
4.938572
4.935269
4.931967
4.928668
4.925371
4.922076
4.918784
4.915494
4.912205
4.908920
4.905636
4.902355
4.899075
4.895798
4.892524
4.889251
4.885981
4.882713
4.879447
4.876183
4.872921
4.869662
4.866405
4.863150
4.859897
4.856647
4.853398
4.850152
4.846908
4.843666
4.840427
4.837189
4.833954
4.830721
4.827490
4.824262
4.821035
4.817811
4.814589
4.811369
4.808151
4.804935
4.801722
4.798510
4.795301
4.792094
4.788889
4.785687
4.782486
4.779288
4.776092
4.772898
4.769706
4.766516
4.763329
4.760143
4.756960
4.753779
4.750600
4.747423
4.744248
4.741076
4.737906
4.734737
4.731571
4.728407
4.725245
4.722086
4.718928
4.715773
4.712619
4.709468
4.706319
4.703172
4.700027
4.696885
4.693744
4.690606
4.687469
4.684335
4.681203
4.678073
4.674945
4.671819
4.668695
4.665574
4.662454
4.659337
4.656222
4.653109
4.649998
4.646889
4.643782
4.640677
4.637574
4.634474
4.631375
4.628279
4.625185
4.622092
4.619002
4.615914
4.612828
4.609744
4.606663
4.603583
4.600505
4.597430
4.594356
4.591285
4.588215
4.585148
4.582083
4.579020
4.575959
4.572900
4.569843
4.566788
4.563735
4.560684
4.557635
4.554589
4.551544
4.548501
4.545461
4.542423
4.539386
4.536352
4.533319
4.530289
4.527261
4.524235
4.521211
4.518188
4.515168
4.512150
4.509134
4.506120
4.503109
4.500099
4.497091
4.494085
4.491081
4.488079
4.485080
4.482082
4.479086
4.476092
4.473101
4.470111
4.467123
4.464138
4.461154
4.458172
4.455193
4.452215
4.449240
4.446266
4.443295
4.440325
4.437357
4.434392
4.431428
4.428467
4.425507
4.422550
4.419594
4.416640
4.413689
4.410739
4.407792
4.404846
4.401902
4.398961
4.396021
4.393083
4.390147
