62821758.690979
3674347.166384
214913.139082
12576.532389
742.147396
49.920702
9.380535
6.956803
6.762855
6.699749
6.644722
6.590589
6.536927
6.483709
6.430928
6.378582
6.326667
6.275179
6.224114
6.173470
6.123242
6.073427
6.024022
5.975023
5.926427
5.878230
5.830430
5.783022
5.736004
5.689373
5.643125
5.597257
5.551765
5.506648
5.461901
5.417522
5.373507
5.329854
5.286559
5.243619
5.201033
5.158795
5.116905
5.075358
5.034153
4.993285
4.952753
4.912554
4.872684
4.833142
4.793924
4.755027
4.716450
4.678189
4.640241
4.602605
4.565278
4.528256
4.491538
4.455121
4.419002
4.383179
4.347650
4.312412
4.277463
4.242800
4.208421
4.174324
4.140505
4.106964
4.073698
4.040704
4.007980
3.975523
3.943333
3.911406
3.879740
3.848334
3.817184
3.786290
3.755648
3.725256
3.695114
3.665218
3.635566
3.606157
3.576988
3.548058
3.519365
3.490906
3.462679
3.434684
3.406917
3.379377
3.352062
3.324970
3.298100
3.271449
3.245015
3.218798
3.192795
3.167004
3.141424
3.116052
3.090888
3.065929
3.041174
3.016621
2.992268
2.968114
2.944157
2.920396
2.896828
2.873453
2.850268
2.827273
2.804465
2.781843
2.759405
2.737150
2.715077
2.693184
2.671469
2.649931
2.628569
2.607381
2.586365
2.565521
2.544846
2.524340
2.504001
2.483827
2.463818
2.443972
2.424287
2.404763
2.385397
2.366189
2.347138
2.328242
2.309499
2.290909
2.272470
2.254181
2.236041
2.218049
2.200202
2.182501
2.164944
2.147530
2.130257
2.113125
2.096132
2.079277
2.062559
2.045977
2.029530
2.013216
1.997035
1.980985
1.965066
1.949276
1.933615
1.918080
1.902672
1.887389
1.872229
1.857193
1.842279
1.827487
1.812814
1.798260
1.783824
1.769506
1.755303
1.741216
1.727243
1.713384
1.699636
1.686001
1.672476
1.659060
1.645754
1.632555
1.619463
1.606478
1.593597
1.580821
1.568149
1.555579
1.543111
1.530744
1.518477
1.506310
1.494241
1.482270
1.470396
1.458618
1.446935
1.435347
1.423852
1.412451
1.401142
1.389925
1.378798
1.367761
1.356814
1.345955
1.335184
1.324500
1.313903
1.303391
1.292965
1.282622
1.272363
1.262187
1.252094
1.242082
1.232151
1.222300
1.212529
1.202836
1.193222
1.183686
1.174227
1.164844
1.155537
1.146305
1.137147
1.128064
1.119054
1.110116
1.101251
1.092457
1.083735
1.075082
1.066500
1.057987
1.049542
1.041166
1.032857
1.024615
1.016439
1.008330
1.000286
0.992307
0.984392
0.976541
0.968753
0.961028
0.953365
0.945764
0.938224
0.930745
0.923327
0.915968
0.908668
0.901427
0.894244
0.887120
0.880052
0.873042
0.866088
0.859190
0.852347
0.845560
0.838827
0.832148
0.825523
0.818952
0.812433
0.805967
0.799552
0.793190
0.786878
0.780617
0.774407
0.768247
0.762136
0.756074
0.750061
0.744096
0.738179
0.732310
0.726488
0.720712
0.714983
0.709300
0.703663
0.698071
0.692524
0.687022
0.681563
0.676149
0.670778
0.665450
0.660165
0.654922
0.649721
0.644562
0.639445
0.634368
0.629333
0.624337
0.619382
0.614466
0.609590
0.604753
0.599955
0.595195
0.590474
0.585790
0.581144
0.576535
0.571963
0.567427
0.562928
0.558465
0.554038
0.549646
0.545290
0.540968
0.536681
0.532428
0.528210
0.524025
0.519873
0.515755
0.511670
0.507618
0.503598
0.499610
0.495654
0.491729
0.487836
0.483975
0.480144
0.476344
0.472574
0.468834
0.465124
0.461444
0.457793
0.454172
0.450579
0.447015
0.443480
0.439973
0.436494
0.433042
0.429619
0.426222
0.422853
0.419511
0.416195
0.412906
0.409643
0.406406
0.403195
0.400010
0.396850
0.393715
0.390606
0.387521
0.384460
0.381425
0.378413
0.375425
0.372462
0.369522
0.366605
0.363712
0.360841
0.357994
0.355169
0.352367
0.349587
0.346829
0.344094
0.341380
0.338687
0.336017
0.333367
0.330739
0.328131
0.325544
0.322978
0.320432
0.317907
0.315402
0.312916
0.310451
0.308005
0.305578
0.303171
0.300783
0.298414
0.296064
0.293732
0.291420
0.289125
0.286849
0.284591
0.282351
0.280128
0.277923
0.275736
0.273567
0.271414
0.269279
0.267160
0.265059
0.262974
0.260905
0.258853
0.256818
0.254798
0.252795
0.250808
0.248836
0.246880
0.244939
0.243014
0.241105
0.239210
0.237330
0.235466
0.233616
0.231781
0.229960
0.228154
0.226362
0.224584
0.222821
0.221071
0.219336
0.217614
0.215906
0.214211
0.212530
0.210862
0.209207
0.207566
0.205937
0.204321
0.202719
0.201128
0.199551
0.197986
0.196433
0.194893
0.193365
0.191849
0.190345
0.188852
0.187372
0.185904
0.184447
0.183001
0.181567
0.180145
0.178733
0.177333
0.175944
0.174566
0.173199
0.171842
0.170497
0.169162
0.167837
0.166523
0.165219
0.163926
0.162643
0.161370
0.160107
0.158854
0.157612
0.156378
0.155155
0.153941
0.152737
0.151542
0.150357
0.149181
0.148015
0.146858
0.145709
0.144570
0.143440
0.142319
0.141207
0.140103
0.139008
0.137922
0.136844
0.135775
0.134714
0.133662
0.132618
0.131582
0.130555
0.129535
0.128524
0.127520
0.126525
0.125537
0.124557
0.123585
0.122620
0.121663
0.120714
0.119772
0.118837
0.117910
0.116991
0.116078
0.115173
0.114274
0.113383
0.112499
0.111622
0.110751
0.109888
0.109031
0.108181
0.107338
0.106502
0.105672
0.104848
0.104031
0.103221
0.102417
0.101619
0.100827
0.100042
0.099263
0.098490
0.097723
0.096962
0.096207
0.095458
0.094715
0.093978
0.093246
0.092520
0.091800
0.091086
0.090377
0.089674
0.088976
0.088284
0.087598
0.086916
0.086240
0.085570
0.084904
0.084244
0.083589
0.082939
0.082294
0.081655
0.081020
0.080390
0.079766
0.079146
0.078531
0.077921
0.077315
0.076715
0.076119
0.075527
0.074941
0.074359
0.073781
0.073208
0.072640
0.072076
0.071517
0.070961
0.070411
0.069864
0.069322
0.068784
0.068250
0.067721
0.067195
0.066674
0.066157
0.065644
0.065135
0.064629
0.064128
0.063631
0.063138
0.062648
0.062162
0.061681
0.061202
0.060728
0.060257
0.059790
0.059327
0.058867
0.058411
0.057959
0.057510
0.057064
0.056622
0.056184
0.055749
0.055317
0.054889
0.054464
0.054042
0.053624
0.053209
0.052797
0.052388
0.051983
0.051580
0.051181
0.050785
0.050392
0.050003
0.049616
0.049232
0.048851
0.048473
0.048099
0.047727
0.047358
0.046991
0.046628
0.046268
0.045910
0.045555
0.045203
0.044854
0.044507
0.044163
0.043822
0.043484
0.043148
0.042814
0.042484
0.042155
0.041830
0.041507
0.041186
0.040868
0.040553
0.040240
0.039929
0.039621
0.039315
0.039012
0.038711
0.038412
0.038116
0.037821
0.037530
0.037240
0.036953
0.036668
0.036385
0.036104
0.035826
0.035550
0.035276
0.035004
0.034734
0.034466
0.034200
0.033937
0.033675
0.033416
0.033158
0.032903
0.032649
0.032398
0.032148
0.031900
0.031655
0.031411
0.031169
0.030929
0.030691
0.030455
0.030220
0.029987
0.029757
0.029528
0.029300
0.029075
0.028851
0.028629
0.028409
0.028190
0.027973
0.027758
0.027544
0.027333
0.027122
0.026914
0.026707
0.026501
0.026298
0.026095
0.025895
0.025696
0.025498
0.025302
0.025108
0.024915
0.024723
0.024533
0.024345
0.024158
0.023972
0.023788
0.023605
0.023424
0.023244
0.023066
0.022888
0.022713
0.022538
0.022365
0.022194
0.022023
0.021854
0.021686
0.021520
0.021355
0.021191
0.021028
0.020867
0.020707
0.020548
0.020390
0.020234
0.020079
0.019925
0.019772
0.019620
0.019470
0.019321
0.019173
0.019026
0.018880
0.018735
0.018591
0.018449
0.018307
0.018167
0.018028
0.017890
0.017753
0.017617
0.017482
0.017348
0.017215
0.017083
0.016952
0.016823
0.016694
0.016566
0.016439
0.016313
0.016188
0.016064
0.015941
0.015819
0.015698
0.015578
0.015459
0.015341
0.015223
0.015107
0.014991
0.014877
0.014763
0.014650
0.014538
0.014427
0.014316
0.014207
0.014098
0.013991
0.013884
0.013778
0.013672
0.013568
0.013464
0.013361
0.013259
0.013158
0.013057
0.012957
