62557519.247378
274332.613008
1208.721841
10.946196
5.619288
5.522431
5.449485
5.377610
5.306694
5.236723
5.167684
5.099564
5.032352
4.966035
4.900602
4.836039
4.772336
4.709481
4.647463
4.586270
4.525891
4.466315
4.407532
4.349530
4.292300
4.235831
4.180112
4.125135
4.070887
4.017361
3.964546
3.912433
3.861011
3.810273
3.760209
3.710809
3.662065
3.613968
3.566510
3.519681
3.473474
3.427880
3.382890
3.338497
3.294693
3.251470
3.208819
3.166734
3.125207
3.084230
3.043797
3.003898
2.964529
2.925680
2.887346
2.849520
2.812195
2.775363
2.739019
2.703156
2.667768
2.632848
2.598389
2.564387
2.530834
2.497724
2.465053
2.432813
2.400999
2.369606
2.338628
2.308059
2.277893
2.248126
2.218753
2.189767
2.161163
2.132938
2.105084
2.077599
2.050476
2.023711
1.997299
1.971235
1.945515
1.920134
1.895088
1.870372
1.845981
1.821912
1.798160
1.774722
1.751591
1.728766
1.706241
1.684013
1.662077
1.640430
1.619068
1.597987
1.577184
1.556654
1.536394
1.516401
1.496670
1.477199
1.457984
1.439022
1.420309
1.401842
1.383617
1.365632
1.347883
1.330367
1.313081
1.296022
1.279188
1.262574
1.246178
1.229997
1.214029
1.198270
1.182718
1.167370
1.152223
1.137274
1.122522
1.107963
1.093595
1.079415
1.065421
1.051611
1.037981
1.024530
1.011254
0.998153
0.985223
0.972463
0.959869
0.947441
0.935175
0.923069
0.911122
0.899331
0.887694
0.876209
0.864875
0.853689
0.842649
0.831753
0.820999
0.810386
0.799912
0.789574
0.779372
0.769303
0.759365
0.749557
0.739876
0.730323
0.720894
0.711587
0.702403
0.693338
0.684391
0.675561
0.666846
0.658245
0.649756
0.641377
0.633108
0.624946
0.616891
0.608940
0.601093
0.593349
0.585705
0.578160
0.570714
0.563365
0.556111
0.548952
0.541886
0.534912
0.528028
0.521234
0.514528
0.507910
0.501377
0.494930
0.488566
0.482285
0.476085
0.469966
0.463927
0.457965
0.452082
0.446274
0.440542
0.434885
0.429301
0.423789
0.418349
0.412979
0.407679
0.402448
0.397284
0.392188
0.387157
0.382192
0.377291
0.372454
0.367679
0.362966
0.358314
0.353722
0.349190
0.344717
0.340301
0.335943
0.331641
0.327394
0.323203
0.319065
0.314982
0.310951
0.306972
0.303045
0.299168
0.295342
0.291564
0.287836
0.284156
0.280524
0.276938
0.273399
0.269905
0.266457
0.263053
0.259692
0.256376
0.253102
0.249870
0.246680
0.243531
0.240423
0.237355
0.234326
0.231337
0.228386
0.225473
0.222597
0.219759
0.216957
0.214191
0.211461
0.208766
0.206106
0.203480
0.200888
0.198329
0.195803
0.193310
0.190848
0.188419
0.186020
0.183653
0.181315
0.179008
0.176731
0.174483
0.172263
0.170073
0.167910
0.165775
0.163668
0.161587
0.159534
0.157506
0.155505
0.153529
0.151579
0.149654
0.147754
0.145877
0.144025
0.142197
0.140392
0.138611
0.136852
0.135115
0.133401
0.131709
0.130039
0.128390
0.126762
0.125155
0.123568
0.122002
0.120456
0.118930
0.117423
0.115935
0.114467
0.113017
0.111586
0.110173
0.108778
0.107402
0.106042
0.104700
0.103376
0.102068
0.100777
0.099502
0.098243
0.097001
0.095775
0.094564
0.093369
0.092189
0.091024
0.089874
0.088738
0.087617
0.086511
0.085418
0.084339
0.083275
0.082223
0.081185
0.080161
0.079149
0.078151
0.077165
0.076191
0.075230
0.074282
0.073345
0.072420
0.071507
0.070606
0.069716
0.068837
0.067970
0.067114
0.066268
0.065434
0.064610
0.063796
0.062993
0.062200
0.061417
0.060644
0.059881
0.059127
0.058384
0.057649
0.056924
0.056208
0.055501
0.054803
0.054115
0.053434
0.052763
0.052100
0.051445
0.050799
0.050161
0.049531
0.048908
0.048294
0.047688
0.047089
0.046498
0.045915
0.045338
0.044769
0.044208
0.043653
0.043106
0.042565
0.042031
0.041504
0.040984
0.040470
0.039963
0.039462
0.038967
0.038479
0.037997
0.037521
0.037051
0.036587
0.036129
0.035677
0.035230
0.034789
0.034354
0.033924
0.033499
0.033080
0.032666
0.032258
0.031854
0.031456
0.031063
0.030674
0.030291
0.029912
0.029539
0.029169
0.028805
0.028445
0.028090
0.027739
0.027393
0.027050
0.026713
0.026379
0.026050
0.025725
0.025404
0.025087
0.024774
0.024465
0.024160
0.023858
0.023561
0.023267
0.022977
0.022691
0.022408
0.022128
0.021853
0.021580
0.021312
0.021046
0.020784
0.020525
0.020270
0.020017
0.019768
0.019522
0.019279
0.019039
0.018802
0.018568
0.018337
0.018109
0.017884
0.017661
0.017442
0.017225
0.017011
0.016799
0.016590
0.016384
0.016181
0.015980
0.015781
0.015585
0.015392
0.015200
0.015012
0.014825
0.014641
0.014459
0.014280
0.014103
0.013928
0.013755
0.013584
0.013416
0.013249
0.013085
0.012923
0.012763
0.012604
0.012448
0.012294
0.012142
0.011991
0.011843
0.011696
0.011551
0.011408
0.011267
0.011127
0.010989
0.010853
0.010719
0.010586
0.010455
0.010326
0.010198
0.010072
0.009947
0.009824
0.009703
0.009583
0.009464
0.009347
0.009232
0.009118
0.009005
0.008894
0.008784
0.008675
0.008568
0.008462
0.008358
0.008254
0.008153
0.008052
0.007952
0.007854
0.007757
0.007662
0.007567
0.007474
0.007382
0.007290
0.007201
0.007112
0.007024
0.006937
0.006852
0.006767
0.006684
0.006602
0.006520
0.006440
0.006361
0.006282
0.006205
0.006128
0.006053
0.005978
0.005905
0.005832
0.005760
0.005689
0.005619
0.005550
0.005482
0.005415
0.005348
0.005282
0.005217
0.005153
0.005090
0.005027
0.004965
0.004904
0.004844
0.004784
0.004726
0.004668
0.004610
0.004554
0.004498
0.004442
0.004388
0.004334
0.004281
0.004228
0.004176
0.004125
0.004074
0.004024
0.003975
0.003926
0.003878
0.003831
0.003784
0.003737
0.003691
0.003646
0.003601
0.003557
0.003514
0.003471
0.003428
0.003386
0.003345
0.003304
0.003263
0.003223
0.003184
0.003145
0.003106
0.003068
0.003031
0.002994
0.002957
0.002921
0.002885
0.002850
0.002815
0.002780
0.002746
0.002713
0.002680
0.002647
0.002614
0.002583
0.002551
0.002520
0.002489
0.002459
0.002429
0.002399
0.002370
0.002341
0.002312
0.002284
0.002256
0.002228
0.002201
0.002174
0.002148
0.002122
0.002096
0.002070
0.002045
0.002020
0.001995
0.001971
0.001947
0.001923
0.001900
0.001876
0.001854
0.001831
0.001809
0.001787
0.001765
0.001743
0.001722
0.001701
0.001680
0.001660
0.001640
0.001620
0.001600
0.001581
0.001561
0.001542
0.001524
0.001505
0.001487
0.001469
0.001451
0.001433
0.001416
0.001398
0.001381
0.001365
0.001348
0.001332
0.001315
0.001299
0.001284
0.001268
0.001253
0.001237
0.001222
0.001208
0.001193
0.001178
0.001164
0.001150
0.001136
0.001122
0.001109
0.001095
0.001082
0.001069
0.001056
0.001043
0.001030
0.001018
0.001005
0.000993
0.000981
0.000969
0.000958
0.000946
0.000934
0.000923
0.000912
0.000901
0.000890
0.000879
0.000869
0.000858
0.000848
0.000837
0.000827
0.000817
0.000807
0.000797
0.000788
0.000778
0.000769
0.000760
0.000750
0.000741
0.000732
0.000723
0.000715
0.000706
0.000698
0.000689
0.000681
0.000673
0.000664
0.000656
0.000648
0.000641
0.000633
0.000625
0.000618
0.000610
0.000603
0.000596
0.000588
0.000581
0.000574
0.000567
0.000560
0.000554
0.000547
0.000540
0.000534
0.000527
0.000521
0.000515
0.000509
0.000502
0.000496
0.000490
0.000484
0.000479
0.000473
0.000467
0.000461
0.000456
0.000450
0.000445
0.000440
0.000434
0.000429
0.000424
0.000419
0.000414
0.000409
0.000404
0.000399
0.000394
0.000389
0.000385
0.000380
0.000376
0.000371
0.000367
0.000362
0.000358
0.000353
0.000349
0.000345
0.000341
0.000337
0.000333
0.000329
0.000325
0.000321
0.000317
0.000313
0.000309
0.000306
0.000302
0.000298
0.000295
0.000291
0.000288
0.000284
0.000281
0.000278
0.000274
0.000271
0.000268
0.000264
0.000261
0.000258
0.000255
0.000252
0.000249
0.000246
