62557519.247378
56642948.110509
51287576.817726
46438535.184786
42047951.699051
38072480.914404
34472875.529152
31213598.922304
28262474.323056
25590367.149935
23170897.383559
20980179.133430
18996584.827692
17200531.697830
15574288.450413
14101800.217281
12768530.056018
11561315.435932
10468238.292744
9478507.369095
8582351.679307
7770924.046637
7036213.760714
6370967.492876
5768617.688655
5223217.730478
4729383.230481
4282238.873869
3877370.288017
3510780.462172
3178850.287505
2878302.827936
2606170.969032
2359768.125561
2136661.718542
1934649.159938
1751736.107898
1586116.777885
1436156.115313
1300373.653689
1177428.898902
1066108.095384
965312.243462
874046.249637
791409.102652
716584.978385
648835.185731
587490.873976
531946.429653
481653.497710
436115.567947
394883.073282
357548.951466
323744.626410
293136.369473
265422.004763
240327.925955
217606.395143
197033.097082
178404.924668
161537.973787
146265.727750
132437.413376
119916.512507
108579.414248
98314.194638
89019.511692
80603.604919
72983.389429
66083.635685
59836.226813
54179.486128
49057.568234
44419.907703
40220.719874
36418.548847
32975.858217
29858.660502
27036.181605
24480.557000
22166.556647
20071.335904
18174.210007
16456.449852
14901.097102
13492.796764
12217.645602
11063.054875
10017.626060
9071.038320
8213.946614
7437.889437
6735.205288
6098.957031
5522.863409
5001.237033
4528.928237
4101.274233
3714.053084
3363.442020
3045.979698
2758.532033
2498.261255
2262.597895
2049.215417
1856.007248
1681.065987
1522.664568
1379.239213
1249.373993
1131.786849
1025.316937
928.913166
841.623821
762.587168
691.022947
626.224669
567.552641
514.427648
466.325240
422.770551
383.333612
347.625106
315.292524
286.016685
259.508587
235.506549
213.773634
194.095305
176.277309
160.143758
145.535396
132.308021
120.331066
109.486309
99.666705
90.775331
82.724424
75.434524
68.833678
62.856741
57.444724
52.544215
48.106855
44.088853
40.450562
37.156081
34.172905
31.471601
29.025518
26.810527
24.804780
22.988492
21.343751
19.854339
18.505570
17.284145
16.178027
15.176312
14.269130
13.447544
12.703460
12.029551
11.419182
10.866347
10.365605
9.912031
9.501166
9.128972
8.791793
8.486318
8.209550
7.958774
7.731534
7.525605
7.338970
7.169807
7.016464
6.877444
6.751394
6.637087
6.533413
6.439368
6.354040
6.276606
6.206319
6.142503
6.084548
6.031898
5.984053
5.940557
5.901001
5.865011
5.832250
5.802414
5.775225
5.750433
5.727813
5.707158
5.688283
5.671019
5.655215
5.640733
5.627446
5.615244
5.604022
5.593689
5.584160
5.575359
5.567219
5.559675
5.552673
5.546160
5.540091
5.534423
5.529119
5.524145
5.519469
5.515064
5.510903
5.506963
5.503225
5.499668
5.496276
5.493033
5.489925
5.486939
5.484065
5.481290
5.478607
5.476007
5.473481
5.471023
5.468626
5.466285
5.463994
5.461749
5.459545
5.457380
5.455248
5.453147
5.451074
5.449026
5.447002
5.444999
5.443015
5.441048
5.439096
5.437160
5.435236
5.433324
5.431422
5.429531
5.427648
5.425774
5.423907
5.422047
5.420193
5.418345
5.416502
5.414664
5.412830
5.411000
5.409174
5.407351
5.405531
5.403714
5.401900
5.400089
5.398279
5.396472
5.394667
5.392864
5.391062
5.389262
5.387464
5.385667
5.383871
5.382077
5.380284
5.378492
5.376701
5.374912
5.373123
5.371335
5.369549
5.367763
5.365978
5.364194
5.362411
5.360628
5.358846
5.357066
5.355285
5.353506
5.351727
5.349949
5.348172
5.346396
5.344620
5.342845
5.341070
5.339296
5.337523
5.335750
5.333978
5.332207
5.330436
5.328666
5.326897
5.325128
5.323360
5.321592
5.319826
5.318059
5.316294
5.314528
5.312764
5.311000
5.309237
5.307474
5.305712
5.303950
5.302190
5.300429
5.298670
5.296910
5.295152
5.293394
5.291637
5.289880
5.288124
5.286368
5.284613
5.282859
5.281105
5.279352
5.277600
5.275848
5.274096
5.272345
5.270595
5.268846
5.267096
5.265348
5.263600
5.261853
5.260106
5.258360
5.256615
5.254870
5.253125
5.251381
5.249638
5.247896
5.246154
5.244412
5.242671
5.240931
5.239192
5.237452
5.235714
5.233976
5.232239
5.230502
5.228766
5.227030
5.225295
5.223561
5.221827
5.220094
5.218361
5.216629
5.214897
5.213166
5.211436
5.209706
5.207977
5.206248
5.204520
5.202793
5.201066
5.199340
5.197614
5.195889
5.194164
5.192440
5.190717
5.188994
5.187272
5.185550
5.183829
5.182109
5.180389
5.178669
5.176951
5.175232
5.173515
5.171798
5.170081
5.168365
5.166650
5.164935
5.163221
5.161507
5.159794
5.158082
5.156370
5.154659
5.152948
5.151238
5.149528
5.147819
5.146111
5.144403
5.142696
5.140989
5.139283
5.137577
5.135872
5.134168
5.132464
5.130761
5.129058
5.127356
5.125654
5.123953
5.122253
5.120553
5.118854
5.117155
5.115457
5.113759
5.112062
5.110366
5.108670
5.106974
5.105280
5.103586
5.101892
5.100199
5.098506
5.096815
5.095123
5.093432
5.091742
5.090053
5.088364
5.086675
5.084987
5.083300
5.081613
5.079927
5.078241
5.076556
5.074871
5.073187
5.071504
5.069821
5.068139
5.066457
5.064776
5.063095
5.061415
5.059736
5.058057
5.056379
5.054701
5.053024
5.051347
5.049671
5.047996
5.046321
5.044646
5.042972
5.041299
5.039626
5.037954
5.036283
5.034612
5.032941
5.031271
5.029602
5.027933
5.026265
5.024597
5.022930
5.021263
5.019597
5.017932
5.016267
5.014603
5.012939
5.011276
5.009613
5.007951
5.006290
5.004629
5.002968
5.001308
4.999649
4.997990
4.996332
4.994674
4.993017
4.991361
4.989705
4.988049
4.986395
4.984740
4.983087
4.981433
4.979781
4.978129
4.976477
4.974826
4.973176
4.971526
4.969876
4.968228
4.966579
4.964932
4.963285
4.961638
4.959992
4.958347
4.956702
4.955057
4.953414
4.951770
4.950128
4.948486
4.946844
4.945203
4.943562
4.941922
4.940283
4.938644
4.937006
4.935368
4.933731
4.932094
4.930458
4.928823
4.927188
4.925553
4.923919
4.922286
4.920653
4.919021
4.917389
4.915758
4.914127
4.912497
4.910868
4.909239
4.907610
4.905982
4.904355
4.902728
4.901102
4.899476
4.897851
4.896227
4.894602
4.892979
4.891356
4.889734
4.888112
4.886490
4.884869
4.883249
4.881629
4.880010
4.878392
4.876774
4.875156
4.873539
4.871922
4.870307
4.868691
4.867076
4.865462
4.863848
4.862235
4.860622
4.859010
4.857399
4.855788
4.854177
4.852567
4.850958
4.849349
4.847740
4.846133
4.844525
4.842919
4.841312
4.839707
4.838101
4.836497
4.834893
4.833289
4.831686
4.830084
4.828482
4.826881
4.825280
4.823680
4.822080
4.820481
4.818882
4.817284
4.815686
4.814089
4.812492
4.810896
4.809301
4.807706
4.806112
4.804518
4.802924
4.801332
4.799739
4.798148
4.796556
4.794966
4.793376
4.791786
4.790197
4.788608
4.787020
4.785433
4.783846
4.782260
4.780674
4.779088
4.777504
4.775919
4.774336
4.772752
4.771170
4.769587
4.768006
4.766425
4.764844
4.763264
4.761685
4.760106
4.758527
4.756949
4.755372
4.753795
4.752219
4.750643
4.749068
4.747493
4.745919
4.744345
4.742772
4.741199
4.739627
4.738055
4.736484
4.734914
4.733344
4.731774
4.730205
4.728637
4.727069
4.725502
4.723935
4.722368
4.720803
4.719237
4.717673
4.716108
4.714545
4.712981
4.711419
4.709857
4.708295
4.706734
4.705173
4.703613
4.702054
4.700495
4.698936
4.697378
4.695821
4.694264
4.692708
4.691152
4.689596
4.688042
4.686487
4.684934
4.683380
4.681828
4.680275
4.678724
4.677172
4.675622
4.674072
4.672522
4.670973
4.669424
4.667876
4.666329
4.664782
4.663235
4.661689
4.660144
4.658599
4.657054
4.655510
4.653967
4.652424
4.650882
4.649340
4.647799
4.646258
4.644717
4.643178
4.641638
4.640100
4.638561
4.637024
4.635486
4.633950
4.632414
4.630878
4.629343
4.627808
4.626274
4.624740
4.623207
4.621675
4.620143
4.618611
4.617080
4.615549
4.614019
4.612490
4.610961
4.609432
4.607905
4.606377
4.604850
4.603324
4.601798
4.600272
4.598747
4.597223
4.595699
4.594176
4.592653
4.591131
4.589609
4.588087
4.586567
4.585046
4.583527
4.582007
4.580488
4.578970
4.577452
4.575935
4.574418
4.572902
4.571386
4.569871
4.568357
4.566842
4.565329
4.563815
4.562303
4.560791
4.559279
4.557768
4.556257
4.554747
4.553237
4.551728
4.550220
4.548711
4.547204
4.545697
4.544190
4.542684
4.541178
4.539673
4.538169
4.536665
4.535161
4.533658
4.532155
4.530653
4.529152
4.527651
