62648323.235063
4071624.554850
264628.485271
17205.503308
1125.031474
79.889728
11.918973
7.456433
7.121690
7.055519
7.007102
6.960136
6.913560
6.867303
6.821358
6.775724
6.730398
6.685377
6.640660
6.596245
6.552130
6.508312
6.464790
6.421561
6.378624
6.335976
6.293616
6.251542
6.209751
6.168242
6.127013
6.086062
6.045387
6.004986
5.964858
5.925000
5.885411
5.846088
5.807031
5.768236
5.729703
5.691430
5.653415
5.615656
5.578151
5.540898
5.503897
5.467145
5.430641
5.394382
5.358368
5.322596
5.287065
5.251773
5.216719
5.181901
5.147317
5.112966
5.078846
5.044956
5.011294
4.977859
4.944649
4.911662
4.878897
4.846353
4.814027
4.781919
4.750027
4.718350
4.686886
4.655633
4.624591
4.593757
4.563131
4.532711
4.502495
4.472482
4.442672
4.413061
4.383650
4.354437
4.325419
4.296597
4.267969
4.239533
4.211288
4.183233
4.155367
4.127688
4.100194
4.072886
4.045761
4.018818
3.992056
3.965474
3.939071
3.912845
3.886795
3.860919
3.835218
3.809689
3.784332
3.759145
3.734127
3.709277
3.684594
3.660076
3.635724
3.611534
3.587507
3.563641
3.539935
3.516389
3.493000
3.469769
3.446693
3.423772
3.401004
3.378390
3.355927
3.333615
3.311452
3.289439
3.267572
3.245853
3.224279
3.202849
3.181564
3.160421
3.139419
3.118559
3.097838
3.077257
3.056813
3.036506
3.016335
2.996300
2.976399
2.956631
2.936995
2.917491
2.898118
2.878875
2.859760
2.840773
2.821914
2.803181
2.784573
2.766090
2.747731
2.729495
2.711380
2.693387
2.675515
2.657762
2.640128
2.622612
2.605213
2.587931
2.570764
2.553713
2.536775
2.519950
2.503239
2.486639
2.470150
2.453771
2.437502
2.421342
2.405290
2.389345
2.373507
2.357774
2.342147
2.326625
2.311206
2.295890
2.280677
2.265565
2.250555
2.235644
2.220834
2.206122
2.191509
2.176993
2.162575
2.148252
2.134026
2.119894
2.105857
2.091913
2.078063
2.064305
2.050640
2.037065
2.023581
2.010187
1.996883
1.983667
1.970540
1.957500
1.944547
1.931681
1.918901
1.906206
1.893595
1.881069
1.868627
1.856267
1.843990
1.831795
1.819681
1.807648
1.795696
1.783823
1.772029
1.760314
1.748677
1.737118
1.725636
1.714230
1.702900
1.691646
1.680467
1.669363
1.658332
1.647375
1.636491
1.625680
1.614941
1.604273
1.593676
1.583150
1.572695
1.562308
1.551991
1.541743
1.531563
1.521451
1.511406
1.501428
1.491517
1.481671
1.471892
1.462177
1.452527
1.442941
1.433419
1.423960
1.414565
1.405232
1.395961
1.386752
1.377604
1.368517
1.359490
1.350524
1.341617
1.332769
1.323980
1.315250
1.306578
1.297964
1.289406
1.280906
1.272462
1.264075
1.255743
1.247467
1.239245
1.231079
1.222966
1.214908
1.206903
1.198951
1.191053
1.183206
1.175412
1.167670
1.159979
1.152339
1.144750
1.137211
1.129723
1.122284
1.114895
1.107555
1.100263
1.093020
1.085825
1.078678
1.071578
1.064526
1.057520
1.050561
1.043648
1.036781
1.029959
1.023183
1.016452
1.009765
1.003123
0.996525
0.989970
0.983460
0.976992
0.970567
0.964185
0.957845
0.951548
0.945292
0.939077
0.932904
0.926772
0.920680
0.914629
0.908618
0.902647
0.896715
0.890823
0.884970
0.879155
0.873379
0.867642
0.861942
0.856281
0.850656
0.845069
0.839519
0.834006
0.828529
0.823089
0.817685
0.812316
0.806983
0.801686
0.796423
0.791195
0.786002
0.780844
0.775719
0.770629
0.765572
0.760548
0.755558
0.750601
0.745677
0.740785
0.735926
0.731098
0.726303
0.721540
0.716808
0.712107
0.707438
0.702799
0.698191
0.693613
0.689066
0.684549
0.680062
0.675604
0.671176
0.666777
0.662408
0.658067
0.653755
0.649471
0.645216
0.640989
0.636789
0.632618
0.628474
0.624358
0.620268
0.616206
0.612171
0.608162
0.604180
0.600224
0.596294
0.592390
0.588512
0.584659
0.580832
0.577030
0.573254
0.569502
0.565775
0.562073
0.558395
0.554741
0.551112
0.547506
0.543925
0.540367
0.536832
0.533321
0.529833
0.526368
0.522925
0.519506
0.516109
0.512734
0.509382
0.506052
0.502744
0.499457
0.496193
0.492950
0.489728
0.486527
0.483348
0.480189
0.477052
0.473935
0.470838
0.467762
0.464707
0.461671
0.458656
0.455660
0.452684
0.449728
0.446791
0.443873
0.440975
0.438096
0.435236
0.432394
0.429572
0.426768
0.423982
0.421215
0.418466
0.415735
0.413022
0.410327
0.407649
0.404990
0.402348
0.399723
0.397115
0.394525
0.391951
0.389395
0.386856
0.384333
0.381826
0.379337
0.376863
0.374406
0.371965
0.369540
0.367131
0.364738
0.362361
0.359999
0.357653
0.355322
0.353007
0.350707
0.348422
0.346152
0.343896
0.341656
0.339431
0.337220
0.335023
0.332841
0.330673
0.328520
0.326381
0.324256
0.322144
0.320047
0.317963
0.315893
0.313837
0.311794
0.309765
0.307749
0.305746
0.303756
0.301780
0.299816
0.297865
0.295928
0.294002
0.292090
0.290190
0.288302
0.286427
0.284564
0.282714
0.280875
0.279049
0.277234
0.275432
0.273641
0.271862
0.270095
0.268339
0.266595
0.264862
0.263141
0.261431
0.259732
0.258044
0.256367
0.254702
0.253047
0.251403
0.249770
0.248147
0.246536
0.244934
0.243344
0.241763
0.240193
0.238634
0.237084
0.235545
0.234016
0.232496
0.230987
0.229488
0.227998
0.226518
0.225048
0.223588
0.222137
0.220696
0.219264
0.217841
0.216428
0.215024
0.213629
0.212243
0.210866
0.209499
0.208140
0.206790
0.205449
0.204117
0.202794
0.201479
0.200173
0.198875
0.197586
0.196305
0.195033
0.193769
0.192513
0.191265
0.190026
0.188794
0.187571
0.186356
0.185149
0.183949
0.182758
0.181574
0.180398
0.179229
0.178069
0.176915
0.175770
0.174632
0.173501
0.172378
0.171262
0.170153
0.169052
0.167957
0.166870
0.165790
0.164717
0.163651
0.162592
0.161540
0.160495
0.159457
0.158425
0.157400
0.156382
0.155371
0.154366
0.153367
0.152375
0.151390
0.150411
0.149438
0.148472
0.147512
0.146559
0.145611
0.144670
0.143735
0.142806
0.141883
0.140966
0.140055
0.139150
0.138251
0.137358
0.136470
0.135588
0.134713
0.133842
0.132978
0.132119
0.131266
0.130418
0.129576
0.128739
0.127908
0.127082
0.126261
0.125446
0.124636
0.123832
0.123033
0.122239
0.121450
0.120666
0.119887
0.119113
0.118345
0.117581
0.116823
0.116069
0.115320
0.114576
0.113837
0.113103
0.112374
0.111649
0.110929
0.110214
0.109503
0.108797
0.108096
0.107399
0.106706
0.106018
0.105335
0.104656
0.103982
0.103312
0.102646
0.101984
0.101327
0.100674
0.100026
0.099381
0.098741
0.098105
0.097473
0.096845
0.096222
0.095602
0.094986
0.094375
0.093767
0.093163
0.092563
0.091968
0.091375
0.090787
0.090203
0.089622
0.089046
0.088472
0.087903
0.087337
0.086775
0.086217
0.085662
0.085111
0.084564
0.084020
0.083479
0.082942
0.082409
0.081879
0.081353
0.080829
0.080310
0.079793
0.079280
0.078771
0.078264
0.077761
0.077261
0.076765
0.076271
0.075781
0.075294
0.074810
0.074330
0.073852
0.073378
0.072906
0.072438
0.071972
0.071510
0.071051
0.070595
0.070141
0.069691
0.069243
0.068799
0.068357
0.067918
0.067482
0.067049
0.066618
0.066191
0.065766
0.065344
0.064924
0.064508
0.064094
0.063683
0.063274
0.062868
0.062465
0.062064
0.061666
0.061270
0.060877
0.060487
0.060099
0.059713
0.059331
0.058950
0.058572
0.058197
0.057823
0.057453
0.057084
0.056719
0.056355
0.055994
0.055635
0.055278
0.054924
0.054572
0.054223
0.053875
0.053530
0.053187
0.052846
0.052508
0.052172
0.051837
0.051505
0.051176
0.050848
0.050522
0.050199
0.049877
0.049558
0.049241
0.048926
0.048612
0.048301
0.047992
0.047685
0.047380
0.047076
0.046775
0.046476
0.046179
0.045883
0.045590
0.045298
0.045008
0.044720
0.044434
0.044150
0.043868
0.043587
0.043308
0.043032
0.042756
0.042483
0.042211
0.041942
0.041673
0.041407
0.041142
0.040879
0.040618
0.040359
0.040101
0.039845
0.039590
