62648323.235063
20077790.624321
6434615.804869
2062196.476718
660906.001299
211814.800870
67888.237822
21762.059955
6979.341215
2241.699794
723.345008
236.720134
80.748239
30.745383
14.703962
9.546690
7.877668
7.326628
7.133937
7.056146
7.015233
6.986192
6.961010
6.937119
6.913694
6.890472
6.867369
6.844356
6.821425
6.798573
6.775798
6.753101
6.730480
6.707936
6.685468
6.663076
6.640759
6.618518
6.596352
6.574261
6.552244
6.530302
6.508434
6.486640
6.464919
6.443272
6.421698
6.400197
6.378768
6.357412
6.336128
6.314916
6.293775
6.272706
6.251708
6.230781
6.209924
6.189138
6.168422
6.147776
6.127200
6.106693
6.086256
6.065887
6.045587
6.025356
6.005193
5.985098
5.965071
5.945111
5.925219
5.905394
5.885636
5.865945
5.846320
5.826761
5.807268
5.787841
5.768480
5.749184
5.729953
5.710787
5.691685
5.672648
5.653675
5.634767
5.615922
5.597140
5.578422
5.559768
5.541176
5.522646
5.504180
5.485775
5.467433
5.449152
5.430933
5.412776
5.394680
5.376645
5.358670
5.340757
5.322903
5.305110
5.287377
5.269704
5.252090
5.234536
5.217041
5.199604
5.182227
5.164908
5.147648
5.130445
5.113301
5.096215
5.079186
5.062214
5.045300
5.028443
5.011642
4.994899
4.978211
4.961580
4.945005
4.928486
4.912022
4.895614
4.879261
4.862963
4.846720
4.830532
4.814399
4.798320
4.782295
4.766324
4.750406
4.734543
4.718733
4.702976
4.687272
4.671621
4.656023
4.640477
4.624984
4.609542
4.594153
4.578816
4.563530
4.548296
4.533113
4.517981
4.502901
4.487870
4.472891
4.457962
4.443083
4.428255
4.413476
4.398747
4.384068
4.369438
4.354857
4.340325
4.325843
4.311409
4.297023
4.282686
4.268397
4.254157
4.239964
4.225819
4.211722
4.197672
4.183669
4.169714
4.155805
4.141944
4.128128
4.114360
4.100638
4.086961
4.073331
4.059747
4.046208
4.032715
4.019268
4.005865
3.992508
3.979196
3.965928
3.952705
3.939527
3.926393
3.913303
3.900257
3.887254
3.874296
3.861381
3.848510
3.835682
3.822897
3.810155
3.797456
3.784799
3.772185
3.759614
3.747085
3.734598
3.722153
3.709749
3.697388
3.685068
3.672789
3.660552
3.648356
3.636200
3.624086
3.612012
3.599979
3.587987
3.576034
3.564122
3.552250
3.540418
3.528625
3.516872
3.505159
3.493485
3.481850
3.470255
3.458698
3.447180
3.435701
3.424260
3.412858
3.401494
3.390168
3.378880
3.367631
3.356419
3.345244
3.334107
3.323008
3.311946
3.300921
3.289933
3.278982
3.268067
3.257190
3.246349
3.235544
3.224775
3.214043
3.203347
3.192686
3.182062
3.171473
3.160920
3.150402
3.139919
3.129472
3.119059
3.108682
3.098339
3.088031
3.077758
3.067519
3.057315
3.047145
3.037009
3.026907
3.016838
3.006804
2.996803
2.986836
2.976903
2.967002
2.957135
2.947301
2.937500
2.927732
2.917996
2.908294
2.898623
2.888986
2.879380
2.869807
2.860266
2.850757
2.841280
2.831834
2.822420
2.813038
2.803688
2.794368
2.785080
2.775823
2.766597
2.757402
2.748238
2.739105
2.730002
2.720929
2.711888
2.702876
2.693895
2.684943
2.676022
2.667131
2.658269
2.649437
2.640635
2.631862
2.623119
2.614405
2.605720
2.597065
2.588438
2.579840
2.571271
2.562731
2.554219
2.545736
2.537281
2.528855
2.520457
2.512087
2.503745
2.495431
2.487145
2.478886
2.470655
2.462452
2.454276
2.446128
2.438007
2.429913
2.421847
2.413807
2.405794
2.397808
2.389849
2.381916
2.374010
2.366131
2.358278
2.350451
2.342650
2.334876
2.327127
2.319405
2.311708
2.304037
2.296392
2.288772
2.281178
2.273609
2.266066
2.258548
2.251055
2.243587
2.236144
2.228726
2.221333
2.213965
2.206621
2.199302
2.192007
2.184737
2.177491
2.170269
2.163072
2.155898
2.148749
2.141623
2.134521
2.127443
2.120389
2.113358
2.106351
2.099368
2.092407
2.085470
2.078556
2.071666
2.064798
2.057953
2.051131
2.044332
2.037556
2.030802
2.024071
2.017363
2.010677
2.004013
1.997371
1.990752
1.984155
1.977580
1.971027
1.964496
1.957986
1.951499
1.945033
1.938589
1.932166
1.925765
1.919385
1.913026
1.906689
1.900373
1.894078
1.887804
1.881551
1.875319
1.869107
1.862917
1.856747
1.850598
1.844469
1.838361
1.832273
1.826206
1.820158
1.814131
1.808125
1.802138
1.796171
1.790224
1.784297
1.778390
1.772502
1.766635
1.760786
1.754958
1.749149
1.743359
1.737588
1.731837
1.726105
1.720392
1.714699
1.709024
1.703368
1.697731
1.692113
1.686514
1.680933
1.675371
1.669827
1.664302
1.658796
1.653308
1.647838
1.642386
1.636953
1.631538
1.626141
1.620761
1.615400
1.610057
1.604732
1.599424
1.594134
1.588862
1.583607
1.578370
1.573150
1.567948
1.562763
1.557595
1.552445
1.547311
1.542195
1.537096
1.532014
1.526949
1.521901
1.516869
1.511855
1.506857
1.501876
1.496911
1.491963
1.487032
1.482117
1.477218
1.472336
1.467470
1.462620
1.457786
1.452969
1.448167
1.443382
1.438612
1.433859
1.429121
1.424399
1.419693
1.415002
1.410327
1.405668
1.401024
1.396396
1.391783
1.387185
1.382603
1.378036
1.373485
1.368948
1.364427
1.359920
1.355429
1.350953
1.346491
1.342045
1.337613
1.333196
1.328794
1.324406
1.320033
1.315675
1.311331
1.307001
1.302686
1.298386
1.294099
1.289827
1.285569
1.281326
1.277096
1.272881
1.268679
1.264492
1.260319
1.256159
1.252013
1.247881
1.243763
1.239659
1.235568
1.231491
1.227427
1.223377
1.219341
1.215318
1.211308
1.207312
1.203329
1.199359
1.195402
1.191459
1.187528
1.183611
1.179707
1.175816
1.171938
1.168072
1.164220
1.160380
1.156553
1.152739
1.148938
1.145149
1.141373
1.137609
1.133858
1.130119
1.126393
1.122679
1.118978
1.115289
1.111612
1.107947
1.104295
1.100654
1.097026
1.093410
1.089806
1.086214
1.082634
1.079065
1.075509
1.071965
1.068432
1.064911
1.061401
1.057904
1.054418
1.050943
1.047480
1.044029
1.040589
1.037161
1.033744
1.030338
1.026944
1.023560
1.020189
1.016828
1.013478
1.010140
1.006813
1.003497
1.000191
0.996897
0.993614
0.990342
0.987080
0.983830
0.980590
0.977361
0.974142
0.970935
0.967738
0.964551
0.961376
0.958210
0.955056
0.951911
0.948778
0.945654
0.942541
0.939439
0.936346
0.933264
0.930192
0.927131
0.924079
0.921038
0.918007
0.914985
0.911974
0.908973
0.905982
0.903001
0.900029
0.897068
0.894116
0.891174
0.888242
0.885320
0.882407
0.879504
0.876611
0.873727
0.870853
0.867988
0.865133
0.862287
0.859451
0.856624
0.853807
0.850999
0.848200
0.845411
0.842630
0.839859
0.837098
0.834345
0.831602
0.828867
0.826142
0.823426
0.820718
0.818020
0.815331
0.812650
0.809979
0.807316
0.804662
0.802017
0.799381
0.796753
0.794135
0.791525
0.788923
0.786330
0.783746
0.781170
0.778603
0.776045
0.773494
0.770953
0.768420
0.765895
0.763378
0.760870
0.758370
0.755879
0.753395
0.750920
0.748454
0.745995
0.743544
0.741102
0.738668
0.736241
0.733823
0.731413
0.729011
0.726617
0.724230
0.721852
0.719481
0.717119
0.714764
0.712417
0.710078
0.707746
0.705422
0.703106
0.700798
0.698497
0.696204
0.693919
0.691641
0.689370
0.687107
0.684852
0.682604
0.680363
0.678130
0.675905
0.673686
0.671475
0.669272
0.667075
0.664886
0.662705
0.660530
0.658363
0.656202
0.654049
0.651903
0.649765
0.647633
0.645508
0.643390
0.641280
0.639176
0.637079
0.634990
0.632907
0.630831
0.628762
0.626699
0.624644
0.622595
0.620554
0.618519
0.616490
0.614469
0.612454
0.610445
0.608444
0.606449
0.604460
0.602478
0.600503
0.598534
0.596572
0.594617
0.592667
0.590724
0.588788
0.586858
0.584934
0.583017
0.581106
0.579202
0.577303
0.575411
0.573526
0.571646
0.569773
0.567906
0.566045
0.564190
0.562341
0.560499
0.558662
0.556832
0.555008
0.553189
0.551377
0.549571
0.547771
0.545976
0.544188
0.542405
0.540629
0.538858
0.537093
0.535334
0.533581
0.531833
0.530091
0.528355
