62726729.628880
62726729.628880
51268790.324282
41903808.614827
34249475.659452
27993316.831742
22879935.495096
18700586.886017
15284656.477762
12492694.943558
10210725.384089
8345590.421840
6821149.215664
5575169.145396
4556785.275025
3724423.881503
3044105.280913
2488056.667875
2033578.339811
1662117.021669
1358508.461233
1110358.375303
907536.474968
741762.914454
606270.281037
495527.327371
405013.168081
331032.722602
270565.870040
221144.158068
180750.032720
147734.475311
120749.684165
98694.052988
80667.199737
65933.210115
53890.595167
44047.736556
36002.817113
29427.417361
24053.108371
19660.493619
16070.252520
13135.819972
10737.403100
8777.090925
7174.857315
5865.294065
4794.940721
3920.102148
3205.064759
2620.638568
2142.965558
1752.545726
1433.441021
1172.624710
959.449578
785.213279
642.803074
526.405470
431.268891
353.509705
289.953681
238.006408
195.547381
160.843436
132.477995
109.293240
90.342845
74.853342
62.192552
51.843769
43.384671
36.470083
30.817876
26.197459
22.420362
19.332540
16.808088
14.744099
13.056462
11.676433
10.547822
9.624705
8.869546
8.251665
7.745987
7.332018
6.993004
6.715256
6.487583
6.300837
6.147545
6.021594
5.917992
5.832657
5.762251
5.704050
5.655823
5.615749
5.582340
5.554378
5.530868
5.510999
5.494105
5.479644
5.467171
5.456324
5.446806
5.438375
5.430832
5.424016
5.417795
5.412060
5.406723
5.401712
5.396968
5.392441
5.388094
5.383893
5.379813
5.375831
5.371931
5.368097
5.364318
5.360585
5.356889
5.353224
5.349585
5.345967
5.342368
5.338784
5.335212
5.331652
5.328101
5.324557
5.321021
5.317491
5.313967
5.310447
5.306932
5.303421
5.299914
5.296410
5.292909
5.289412
5.285917
5.282425
5.278936
5.275450
5.271966
5.268485
5.265006
5.261530
5.258056
5.254585
5.251116
5.247649
5.244185
5.240723
5.237263
5.233806
5.230351
5.226898
5.223448
5.220000
5.216554
5.213111
5.209670
5.206231
5.202794
5.199360
5.195928
5.192498
5.189071
5.185646
5.182223
5.178803
5.175384
5.171968
5.168555
5.165143
5.161734
5.158327
5.154923
5.151520
5.148120
5.144722
5.141327
5.137933
5.134542
5.131153
5.127767
5.124383
5.121001
5.117621
5.114243
5.110868
5.107495
5.104124
5.100755
5.097389
5.094025
5.090663
5.087303
5.083946
5.080591
5.077238
5.073887
5.070539
5.067193
5.063849
5.060507
5.057167
5.053830
5.050495
5.047162
5.043831
5.040503
5.037176
5.033852
5.030530
5.027211
5.023893
5.020578
5.017265
5.013954
5.010646
5.007339
5.004035
5.000733
4.997433
4.994136
4.990840
4.987547
4.984256
4.980967
4.977680
4.974396
4.971114
4.967834
4.964556
4.961280
4.958006
4.954735
4.951466
4.948199
4.944934
4.941671
4.938410
4.935152
4.931896
4.928642
4.925390
4.922140
4.918893
4.915647
4.912404
4.909163
4.905924
4.902687
4.899453
4.896220
4.892990
4.889762
4.886536
4.883312
4.880090
4.876870
4.873653
4.870438
4.867224
4.864013
4.860805
4.857598
4.854393
4.851191
4.847990
4.844792
4.841596
4.838402
4.835210
4.832020
4.828833
4.825647
4.822464
4.819282
4.816103
4.812926
4.809751
4.806578
4.803408
4.800239
4.797073
4.793908
4.790746
4.787586
4.784428
4.781272
4.778118
4.774966
4.771816
4.768669
4.765523
4.762380
4.759238
4.756099
4.752962
4.749827
4.746694
4.743563
4.740434
4.737307
4.734183
4.731060
4.727940
4.724821
4.721705
4.718590
4.715478
4.712368
4.709260
4.706154
4.703050
4.699948
4.696848
4.693750
4.690655
4.687561
4.684470
4.681380
4.678292
4.675207
4.672124
4.669042
4.665963
4.662886
4.659811
4.656737
4.653666
4.650597
4.647530
4.644465
4.641402
4.638341
4.635282
4.632226
4.629171
4.626118
4.623067
4.620018
4.616972
4.613927
4.610884
4.607844
4.604805
4.601769
4.598734
4.595701
4.592671
4.589642
4.586616
4.583591
4.580569
4.577548
4.574530
4.571513
4.568499
4.565486
4.562476
4.559467
4.556461
4.553457
4.550454
4.547454
4.544455
4.541459
4.538464
4.535472
4.532481
4.529493
4.526506
4.523521
4.520539
4.517558
4.514580
4.511603
4.508628
4.505656
4.502685
4.499716
4.496749
4.493785
4.490822
4.487861
4.484902
4.481945
4.478990
4.476037
4.473086
4.470137
4.467190
4.464245
4.461302
4.458360
4.455421
4.452484
4.449548
4.446615
4.443684
4.440754
4.437826
4.434901
4.431977
4.429055
4.426135
4.423218
4.420302
4.417388
4.414476
4.411566
4.408657
4.405751
4.402847
4.399944
4.397044
4.394145
4.391249
4.388354
4.385461
4.382570
4.379681
4.376794
4.373909
4.371026
4.368145
4.365266
4.362388
4.359513
4.356639
4.353767
4.350898
4.348030
4.345164
4.342300
4.339437
4.336577
4.333719
4.330862
4.328008
4.325155
4.322304
4.319455
4.316608
4.313763
4.310920
4.308079
4.305239
4.302402
4.299566
4.296732
4.293900
4.291070
4.288242
4.285416
4.282591
4.279769
4.276948
4.274130
4.271313
4.268498
4.265684
4.262873
4.260064
4.257256
4.254451
4.251647
4.248845
4.246045
4.243246
4.240450
4.237656
4.234863
4.232072
4.229283
4.226496
4.223711
4.220927
4.218146
4.215366
4.212588
4.209812
4.207038
4.204266
4.201495
4.198727
4.195960
4.193195
4.190432
4.187670
4.184911
4.182153
4.179397
4.176643
4.173891
4.171141
4.168392
4.165646
4.162901
4.160158
4.157417
4.154677
4.151940
4.149204
4.146470
4.143738
4.141008
4.138279
4.135553
4.132828
4.130105
4.127383
4.124664
4.121946
4.119231
4.116517
4.113804
4.111094
4.108385
4.105679
4.102973
4.100270
4.097569
4.094869
4.092171
4.089475
4.086781
4.084089
4.081398
4.078709
4.076022
4.073337
4.070653
4.067971
4.065291
4.062613
4.059937
4.057262
4.054589
4.051918
4.049249
4.046581
4.043915
4.041251
4.038589
4.035929
4.033270
4.030613
4.027958
4.025304
4.022653
4.020003
4.017355
4.014708
4.012064
4.009421
4.006780
4.004140
4.001503
3.998867
3.996233
3.993600
3.990970
3.988341
3.985714
3.983089
3.980465
3.977843
3.975223
3.972604
3.969988
3.967373
3.964760
3.962148
3.959538
3.956930
3.954324
3.951720
3.949117
3.946516
3.943916
3.941319
3.938723
3.936129
3.933536
3.930946
3.928357
3.925769
3.923184
3.920600
3.918018
3.915437
3.912859
3.910282
3.907706
3.905133
3.902561
3.899991
3.897422
3.894855
3.892290
3.889727
3.887165
3.884605
3.882047
3.879491
3.876936
3.874382
3.871831
3.869281
3.866733
3.864187
3.861642
3.859099
3.856558
3.854018
3.851480
3.848944
3.846409
3.843876
3.841345
3.838816
3.836288
3.833762
3.831237
3.828714
3.826193
3.823674
3.821156
3.818640
3.816125
3.813612
3.811101
3.808592
3.806084
3.803578
3.801073
3.798570
3.796069
3.793570
3.791072
3.788576
3.786081
3.783588
3.781097
3.778608
3.776120
3.773634
3.771149
3.768666
3.766185
3.763705
3.761227
3.758751
3.756276
3.753803
3.751331
3.748862
3.746393
3.743927
3.741462
3.738999
3.736537
3.734077
3.731619
3.729162
3.726707
3.724253
3.721802
3.719351
3.716903
3.714456
3.712010
3.709567
3.707125
3.704684
3.702245
3.699808
3.697372
3.694938
3.692506
3.690075
3.687646
3.685219
3.682793
3.680368
3.677946
3.675524
3.673105
3.670687
3.668271
3.665856
3.663443
3.661031
3.658622
3.656213
3.653807
3.651401
3.648998
3.646596
3.644196
3.641797
3.639400
3.637004
3.634610
3.632218
3.629827
3.627438
3.625050
3.622664
3.620280
3.617897
3.615516
3.613136
3.610758
3.608382
3.606007
3.603633
3.601261
3.598891
3.596522
3.594155
3.591790
3.589426
3.587063
3.584703
3.582343
3.579986
3.577630
3.575275
3.572922
3.570571
3.568221
3.565872
3.563526
3.561180
3.558837
3.556495
3.554154
3.551815
3.549478
3.547142
3.544807
3.542475
3.540143
3.537814
3.535485
3.533159
3.530834
3.528510
3.526188
3.523868
3.521549
3.519232
3.516916
3.514601
3.512289
3.509977
3.507668
3.505360
3.503053
3.500748
3.498444
3.496142
3.493842
3.491543
3.489245
3.486949
3.484655
3.482362
3.480071
3.477781
3.475492
3.473206
3.470920
3.468636
3.466354
3.464073
3.461794
3.459516
3.457240
3.454965
3.452692
3.450421
3.448150
3.445882
3.443614
3.441349
3.439085
3.436822
