62683821.111463
18304.757328
11.384129
5.924340
5.805962
5.691475
5.579267
5.469293
5.361507
5.255864
5.152323
5.050841
4.951376
4.853888
4.758338
4.664686
4.572895
4.482927
4.394745
4.308314
4.223599
4.140565
4.059179
3.979408
3.901219
3.824580
3.749461
3.675831
3.603661
3.532921
3.463582
3.395617
3.328998
3.263698
3.199691
3.136950
3.075452
3.015170
2.956081
2.898161
2.841386
2.785733
2.731181
2.677706
2.625289
2.573907
2.523540
2.474168
2.425770
2.378328
2.331823
2.286235
2.241547
2.197740
2.154797
2.112701
2.071435
2.030982
1.991327
1.952453
1.914345
1.876988
1.840366
1.804465
1.769271
1.734770
1.700948
1.667791
1.635286
1.603421
1.572182
1.541558
1.511535
1.482103
1.453248
1.424961
1.397229
1.370042
1.343389
1.317259
1.291642
1.266527
1.241906
1.217767
1.194101
1.170900
1.148154
1.125853
1.103990
1.082555
1.061540
1.040936
1.020736
1.000932
0.981515
0.962478
0.943814
0.925515
0.907574
0.889984
0.872738
0.855829
0.839251
0.822997
0.807060
0.791434
0.776114
0.761093
0.746366
0.731925
0.717767
0.703885
0.690274
0.676929
0.663843
0.651013
0.638433
0.626099
0.614005
0.602146
0.590519
0.579118
0.567939
0.556977
0.546230
0.535691
0.525358
0.515225
0.505290
0.495548
0.485995
0.476629
0.467444
0.458438
0.449607
0.440947
0.432456
0.424130
0.415965
0.407959
0.400108
0.392410
0.384861
0.377459
0.370200
0.363082
0.356102
0.349258
0.342546
0.335964
0.329510
0.323181
0.316974
0.310888
0.304919
0.299067
0.293327
0.287699
0.282179
0.276766
0.271458
0.266253
0.261148
0.256142
0.251233
0.246419
0.241697
0.237067
0.232527
0.228074
0.223707
0.219424
0.215224
0.211105
0.207066
0.203105
0.199220
0.195409
0.191673
0.188008
0.184415
0.180890
0.177433
0.174043
0.170718
0.167458
0.164260
0.161123
0.158047
0.155031
0.152072
0.149170
0.146324
0.143533
0.140796
0.138111
0.135478
0.132895
0.130362
0.127878
0.125441
0.123051
0.120707
0.118409
0.116154
0.113942
0.111773
0.109646
0.107560
0.105513
0.103506
0.101537
0.099606
0.097712
0.095854
0.094032
0.092245
0.090492
0.088773
0.087086
0.085432
0.083810
0.082219
0.080658
0.079127
0.077625
0.076152
0.074707
0.073290
0.071900
0.070536
0.069199
0.067887
0.066600
0.065338
0.064099
0.062885
0.061694
0.060525
0.059379
0.058254
0.057151
0.056070
0.055008
0.053967
0.052946
0.051945
0.050962
0.049998
0.049053
0.048125
0.047215
0.046323
0.045448
0.044589
0.043746
0.042920
0.042109
0.041314
0.040534
0.039769
0.039018
0.038282
0.037559
0.036851
0.036155
0.035473
0.034804
0.034148
0.033504
0.032873
0.032253
0.031645
0.031049
0.030464
0.029890
0.029327
0.028775
0.028233
0.027701
0.027180
0.026668
0.026167
0.025674
0.025191
0.024717
0.024252
0.023796
0.023349
0.022910
0.022479
0.022057
0.021642
0.021236
0.020837
0.020445
0.020061
0.019685
0.019315
0.018952
0.018597
0.018248
0.017905
0.017569
0.017240
0.016916
0.016599
0.016288
0.015982
0.015683
0.015389
0.015100
0.014817
0.014540
0.014267
0.014000
0.013738
0.013481
0.013228
0.012981
0.012738
0.012499
0.012265
0.012036
0.011811
0.011590
0.011373
0.011160
0.010951
0.010747
0.010546
0.010349
0.010155
0.009966
0.009779
0.009597
0.009417
0.009242
0.009069
0.008900
0.008733
0.008570
0.008410
0.008254
0.008100
0.007948
0.007800
0.007655
0.007512
0.007372
0.007234
0.007099
0.006967
0.006837
0.006710
0.006585
0.006462
0.006342
0.006224
0.006108
0.005994
0.005882
0.005773
0.005665
0.005560
0.005457
0.005355
0.005255
0.005158
0.005062
0.004968
0.004875
0.004785
0.004696
0.004608
0.004523
0.004439
0.004356
0.004275
0.004196
0.004118
0.004041
0.003966
0.003893
0.003820
0.003750
0.003680
0.003612
0.003545
0.003479
0.003414
0.003351
0.003289
0.003228
0.003168
0.003109
0.003052
0.002995
0.002940
0.002885
0.002832
0.002779
0.002728
0.002677
0.002628
0.002579
0.002531
0.002484
0.002438
0.002393
0.002349
0.002305
0.002263
0.002221
0.002180
0.002140
0.002100
0.002061
0.002023
0.001986
0.001949
0.001913
0.001878
0.001843
0.001809
0.001775
0.001743
0.001710
0.001679
0.001648
0.001617
0.001588
0.001558
0.001529
0.001501
0.001474
0.001446
0.001420
0.001394
0.001368
0.001343
0.001318
0.001294
0.001270
0.001246
0.001223
0.001201
0.001179
0.001157
0.001136
0.001115
0.001094
0.001074
0.001054
0.001035
0.001016
0.000997
0.000979
0.000961
0.000943
0.000926
0.000909
0.000892
0.000875
0.000859
0.000844
0.000828
0.000813
0.000798
0.000783
0.000769
0.000755
0.000741
0.000727
0.000714
0.000701
0.000688
0.000675
0.000663
0.000651
0.000639
0.000627
0.000615
0.000604
0.000593
0.000582
0.000572
0.000561
0.000551
0.000541
0.000531
0.000521
0.000511
0.000502
0.000493
0.000484
0.000475
0.000466
0.000458
0.000449
0.000441
0.000433
0.000425
0.000417
0.000410
0.000402
0.000395
0.000388
0.000380
0.000373
0.000367
0.000360
0.000353
0.000347
0.000341
0.000334
0.000328
0.000322
0.000316
0.000311
0.000305
0.000299
0.000294
0.000288
0.000283
0.000278
0.000273
0.000268
0.000263
0.000258
0.000253
0.000249
0.000244
0.000240
0.000235
0.000231
0.000227
0.000223
0.000219
0.000215
0.000211
0.000207
0.000203
0.000200
0.000196
0.000192
0.000189
0.000185
0.000182
0.000179
0.000175
0.000172
0.000169
0.000166
0.000163
0.000160
0.000157
0.000154
0.000151
0.000149
0.000146
0.000143
0.000141
0.000138
0.000136
0.000133
0.000131
0.000128
0.000126
0.000124
0.000121
0.000119
0.000117
0.000115
0.000113
0.000111
0.000109
0.000107
0.000105
0.000103
0.000101
0.000099
0.000097
0.000096
0.000094
0.000092
0.000091
0.000089
0.000087
0.000086
0.000084
0.000083
0.000081
0.000080
0.000078
0.000077
0.000075
0.000074
0.000073
0.000071
0.000070
0.000069
0.000068
0.000066
0.000065
0.000064
0.000063
0.000062
0.000061
0.000059
0.000058
0.000057
0.000056
0.000055
0.000054
0.000053
0.000052
0.000051
0.000050
0.000049
0.000049
0.000048
0.000047
0.000046
0.000045
0.000044
0.000044
0.000043
0.000042
0.000041
0.000040
0.000040
0.000039
0.000038
0.000038
0.000037
0.000036
0.000036
0.000035
0.000034
0.000034
0.000033
0.000033
0.000032
0.000031
0.000031
0.000030
0.000030
0.000029
0.000029
0.000028
0.000028
0.000027
0.000027
0.000026
0.000026
0.000025
0.000025
0.000024
0.000024
0.000023
0.000023
0.000023
0.000022
0.000022
0.000021
0.000021
0.000021
0.000020
0.000020
0.000020
0.000019
0.000019
0.000018
0.000018
0.000018
0.000017
0.000017
0.000017
0.000017
0.000016
0.000016
0.000016
0.000015
0.000015
0.000015
0.000015
0.000014
0.000014
0.000014
0.000014
0.000013
0.000013
0.000013
0.000013
0.000012
0.000012
0.000012
0.000012
0.000012
0.000011
0.000011
0.000011
0.000011
0.000011
0.000010
0.000010
0.000010
0.000010
0.000010
0.000009
0.000009
0.000009
0.000009
0.000009
0.000009
0.000008
0.000008
0.000008
0.000008
0.000008
0.000008
0.000008
0.000007
0.000007
0.000007
0.000007
0.000007
0.000007
0.000007
0.000007
0.000006
0.000006
0.000006
0.000006
0.000006
0.000006
0.000006
0.000006
0.000006
0.000005
0.000005
0.000005
0.000005
0.000005
0.000005
0.000005
0.000005
0.000005
0.000005
0.000005
0.000004
0.000004
0.000004
0.000004
0.000004
0.000004
0.000004
0.000004
0.000004
0.000004
0.000004
0.000004
0.000004
0.000004
0.000003
0.000003
0.000003
0.000003
0.000003
0.000003
0.000003
0.000003
0.000003
0.000003
0.000003
0.000003
0.000003
0.000003
0.000003
0.000003
0.000003
0.000003
0.000003
0.000002
0.000002
0.000002
0.000002
0.000002
0.000002
0.000002
0.000002
0.000002
0.000002
0.000002
0.000002
0.000002
0.000002
0.000002
0.000002
