62683821.111463
2068500.733068
68264.147038
2258.540650
80.368408
8.432577
6.001326
5.864330
5.803628
5.746011
5.689052
5.632665
5.576844
5.521580
5.466869
5.412706
5.359084
5.305998
5.253444
5.201414
5.149905
5.098911
5.048426
4.998446
4.948966
4.899979
4.851483
4.803471
4.755938
4.708880
4.662292
4.616170
4.570508
4.525302
4.480547
4.436239
4.392373
4.348945
4.305951
4.263386
4.221245
4.179525
4.138221
4.097329
4.056844
4.016764
3.977083
3.937798
3.898905
3.860399
3.822278
3.784536
3.747170
3.710177
3.673553
3.637293
3.601394
3.565854
3.530667
3.495831
3.461341
3.427195
3.393389
3.359920
3.326784
3.293978
3.261498
3.229341
3.197505
3.165985
3.134779
3.103883
3.073295
3.043011
3.013028
2.983343
2.953954
2.924857
2.896049
2.867527
2.839289
2.811332
2.783652
2.756248
2.729115
2.702253
2.675657
2.649325
2.623255
2.597444
2.571890
2.546589
2.521539
2.496738
2.472183
2.447872
2.423802
2.399971
2.376376
2.353016
2.329887
2.306988
2.284316
2.261869
2.239644
2.217640
2.195854
2.174284
2.152928
2.131784
2.110849
2.090122
2.069600
2.049281
2.029164
2.009246
1.989525
1.970000
1.950668
1.931528
1.912577
1.893814
1.875236
1.856843
1.838631
1.820600
1.802747
1.785071
1.767570
1.750242
1.733086
1.716099
1.699280
1.682628
1.666140
1.649815
1.633652
1.617649
1.601803
1.586115
1.570581
1.555201
1.539973
1.524896
1.509967
1.495186
1.480551
1.466060
1.451713
1.437507
1.423442
1.409515
1.395726
1.382073
1.368555
1.355170
1.341918
1.328796
1.315804
1.302940
1.290202
1.277591
1.265104
1.252740
1.240497
1.228376
1.216374
1.204491
1.192724
1.181074
1.169539
1.158117
1.146808
1.135610
1.124522
1.113544
1.102674
1.091911
1.081254
1.070702
1.060254
1.049908
1.039665
1.029522
1.019480
1.009536
0.999690
0.989941
0.980288
0.970729
0.961265
0.951894
0.942615
0.933428
0.924330
0.915323
0.906403
0.897572
0.888827
0.880169
0.871595
0.863106
0.854700
0.846376
0.838135
0.829974
0.821894
0.813893
0.805971
0.798126
0.790358
0.782667
0.775051
0.767510
0.760043
0.752650
0.745329
0.738079
0.730901
0.723794
0.716756
0.709787
0.702886
0.696053
0.689288
0.682588
0.675954
0.669386
0.662881
0.656441
0.650063
0.643748
0.637495
0.631304
0.625172
0.619101
0.613090
0.607137
0.601243
0.595406
0.589627
0.583904
0.578237
0.572626
0.567070
0.561568
0.556120
0.550725
0.545383
0.540093
0.534855
0.529668
0.524532
0.519447
0.514411
0.509424
0.504486
0.499596
0.494754
0.489960
0.485212
0.480511
0.475856
0.471246
0.466681
0.462161
0.457685
0.453253
0.448864
0.444518
0.440214
0.435953
0.431733
0.427554
0.423416
0.419318
0.415261
0.411243
0.407264
0.403324
0.399423
0.395559
0.391734
0.387945
0.384194
0.380479
0.376800
0.373158
0.369551
0.365979
0.362441
0.358939
0.355470
0.352035
0.348634
0.345266
0.341931
0.338628
0.335357
0.332118
0.328911
0.325735
0.322590
0.319476
0.316392
0.313338
0.310313
0.307318
0.304353
0.301416
0.298508
0.295628
0.292776
0.289951
0.287155
0.284385
0.281643
0.278927
0.276237
0.273574
0.270937
0.268325
0.265738
0.263177
0.260641
0.258129
0.255642
0.253179
0.250740
0.248324
0.245932
0.243563
0.241218
0.238895
0.236594
0.234316
0.232060
0.229826
0.227614
0.225423
0.223253
0.221105
0.218977
0.216870
0.214783
0.212717
0.210671
0.208644
0.206638
0.204650
0.202682
0.200733
0.198803
0.196892
0.194999
0.193124
0.191268
0.189430
0.187609
0.185807
0.184021
0.182253
0.180502
0.178768
0.177051
0.175350
0.173666
0.171999
0.170347
0.168711
0.167092
0.165487
0.163899
0.162326
0.160768
0.159225
0.157697
0.156184
0.154685
0.153201
0.151731
0.150276
0.148835
0.147407
0.145993
0.144594
0.143207
0.141834
0.140474
0.139128
0.137794
0.136473
0.135165
0.133870
0.132587
0.131317
0.130059
0.128813
0.127579
0.126357
0.125147
0.123948
0.122761
0.121586
0.120422
0.119269
0.118127
0.116996
0.115876
0.114767
0.113669
0.112581
0.111504
0.110437
0.109380
0.108334
0.107298
0.106272
0.105255
0.104249
0.103252
0.102264
0.101287
0.100318
0.099359
0.098410
0.097469
0.096537
0.095615
0.094701
0.093796
0.092900
0.092013
0.091134
0.090263
0.089401
0.088547
0.087702
0.086864
0.086035
0.085213
0.084400
0.083594
0.082796
0.082006
0.081223
0.080448
0.079680
0.078920
0.078167
0.077421
0.076683
0.075951
0.075227
0.074510
0.073799
0.073095
0.072398
0.071708
0.071024
0.070347
0.069677
0.069013
0.068355
0.067704
0.067058
0.066419
0.065787
0.065160
0.064539
0.063924
0.063316
0.062713
0.062115
0.061524
0.060938
0.060358
0.059783
0.059214
0.058650
0.058092
0.057539
0.056992
0.056449
0.055912
0.055380
0.054853
0.054332
0.053815
0.053303
0.052796
0.052294
0.051796
0.051304
0.050816
0.050333
0.049855
0.049381
0.048911
0.048446
0.047986
0.047530
0.047078
0.046631
0.046188
0.045749
0.045314
0.044884
0.044458
0.044035
0.043617
0.043203
0.042793
0.042387
0.041984
0.041586
0.041191
0.040800
0.040413
0.040029
0.039649
0.039273
0.038900
0.038531
0.038166
0.037804
0.037445
0.037090
0.036738
0.036390
0.036045
0.035703
0.035364
0.035029
0.034697
0.034368
0.034042
0.033720
0.033400
0.033084
0.032770
0.032460
0.032152
0.031848
0.031546
0.031247
0.030951
0.030658
0.030368
0.030080
0.029795
0.029513
0.029234
0.028957
0.028683
0.028411
0.028142
0.027876
0.027612
0.027351
0.027092
0.026836
0.026582
0.026331
0.026081
0.025835
0.025590
0.025348
0.025109
0.024871
0.024636
0.024403
0.024172
0.023944
0.023718
0.023493
0.023271
0.023052
0.022834
0.022618
0.022404
0.022193
0.021983
0.021775
0.021570
0.021366
0.021164
0.020964
0.020766
0.020570
0.020376
0.020184
0.019993
0.019804
0.019617
0.019432
0.019249
0.019067
0.018887
0.018709
0.018532
0.018358
0.018184
0.018013
0.017843
0.017675
0.017508
0.017343
0.017179
0.017017
0.016857
0.016698
0.016541
0.016385
0.016230
0.016077
0.015926
0.015776
0.015627
0.015480
0.015334
0.015189
0.015046
0.014905
0.014764
0.014625
0.014487
0.014351
0.014216
0.014082
0.013949
0.013818
0.013688
0.013559
0.013431
0.013305
0.013180
0.013056
0.012933
0.012811
0.012691
0.012571
0.012453
0.012336
0.012220
0.012105
0.011991
0.011878
0.011767
0.011656
0.011546
0.011438
0.011330
0.011224
0.011118
0.011014
0.010910
0.010808
0.010706
0.010605
0.010506
0.010407
0.010309
0.010212
0.010116
0.010021
0.009927
0.009834
0.009742
0.009650
0.009560
0.009470
0.009381
0.009293
0.009206
0.009119
0.009034
0.008949
0.008865
0.008782
0.008699
0.008618
0.008537
0.008457
0.008377
0.008299
0.008221
0.008144
0.008067
0.007992
0.007917
0.007843
0.007769
0.007696
0.007624
0.007553
0.007482
0.007412
0.007342
0.007273
0.007205
0.007138
0.007071
0.007005
0.006939
0.006874
0.006810
0.006746
0.006683
0.006620
0.006558
0.006497
0.006436
0.006375
0.006316
0.006257
0.006198
0.006140
0.006083
0.006026
0.005969
0.005913
0.005858
0.005803
0.005749
0.005695
0.005642
0.005589
0.005537
0.005485
0.005434
0.005383
0.005332
0.005283
0.005233
0.005184
0.005136
0.005088
0.005040
0.004993
0.004946
0.004900
0.004854
0.004809
0.004764
0.004720
0.004675
0.004632
0.004589
0.004546
0.004503
0.004461
0.004419
0.004378
0.004337
0.004297
0.004257
0.004217
0.004178
0.004139
0.004100
0.004062
0.004024
0.003986
0.003949
0.003912
0.003876
0.003839
0.003804
0.003768
0.003733
0.003698
0.003664
0.003629
0.003596
0.003562
0.003529
0.003496
0.003463
0.003431
0.003399
0.003367
0.003336
0.003305
0.003274
0.003244
0.003213
0.003183
0.003154
0.003124
0.003095
0.003066
0.003038
0.003009
0.002981
0.002954
0.002926
0.002899
0.002872
0.002845
