62821758.690979
56876971.867854
51494736.860160
46621819.707691
42210023.949798
38215713.929648
34599383.207942
31325263.817393
28360972.493233
25677190.380731
23247373.051797
21047487.962566
19055776.755206
17252540.052986
15619942.620057
14141836.958850
12803603.600365
11592006.507684
10495062.162579
9501921.040376
8602760.300787
7788686.633345
7051648.296525
6384355.480548
5780208.206214
5233231.046623
4738014.026143
4289659.112077
3883731.769792
3516217.102162
3183480.139503
2882229.887259
2609486.775828
2362553.190593
2138986.790684
1936576.352566
1753319.899538
1587404.900821
1437190.344399
1301190.506295
1178060.255753
1066581.750978
965652.393858
874273.924513
791542.547836
716639.994335
648825.426901
587428.113420
531840.792778
481513.668640
435948.971583
394696.035827
357346.841837
323531.980737
292917.000605
265199.098514
240104.125607
217383.875578
196813.629745
178189.934426
161328.588646
146062.822266
132241.646509
119728.360581
108399.199607
98142.110513
88855.643742
80447.949853
72835.871066
65944.118773
59704.528885
54055.387642
48940.821225
44310.243118
40117.853782
36322.187661
32885.703062
29774.410841
26957.538226
24407.224458
22098.245222
20007.763170
18115.102035
16401.542137
14850.135227
13445.536859
12173.854624
11022.510743
9980.117667
9036.365442
8181.919740
7408.329536
6707.943520
6073.834420
5499.730490
4979.953475
4509.362449
4083.302970
3697.561043
3348.321441
3032.129970
2745.859304
2486.678053
2252.022763
2039.572555
1847.226175
1673.081209
1515.415267
1372.668950
1243.430421
1126.421447
1020.484751
924.572570
837.736290
759.117063
687.937315
623.493052
565.146899
512.321795
464.495287
421.194361
381.990762
346.496764
314.361329
285.266638
258.924948
235.075744
213.483162
193.933661
176.233905
160.208853
145.700030
132.563955
120.670726
109.902734
100.153498
91.326614
83.334800
76.099034
69.547771
63.616238
58.245791
53.383333
48.980794
44.994653
41.385506
38.117678
35.158871
32.479842
30.054115
27.857722
25.868961
24.068183
22.437600
20.961106
19.624121
18.413442
17.317118
16.324327
15.425271
14.611082
13.873728
13.205938
12.601129
12.053343
11.557182
11.107761
10.700659
10.331869
9.997768
9.695071
9.420808
9.172288
8.947075
8.742964
8.557957
8.390247
8.238198
8.100326
7.975292
7.861880
7.758989
7.665626
7.580888
7.503959
7.434100
7.370643
7.312981
7.260567
7.212903
7.169540
7.130072
7.094129
7.061379
7.031519
7.004275
6.979401
6.956673
6.935886
6.916858
6.899422
6.883427
6.868738
6.855231
6.842793
6.831325
6.820733
6.810936
6.801858
6.793431
6.785594
6.778291
6.771471
6.765089
6.759103
6.753477
6.748175
6.743168
6.738427
6.733928
6.729648
6.725565
6.721662
6.717921
6.714328
6.710868
6.707528
6.704298
6.701167
6.698126
6.695166
6.692280
6.689461
6.686702
6.683998
6.681344
6.678736
6.676168
6.673637
6.671140
6.668673
6.666234
6.663821
6.661430
6.659060
6.656709
6.654375
6.652057
6.649753
6.647461
6.645182
6.642913
6.640654
6.638404
6.636162
6.633928
6.631700
6.629478
6.627263
6.625052
6.622846
6.620645
6.618448
6.616254
6.614064
6.611877
6.609693
6.607512
6.605334
6.603158
6.600984
6.598812
6.596642
6.594474
6.592307
6.590143
6.587979
6.585818
6.583657
6.581498
6.579341
6.577184
6.575029
6.572875
6.570722
6.568570
6.566419
6.564268
6.562119
6.559971
6.557824
6.555678
6.553532
6.551388
6.549244
6.547101
6.544959
6.542818
6.540677
6.538537
6.536398
6.534260
6.532123
6.529986
6.527851
6.525715
6.523581
6.521447
6.519315
6.517183
6.515051
6.512920
6.510791
6.508661
6.506533
6.504405
6.502278
6.500152
6.498026
6.495901
6.493777
6.491654
6.489531
6.487409
6.485287
6.483167
6.481047
6.478928
6.476809
6.474691
6.472574
6.470458
6.468342
6.466227
6.464113
6.461999
6.459886
6.457774
6.455663
6.453552
6.451442
6.449332
6.447224
6.445116
6.443008
6.440902
6.438796
6.436691
6.434586
6.432482
6.430379
6.428277
6.426175
6.424074
6.421974
6.419874
6.417775
6.415677
6.413579
6.411482
6.409386
6.407291
6.405196
6.403102
6.401008
6.398916
6.396824
6.394732
6.392642
6.390552
6.388462
6.386374
6.384286
6.382199
6.380112
6.378026
6.375941
6.373857
6.371773
6.369690
6.367608
6.365526
6.363445
6.361365
6.359285
6.357206
6.355128
6.353050
6.350973
6.348897
6.346822
6.344747
6.342673
6.340599
6.338527
6.336455
6.334383
6.332313
6.330243
6.328173
6.326105
6.324037
6.321969
6.319903
6.317837
6.315772
6.313707
6.311643
6.309580
6.307517
6.305456
6.303394
6.301334
6.299274
6.297215
6.295157
6.293099
6.291042
6.288986
6.286930
6.284875
6.282821
6.280767
6.278714
6.276662
6.274610
6.272559
6.270509
6.268459
6.266410
6.264362
6.262314
6.260268
6.258221
6.256176
6.254131
6.252087
6.250043
6.248000
6.245958
6.243917
6.241876
6.239836
6.237796
6.235758
6.233720
6.231682
6.229645
6.227609
6.225574
6.223539
6.221505
6.219472
6.217439
6.215407
6.213375
6.211345
6.209315
6.207285
6.205257
6.203229
6.201201
6.199175
6.197148
6.195123
6.193098
6.191074
6.189051
6.187028
6.185006
6.182985
6.180964
6.178944
6.176925
6.174906
6.172888
6.170871
6.168854
6.166838
6.164823
6.162808
6.160794
6.158781
6.156768
6.154756
6.152745
6.150734
6.148724
6.146715
6.144706
6.142698
6.140691
6.138684
6.136678
6.134673
6.132668
6.130664
6.128661
6.126658
6.124656
6.122654
6.120654
6.118654
6.116654
6.114655
6.112657
6.110660
6.108663
6.106667
6.104671
6.102677
6.100683
6.098689
6.096696
6.094704
6.092713
6.090722
6.088731
6.086742
6.084753
6.082765
6.080777
6.078790
6.076804
6.074819
6.072834
6.070849
6.068866
6.066883
6.064900
6.062919
6.060938
6.058957
6.056978
6.054999
6.053020
6.051042
6.049065
6.047089
6.045113
6.043138
6.041164
6.039190
6.037217
6.035244
6.033272
6.031301
6.029330
6.027360
6.025391
6.023423
6.021455
6.019487
6.017521
6.015555
6.013589
6.011625
6.009660
6.007697
6.005734
6.003772
6.001811
5.999850
5.997890
5.995930
5.993971
5.992013
5.990055
5.988098
5.986142
5.984187
5.982232
5.980277
5.978323
5.976370
5.974418
5.972466
5.970515
5.968565
5.966615
5.964666
5.962717
5.960769
5.958822
5.956875
5.954929
5.952984
5.951039
5.949095
5.947152
5.945209
5.943267
5.941325
5.939384
5.937444
5.935505
5.933566
5.931627
5.929690
5.927753
5.925816
5.923881
5.921946
5.920011
5.918077
5.916144
5.914212
5.912280
5.910348
5.908418
5.906488
5.904558
5.902630
5.900702
5.898774
5.896847
5.894921
5.892996
5.891071
5.889147
5.887223
5.885300
5.883378
5.881456
5.879535
5.877614
5.875695
5.873775
5.871857
5.869939
5.868022
5.866105
5.864189
5.862274
5.860359
5.858445
5.856531
5.854618
5.852706
5.850795
5.848884
5.846973
5.845064
5.843155
5.841246
5.839338
5.837431
5.835525
5.833619
5.831713
5.829809
5.827905
5.826001
5.824099
5.822196
5.820295
5.818394
5.816494
5.814594
5.812695
5.810797
5.808899
5.807002
5.805105
5.803209
5.801314
5.799420
5.797526
5.795632
5.793740
5.791847
5.789956
5.788065
5.786175
5.784285
5.782396
5.780508
5.778620
5.776733
5.774846
5.772961
5.771075
5.769191
5.767307
5.765423
5.763540
5.761658
5.759777
5.757896
5.756016
5.754136
5.752257
5.750378
5.748501
5.746623
5.744747
5.742871
5.740996
5.739121
5.737247
5.735373
5.733500
5.731628
5.729757
5.727886
5.726015
5.724146
5.722276
5.720408
5.718540
5.716673
5.714806
5.712940
5.711074
5.709210
5.707345
5.705482
5.703619
5.701756
5.699895
5.698034
5.696173
5.694313
5.692454
5.690595
5.688737
5.686880
5.685023
5.683167
5.681311
5.679456
5.677602
5.675748
5.673895
5.672042
5.670190
5.668339
5.666488
5.664638
5.662788
5.660939
5.659091
5.657244
5.655396
5.653550
5.651704
5.649859
5.648014
5.646170
5.644327
5.642484
5.640642
5.638800
5.636959
5.635119
5.633279
5.631440
5.629602
5.627764
5.625926
5.624090
5.622253
5.620418
5.618583
5.616749
5.614915
5.613082
5.611249
5.609418
5.607586
5.605756
5.603926
5.602096
5.600267
5.598439
5.596611
5.594784
5.592958
5.591132
5.589307
5.587482
5.585658
5.583835
5.582012
5.580190
5.578368
5.576547
5.574726
5.572907
5.571087
5.569269
5.567451
5.565633
5.563816
5.562000
5.560185
5.558370
5.556555
5.554741
5.552928
