62821758.690979
70469.180665
86.009497
6.953854
6.753954
6.644306
6.536552
6.430565
6.326314
6.223772
6.122910
6.023701
5.926116
5.830129
5.735713
5.642843
5.551493
5.461638
5.373252
5.286313
5.200795
5.116676
5.033932
4.952540
4.872479
4.793726
4.716260
4.640058
4.565102
4.491369
4.418840
4.347495
4.277314
4.208279
4.140369
4.073568
4.007855
3.943214
3.879627
3.817077
3.755546
3.695017
3.635475
3.576902
3.519283
3.462603
3.406845
3.351994
3.298037
3.244957
3.192740
3.141373
3.090842
3.041132
2.992230
2.944123
2.896797
2.850241
2.804441
2.759385
2.715060
2.671455
2.628558
2.586357
2.544841
2.503999
2.463819
2.424291
2.385404
2.347147
2.309511
2.272484
2.236058
2.200221
2.164965
2.130281
2.096157
2.062587
2.029559
1.997067
1.965100
1.933650
1.902709
1.872268
1.842320
1.812856
1.783868
1.755349
1.727290
1.699685
1.672526
1.645805
1.619516
1.593651
1.568204
1.543167
1.518535
1.494299
1.470455
1.446995
1.423914
1.401205
1.378861
1.356878
1.335249
1.313969
1.293031
1.272431
1.252162
1.232220
1.212598
1.193293
1.174298
1.155608
1.137219
1.119126
1.101324
1.083808
1.066574
1.049616
1.032931
1.016515
1.000361
0.984468
0.968829
0.953442
0.938301
0.923404
0.908745
0.894322
0.880130
0.866165
0.852425
0.838905
0.825601
0.812511
0.799631
0.786957
0.774486
0.762214
0.750139
0.738258
0.726566
0.715062
0.703742
0.692603
0.681642
0.670856
0.660243
0.649799
0.639523
0.629411
0.619460
0.609668
0.600033
0.590551
0.581221
0.572040
0.563005
0.554115
0.545367
0.536758
0.528286
0.519949
0.511746
0.503673
0.495729
0.487912
0.480219
0.472648
0.465198
0.457867
0.450653
0.443553
0.436567
0.429692
0.422926
0.416267
0.409715
0.403267
0.396921
0.390677
0.384531
0.378484
0.372532
0.366675
0.360911
0.355238
0.349656
0.344162
0.338755
0.333435
0.328198
0.323045
0.317974
0.312983
0.308071
0.303237
0.298479
0.293797
0.289190
0.284655
0.280192
0.275800
0.271477
0.267223
0.263036
0.258915
0.254860
0.250869
0.246941
0.243075
0.239270
0.235525
0.231840
0.228213
0.224643
0.221130
0.217672
0.214268
0.210919
0.207622
0.204378
0.201184
0.198041
0.194948
0.191903
0.188907
0.185958
0.183055
0.180198
0.177386
0.174618
0.171894
0.169213
0.166574
0.163977
0.161421
0.158905
0.156428
0.153991
0.151592
0.149230
0.146906
0.144618
0.142367
0.140150
0.137969
0.135822
0.133708
0.131628
0.129581
0.127565
0.125582
0.123629
0.121707
0.119816
0.117954
0.116121
0.114317
0.112541
0.110793
0.109073
0.107380
0.105713
0.104072
0.102457
0.100867
0.099302
0.097762
0.096246
0.094753
0.093284
0.091838
0.090415
0.089014
0.087635
0.086277
0.084941
0.083625
0.082330
0.081055
0.079801
0.078566
0.077350
0.076153
0.074975
0.073815
0.072674
0.071550
0.070444
0.069355
0.068283
0.067227
0.066189
0.065166
0.064159
0.063168
0.062193
0.061233
0.060287
0.059357
0.058441
0.057539
0.056651
0.055778
0.054917
0.054070
0.053237
0.052416
0.051608
0.050813
0.050030
0.049259
0.048500
0.047753
0.047017
0.046293
0.045581
0.044879
0.044188
0.043508
0.042839
0.042180
0.041531
0.040892
0.040263
0.039644
0.039035
0.038435
0.037844
0.037263
0.036690
0.036127
0.035572
0.035025
0.034488
0.033958
0.033437
0.032924
0.032418
0.031921
0.031431
0.030949
0.030474
0.030007
0.029547
0.029094
0.028648
0.028209
0.027777
0.027351
0.026932
0.026520
0.026114
0.025714
0.025320
0.024932
0.024551
0.024175
0.023805
0.023441
0.023082
0.022729
0.022382
0.022039
0.021702
0.021371
0.021044
0.020722
0.020406
0.020094
0.019787
0.019485
0.019187
0.018894
0.018606
0.018322
0.018042
0.017767
0.017496
0.017229
0.016966
0.016707
0.016452
0.016202
0.015955
0.015711
0.015472
0.015236
0.015004
0.014775
0.014550
0.014329
0.014110
0.013896
0.013684
0.013476
0.013271
0.013069
0.012870
0.012674
0.012481
0.012291
0.012104
0.011920
0.011739
0.011561
0.011385
0.011212
0.011042
0.010874
0.010709
0.010546
0.010386
0.010228
0.010073
0.009920
0.009769
0.009621
0.009475
0.009331
0.009190
0.009050
0.008913
0.008778
0.008645
0.008514
0.008385
0.008257
0.008132
0.008009
0.007888
0.007768
0.007651
0.007535
0.007421
0.007308
0.007198
0.007089
0.006981
0.006876
0.006772
0.006669
0.006568
0.006469
0.006371
0.006275
0.006180
0.006087
0.005995
0.005904
0.005815
0.005727
0.005640
0.005555
0.005471
0.005389
0.005307
0.005227
0.005148
0.005070
0.004994
0.004919
0.004844
0.004771
0.004699
0.004628
0.004559
0.004490
0.004422
0.004356
0.004290
0.004225
0.004162
0.004099
0.004037
0.003976
0.003916
0.003857
0.003799
0.003742
0.003686
0.003630
0.003576
0.003522
0.003469
0.003417
0.003365
0.003315
0.003265
0.003216
0.003167
0.003120
0.003073
0.003027
0.002981
0.002936
0.002892
0.002849
0.002806
0.002764
0.002722
0.002681
0.002641
0.002602
0.002563
0.002524
0.002486
0.002449
0.002412
0.002376
0.002340
0.002305
0.002271
0.002237
0.002203
0.002170
0.002138
0.002105
0.002074
0.002043
0.002012
0.001982
0.001952
0.001923
0.001894
0.001866
0.001838
0.001811
0.001783
0.001757
0.001730
0.001705
0.001679
0.001654
0.001629
0.001605
0.001581
0.001557
0.001534
0.001511
0.001488
0.001466
0.001444
0.001423
0.001401
0.001381
0.001360
0.001340
0.001320
0.001300
0.001280
0.001261
0.001243
0.001224
0.001206
0.001188
0.001170
0.001153
0.001135
0.001118
0.001102
0.001085
0.001069
0.001053
0.001038
0.001022
0.001007
0.000992
0.000977
0.000962
0.000948
0.000934
0.000920
0.000906
0.000893
0.000880
0.000867
0.000854
0.000841
0.000828
0.000816
0.000804
0.000792
0.000780
0.000769
0.000757
0.000746
0.000735
0.000724
0.000713
0.000703
0.000692
0.000682
0.000672
0.000662
0.000652
0.000642
0.000633
0.000623
0.000614
0.000605
0.000596
0.000587
0.000578
0.000570
0.000561
0.000553
0.000545
0.000537
0.000529
0.000521
0.000513
0.000506
0.000498
0.000491
0.000483
0.000476
0.000469
0.000462
0.000455
0.000449
0.000442
0.000435
0.000429
0.000423
0.000416
0.000410
0.000404
0.000398
0.000392
0.000386
0.000381
0.000375
0.000370
0.000364
0.000359
0.000353
0.000348
0.000343
0.000338
0.000333
0.000328
0.000323
0.000318
0.000314
0.000309
0.000304
0.000300
0.000296
0.000291
0.000287
0.000283
0.000278
0.000274
0.000270
0.000266
0.000262
0.000259
0.000255
0.000251
0.000247
0.000244
0.000240
0.000236
0.000233
0.000230
0.000226
0.000223
0.000220
0.000216
0.000213
0.000210
0.000207
0.000204
0.000201
0.000198
0.000195
0.000192
0.000189
0.000186
0.000184
0.000181
0.000178
0.000176
0.000173
0.000171
0.000168
0.000166
0.000163
0.000161
0.000158
0.000156
0.000154
0.000152
0.000149
0.000147
0.000145
0.000143
0.000141
0.000139
0.000137
0.000135
0.000133
0.000131
0.000129
0.000127
0.000125
0.000123
0.000121
0.000120
0.000118
0.000116
0.000114
0.000113
0.000111
0.000109
0.000108
0.000106
0.000105
0.000103
0.000102
0.000100
0.000099
0.000097
0.000096
0.000094
0.000093
0.000092
0.000090
0.000089
0.000088
0.000086
0.000085
0.000084
0.000083
0.000081
0.000080
0.000079
0.000078
0.000077
0.000076
0.000075
0.000073
0.000072
0.000071
0.000070
0.000069
0.000068
0.000067
0.000066
0.000065
0.000064
0.000063
0.000062
0.000062
0.000061
0.000060
0.000059
0.000058
0.000057
0.000056
0.000055
0.000055
0.000054
0.000053
0.000052
0.000052
0.000051
0.000050
0.000049
0.000049
0.000048
0.000047
0.000047
0.000046
0.000045
0.000044
0.000044
0.000043
0.000043
0.000042
0.000041
0.000041
0.000040
0.000040
0.000039
0.000038
0.000038
0.000037
0.000037
0.000036
0.000036
0.000035
0.000035
0.000034
0.000034
0.000033
0.000033
