62557519.247378
62557519.247378
51223452.637839
41942873.434573
34343734.192082
28121394.404536
23026407.828142
18854522.476206
15438492.398524
12641372.989012
10351031.038389
8475649.446420
6940046.382942
5682661.337201
4653087.229770
3810049.652345
3119752.225523
2554521.741921
2091698.780011
1712729.314709
1402420.908452
1148333.664338
940281.525373
769923.927491
630431.436200
516211.962634
422686.583323
346105.976560
283400.116534
232055.199624
190012.868983
155587.697445
127399.620746
104318.612381
85419.382170
69944.282479
57272.935014
46897.360593
38401.614860
31445.113571
25748.978966
21084.859900
17265.777508
14138.629446
11578.052199
9481.395406
7764.606728
6358.862291
5207.807614
4265.298430
3493.550811
2861.626462
2344.192434
1920.505560
1573.580888
1289.510770
1056.907321
866.445897
710.491275
582.791572
478.227607
392.607688
322.499562
265.092831
218.086276
179.595612
148.077943
122.269915
101.137065
83.832352
69.662202
58.058699
48.556823
40.775806
34.403866
29.185708
24.912293
21.412455
18.546038
16.198281
14.275214
12.699893
11.409315
10.351890
9.485377
8.775187
8.192999
7.715621
7.324065
7.002781
6.739040
6.522415
6.344371
6.197918
6.077332
5.977929
5.895870
5.828013
5.771786
5.725083
5.686177
5.653657
5.626367
5.603359
5.583857
5.567228
5.552950
5.540599
5.529826
5.520345
5.511923
5.504368
5.497524
5.491262
5.485477
5.480083
5.475010
5.470201
5.465607
5.461190
5.456919
5.452767
5.448714
5.444742
5.440837
5.436987
5.433182
5.429415
5.425679
5.421970
5.418282
5.414612
5.410958
5.407317
5.403687
5.400067
5.396455
5.392850
5.389252
5.385659
5.382071
5.378487
5.374908
5.371333
5.367761
5.364193
5.360627
5.357065
5.353506
5.349949
5.346396
5.342845
5.339296
5.335750
5.332207
5.328666
5.325128
5.321592
5.318059
5.314528
5.310999
5.307473
5.303949
5.300428
5.296909
5.293392
5.289878
5.286366
5.282856
5.279349
5.275844
5.272342
5.268842
5.265344
5.261849
5.258356
5.254865
5.251377
5.247891
5.244407
5.240926
5.237447
5.233970
5.230496
5.227024
5.223554
5.220087
5.216622
5.213159
5.209699
5.206241
5.202785
5.199332
5.195881
5.192432
5.188985
5.185541
5.182099
5.178660
5.175223
5.171788
5.168355
5.164925
5.161497
5.158071
5.154648
5.151227
5.147808
5.144391
5.140977
5.137565
5.134156
5.130748
5.127343
5.123940
5.120540
5.117142
5.113746
5.110352
5.106961
5.103571
5.100185
5.096800
5.093418
5.090038
5.086660
5.083284
5.079911
5.076540
5.073171
5.069805
5.066441
5.063079
5.059719
5.056362
5.053006
5.049654
5.046303
5.042954
5.039608
5.036264
5.032923
5.029583
5.026246
5.022911
5.019578
5.016248
5.012919
5.009593
5.006269
5.002948
4.999628
4.996311
4.992996
4.989684
4.986373
4.983065
4.979759
4.976455
4.973153
4.969854
4.966557
4.963262
4.959969
4.956679
4.953390
4.950104
4.946820
4.943538
4.940259
4.936982
4.933706
4.930433
4.927163
4.923894
4.920628
4.917364
4.914102
4.910842
4.907584
4.904329
4.901075
4.897824
4.894576
4.891329
4.888084
4.884842
4.881602
4.878364
4.875128
4.871894
4.868663
4.865433
4.862206
4.858981
4.855758
4.852538
4.849319
4.846103
4.842888
4.839676
4.836466
4.833259
4.830053
4.826850
4.823648
4.820449
4.817252
4.814057
4.810865
4.807674
4.804485
4.801299
4.798115
4.794933
4.791753
4.788575
4.785400
4.782226
4.779055
4.775885
4.772718
4.769553
4.766390
4.763229
4.760071
4.756914
4.753760
4.750607
4.747457
4.744309
4.741163
4.738019
4.734877
4.731738
4.728600
4.725465
4.722331
4.719200
4.716071
4.712944
4.709819
4.706696
4.703575
4.700456
4.697340
4.694225
4.691113
4.688003
4.684894
4.681788
4.678684
4.675582
4.672482
4.669384
4.666288
4.663195
4.660103
4.657013
4.653926
4.650841
4.647757
4.644676
4.641597
4.638519
4.635444
4.632371
4.629300
4.626231
4.623165
4.620100
4.617037
4.613976
4.610918
4.607861
4.604806
4.601754
4.598703
4.595655
4.592609
4.589564
4.586522
4.583482
4.580443
4.577407
4.574373
4.571341
4.568311
4.565283
4.562257
4.559233
4.556211
4.553191
4.550173
4.547157
4.544143
4.541131
4.538121
4.535113
4.532107
4.529104
4.526102
4.523102
4.520104
4.517108
4.514115
4.511123
4.508133
4.505145
4.502160
4.499176
4.496194
4.493214
4.490237
4.487261
4.484287
4.481315
4.478345
4.475378
4.472412
4.469448
4.466486
4.463526
4.460568
4.457612
4.454659
4.451707
4.448757
4.445809
4.442863
4.439919
4.436976
4.434036
4.431098
4.428162
4.425228
4.422296
4.419365
4.416437
4.413511
4.410586
4.407664
4.404743
4.401825
4.398908
4.395994
4.393081
4.390170
4.387262
4.384355
4.381450
4.378547
4.375646
4.372747
4.369850
4.366955
4.364061
4.361170
4.358281
4.355393
4.352508
4.349624
4.346743
4.343863
4.340985
4.338109
4.335236
4.332364
4.329494
4.326625
4.323759
4.320895
4.318032
4.315172
4.312313
4.309457
4.306602
4.303749
4.300898
4.298049
4.295202
4.292357
4.289514
4.286672
4.283833
4.280995
4.278160
4.275326
4.272494
4.269664
4.266836
4.264010
4.261186
4.258363
4.255543
4.252724
4.249907
4.247092
4.244279
4.241468
4.238659
4.235852
4.233046
4.230243
4.227441
4.224641
4.221843
4.219047
4.216253
4.213461
4.210670
4.207882
4.205095
4.202310
4.199527
4.196746
4.193967
4.191189
4.188414
4.185640
4.182868
4.180098
4.177330
4.174564
4.171799
4.169037
4.166276
4.163517
4.160760
4.158005
4.155252
4.152500
4.149750
4.147003
4.144257
4.141512
4.138770
4.136030
4.133291
4.130554
4.127819
4.125086
4.122355
4.119625
4.116898
4.114172
4.111448
4.108726
4.106005
4.103287
4.100570
4.097855
4.095142
4.092431
4.089721
4.087013
4.084308
4.081604
4.078901
4.076201
4.073502
4.070806
4.068111
4.065417
4.062726
4.060036
4.057349
4.054663
4.051978
4.049296
4.046615
4.043937
4.041260
4.038584
4.035911
4.033239
4.030569
4.027901
4.025235
4.022570
4.019908
4.017247
4.014588
4.011930
4.009275
4.006621
4.003969
4.001318
3.998670
3.996023
3.993378
3.990735
3.988094
3.985454
3.982816
3.980180
3.977546
3.974913
3.972282
3.969653
3.967026
3.964400
3.961776
3.959154
3.956534
3.953915
3.951299
3.948683
3.946070
3.943459
3.940849
3.938241
3.935634
3.933030
3.930427
3.927826
3.925227
3.922629
3.920033
3.917439
3.914847
3.912256
3.909667
3.907080
3.904494
3.901910
3.899328
3.896748
3.894170
3.891593
3.889018
3.886444
3.883873
3.881303
3.878734
3.876168
3.873603
3.871040
3.868479
3.865919
3.863361
3.860805
3.858250
3.855697
3.853146
3.850597
3.848049
3.845503
3.842959
3.840416
3.837875
3.835336
3.832799
3.830263
3.827729
3.825196
3.822666
3.820137
3.817609
3.815084
3.812560
3.810037
3.807517
3.804998
3.802481
3.799965
3.797451
3.794939
3.792429
3.789920
3.787413
3.784907
3.782403
3.779901
3.777401
3.774902
3.772405
3.769910
3.767416
3.764924
3.762433
3.759945
3.757457
3.754972
3.752488
3.750006
3.747526
3.745047
3.742570
3.740094
3.737620
3.735148
3.732678
3.730209
3.727742
3.725276
3.722812
3.720350
3.717889
3.715430
3.712973
3.710517
3.708063
3.705611
3.703160
3.700711
3.698263
3.695817
3.693373
3.690931
3.688490
3.686050
3.683613
3.681177
3.678742
3.676309
3.673878
3.671449
3.669021
3.666594
3.664170
3.661747
3.659325
3.656905
3.654487
3.652070
3.649655
3.647242
3.644830
3.642420
3.640012
3.637605
3.635199
3.632796
3.630393
3.627993
3.625594
3.623197
3.620801
3.618407
3.616014
3.613624
3.611234
3.608847
3.606460
3.604076
3.601693
3.599312
3.596932
3.594554
3.592177
3.589802
3.587429
3.585057
3.582687
3.580318
3.577951
3.575586
3.573222
3.570860
3.568499
3.566140
3.563782
3.561426
3.559072
3.556719
3.554368
3.552018
3.549670
3.547323
3.544978
3.542635
3.540293
3.537953
3.535614
3.533277
3.530941
3.528607
3.526275
3.523944
3.521614
3.519286
3.516960
3.514635
3.512312
3.509991
3.507671
3.505352
3.503035
3.500720
3.498406
3.496094
3.493783
3.491474
3.489166
3.486860
3.484555
3.482252
3.479950
3.477650
