62648323.235063
56669863.174313
51261920.999711
46370052.815128
41945010.245731
37942244.635080
34321458.556158
31046200.121210
28083496.006149
25403519.495039
22979290.202734
20786402.452647
18802779.575142
17008451.652951
15385354.476109
13917147.682395
12589050.252430
11387691.703306
10300977.482632
9317967.207886
8428764.525251
7624417.479102
6896828.389119
6238672.327733
5643323.377180
5104787.923760
4617644.317756
4176988.291535
3778383.586347
3417817.290748
3091659.441030
2796626.476945
2529748.184792
2288337.795111
2069964.933901
1872431.155089
1693747.807897
1532116.016312
1385908.569083
1253653.537948
1134019.459140
1025801.929023
927911.478876
839362.606785
759263.856201
686808.841298
621268.128764
561981.894306
508353.279942
459842.385192
415960.831687
376266.846468
340360.814488
307881.255523
278501.185011
251924.822170
227884.612252
206138.532964
186467.657937
168673.952705
152578.281012
138018.601382
124848.335775
112934.893936
102158.338551
92410.177793
83592.273090
75615.851128
68400.610132
61873.911436
55970.048205
50629.583933
45798.754076
41428.924781
37476.103269
33900.494945
30666.102769
27740.364857
25093.826673
22699.844492
20534.317171
18575.443515
16803.502791
15200.656194
13750.767258
12439.239400
11252.868974
10179.712345
9208.965643
8330.856002
7536.543169
6818.030507
6168.084488
5580.161872
5048.343836
4567.276379
4132.116431
3738.483087
3382.413510
3060.323031
2768.969062
2505.418451
2267.017955
2051.367526
1856.296149
1679.839989
1520.222616
1375.837123
1245.229948
1127.086242
1020.216630
923.545237
836.098859
756.997162
685.443823
620.718511
562.169634
509.207782
461.299791
417.963378
378.762281
343.301872
311.225182
282.209305
255.962152
232.219506
210.742366
191.314536
173.740454
157.843218
143.462808
130.454477
118.687287
108.042798
98.413873
89.703596
81.824304
74.696694
68.249037
62.416444
57.140220
52.367273
48.049574
44.143681
40.610295
37.413868
34.522245
31.906338
29.539837
27.398941
25.462120
23.709901
22.124667
20.690483
19.392934
18.218982
17.156831
16.195814
15.326278
14.539494
13.827566
13.183349
12.600383
12.072822
11.595379
11.163271
10.772173
10.418171
10.097724
9.807631
9.544996
9.307198
9.091866
8.896858
8.720233
8.560238
8.415286
8.283940
8.164904
8.057002
7.959171
7.870451
7.789973
7.716949
7.650669
7.590489
7.535828
7.486158
7.441003
7.399933
7.362557
7.328524
7.297515
7.269240
7.243439
7.219877
7.198339
7.178632
7.160582
7.144031
7.128835
7.114866
7.102007
7.090151
7.079203
7.069076
7.059693
7.050982
7.042879
7.035326
7.028271
7.021667
7.015469
7.009641
7.004146
6.998953
6.994033
6.989360
6.984910
6.980663
6.976599
6.972701
6.968953
6.965340
6.961850
6.958472
6.955194
6.952007
6.948903
6.945873
6.942911
6.940010
6.937165
6.934370
6.931621
6.928913
6.926242
6.923606
6.921000
6.918422
6.915869
6.913339
6.910830
6.908340
6.905867
6.903410
6.900967
6.898537
6.896119
6.893712
6.891314
6.888925
6.886545
6.884172
6.881805
6.879445
6.877091
6.874741
6.872397
6.870057
6.867721
6.865389
6.863060
6.860735
6.858413
6.856093
6.853776
6.851461
6.849149
6.846839
6.844530
6.842224
6.839919
6.837616
6.835315
6.833015
6.830717
6.828420
6.826124
6.823829
6.821536
6.819244
6.816953
6.814663
6.812374
6.810087
6.807800
6.805514
6.803229
6.800946
6.798663
6.796381
6.794100
6.791820
6.789540
6.787262
6.784984
6.782708
6.780432
6.778157
6.775883
6.773609
6.771337
6.769065
6.766794
6.764524
6.762255
6.759986
6.757719
6.755452
6.753186
6.750920
6.748656
6.746392
6.744129
6.741867
6.739605
6.737344
6.735085
6.732825
6.730567
6.728310
6.726053
6.723797
6.721541
6.719287
6.717033
6.714780
6.712528
6.710277
6.708026
6.705776
6.703527
6.701278
6.699031
6.696784
6.694538
6.692293
6.690048
6.687804
6.685561
6.683319
6.681077
6.678836
6.676596
6.674357
6.672119
6.669881
6.667644
6.665408
6.663172
6.660938
6.658704
6.656470
6.654238
6.652006
6.649775
6.647545
6.645316
6.643087
6.640859
6.638632
6.636406
6.634180
6.631955
6.629731
6.627507
6.625285
6.623063
6.620842
6.618621
6.616402
6.614183
6.611965
6.609747
6.607531
6.605315
6.603100
6.600885
6.598672
6.596459
6.594247
6.592035
6.589825
6.587615
6.585406
6.583197
6.580989
6.578783
6.576576
6.574371
6.572166
6.569962
6.567759
6.565557
6.563355
6.561154
6.558954
6.556754
6.554556
6.552358
6.550161
6.547964
6.545768
6.543573
6.541379
6.539186
6.536993
6.534801
6.532609
6.530419
6.528229
6.526040
6.523852
6.521664
6.519477
6.517291
6.515106
6.512921
6.510737
6.508554
6.506372
6.504190
6.502009
6.499829
6.497650
6.495471
6.493293
6.491116
6.488939
6.486763
6.484588
6.482414
6.480240
6.478068
6.475895
6.473724
6.471553
6.469384
6.467214
6.465046
6.462878
6.460711
6.458545
6.456380
6.454215
6.452051
6.449887
6.447725
6.445563
6.443402
6.441242
6.439082
6.436923
6.434765
6.432607
6.430451
6.428295
6.426139
6.423985
6.421831
6.419678
6.417526
6.415374
6.413223
6.411073
6.408924
6.406775
6.404627
6.402480
6.400333
6.398187
6.396042
6.393898
6.391754
6.389611
6.387469
6.385328
6.383187
6.381047
6.378908
6.376769
6.374631
6.372494
6.370358
6.368222
6.366087
6.363953
6.361819
6.359687
6.357554
6.355423
6.353293
6.351163
6.349033
6.346905
6.344777
6.342650
6.340524
6.338398
6.336273
6.334149
6.332026
6.329903
6.327781
6.325660
6.323539
6.321420
6.319300
6.317182
6.315064
6.312947
6.310831
6.308716
6.306601
6.304487
6.302373
6.300261
6.298149
6.296037
6.293927
6.291817
6.289708
6.287599
6.285492
6.283385
6.281279
6.279173
6.277068
6.274964
6.272861
6.270758
6.268656
6.266555
6.264454
6.262354
6.260255
6.258157
6.256059
6.253962
6.251866
6.249770
6.247675
6.245581
6.243487
6.241395
6.239303
6.237211
6.235121
6.233031
6.230941
6.228853
6.226765
6.224678
6.222591
6.220506
6.218421
6.216336
6.214253
6.212170
6.210088
6.208006
6.205926
6.203845
6.201766
6.199687
6.197609
6.195532
6.193456
6.191380
6.189305
6.187230
6.185156
6.183083
6.181011
6.178939
6.176868
6.174798
6.172729
6.170660
6.168592
6.166524
6.164457
6.162391
6.160326
6.158261
6.156197
6.154134
6.152072
6.150010
6.147949
6.145888
6.143828
6.141769
6.139711
6.137653
6.135596
6.133540
6.131484
6.129429
6.127375
6.125322
6.123269
6.121217
6.119165
6.117115
6.115065
6.113015
6.110966
6.108919
6.106871
6.104825
6.102779
6.100734
6.098689
6.096645
6.094602
6.092560
6.090518
6.088477
6.086437
6.084397
6.082358
6.080320
6.078282
6.076245
6.074209
6.072173
6.070138
6.068104
6.066071
6.064038
6.062006
6.059974
6.057944
6.055914
6.053884
6.051856
6.049828
6.047800
6.045774
6.043748
6.041723
6.039698
6.037674
6.035651
6.033628
6.031607
6.029585
6.027565
6.025545
6.023526
6.021508
6.019490
6.017473
6.015457
6.013441
6.011426
6.009412
6.007398
6.005385
6.003373
6.001361
5.999350
5.997340
5.995330
5.993321
5.991313
5.989306
5.987299
5.985293
5.983287
5.981282
5.979278
5.977275
5.975272
5.973270
5.971269
5.969268
5.967268
5.965268
5.963270
5.961272
5.959274
5.957277
5.955281
5.953286
5.951291
5.949297
5.947304
5.945311
5.943319
5.941328
5.939338
5.937348
5.935358
5.933370
5.931382
5.929395
5.927408
5.925422
5.923437
5.921452
5.919468
5.917485
5.915502
5.913521
5.911539
5.909559
5.907579
5.905600
5.903621
5.901643
5.899666
5.897689
5.895714
5.893738
5.891764
5.889790
5.887817
5.885844
5.883872
5.881901
5.879930
5.877961
5.875991
5.874023
5.872055
5.870088
5.868121
5.866155
5.864190
5.862226
5.860262
5.858298
5.856336
5.854374
5.852413
5.850452
5.848492
5.846533
5.844574
5.842616
5.840659
5.838703
5.836747
5.834791
5.832837
5.830883
5.828929
5.826977
5.825025
5.823073
5.821123
5.819173
5.817223
5.815275
5.813327
5.811379
5.809433
5.807487
5.805541
5.803596
5.801652
5.799709
5.797766
5.795824
5.793883
5.791942
5.790002
5.788062
5.786123
5.784185
5.782248
5.780311
5.778374
5.776439
5.774504
5.772570
5.770636
5.768703
5.766771
5.764839
5.762908
5.760978
5.759048
5.757119
5.755191
5.753263
5.751336
5.749410
5.747484
5.745559
5.743634
5.741710
5.739787
5.737865
5.735943
5.734022
5.732101
