62726729.628880
11354402.414938
2055307.176592
372043.469677
67349.640319
12195.854729
2212.239005
405.044146
77.894064
18.652671
7.906614
5.939025
5.560584
5.469917
5.431455
5.402554
5.375492
5.348873
5.322442
5.296152
5.269996
5.243969
5.218073
5.192305
5.166665
5.141154
5.115769
5.090510
5.065377
5.040369
5.015486
4.990726
4.966090
4.941576
4.917184
4.892913
4.868763
4.844733
4.820823
4.797032
4.773359
4.749804
4.726366
4.703044
4.679838
4.656748
4.633773
4.610912
4.588164
4.565530
4.543008
4.520598
4.498300
4.476112
4.454035
4.432068
4.410209
4.388460
4.366818
4.345284
4.323857
4.302536
4.281322
4.260213
4.239208
4.218308
4.197512
4.176820
4.156230
4.135742
4.115356
4.095072
4.074888
4.054804
4.034821
4.014936
3.995150
3.975463
3.955873
3.936381
3.916985
3.897686
3.878483
3.859374
3.840361
3.821442
3.802618
3.783886
3.765248
3.746702
3.728248
3.709886
3.691615
3.673434
3.655344
3.637344
3.619433
3.601611
3.583877
3.566231
3.548673
3.531202
3.513818
3.496520
3.479308
3.462181
3.445139
3.428182
3.411308
3.394519
3.377813
3.361189
3.344649
3.328190
3.311813
3.295517
3.279301
3.263167
3.247112
3.231137
3.215241
3.199424
3.183685
3.168025
3.152442
3.136936
3.121507
3.106155
3.090878
3.075678
3.060552
3.045502
3.030527
3.015625
3.000798
2.986043
2.971362
2.956754
2.942218
2.927755
2.913362
2.899042
2.884792
2.870612
2.856503
2.842464
2.828495
2.814594
2.800763
2.786999
2.773305
2.759678
2.746118
2.732626
2.719200
2.705841
2.692548
2.679321
2.666159
2.653063
2.640031
2.627064
2.614161
2.601322
2.588546
2.575834
2.563185
2.550598
2.538073
2.525611
2.513210
2.500871
2.488592
2.476375
2.464218
2.452121
2.440084
2.428106
2.416188
2.404329
2.392528
2.380786
2.369101
2.357475
2.345906
2.334394
2.322940
2.311542
2.300200
2.288914
2.277685
2.266510
2.255391
2.244327
2.233318
2.222363
2.211462
2.200616
2.189822
2.179082
2.168396
2.157762
2.147180
2.136651
2.126174
2.115749
2.105375
2.095053
2.084781
2.074561
2.064391
2.054271
2.044201
2.034181
2.024210
2.014289
2.004416
1.994593
1.984818
1.975091
1.965412
1.955781
1.946198
1.936662
1.927173
1.917731
1.908335
1.898986
1.889683
1.880426
1.871215
1.862049
1.852929
1.843853
1.834823
1.825837
1.816895
1.807997
1.799144
1.790334
1.781567
1.772844
1.764164
1.755527
1.746932
1.738380
1.729870
1.721402
1.712975
1.704590
1.696247
1.687945
1.679684
1.671463
1.663283
1.655144
1.647044
1.638985
1.630965
1.622985
1.615044
1.607143
1.599280
1.591456
1.583671
1.575924
1.568215
1.560544
1.552911
1.545316
1.537758
1.530238
1.522754
1.515308
1.507898
1.500524
1.493187
1.485887
1.478622
1.471393
1.464199
1.457041
1.449918
1.442831
1.435778
1.428760
1.421777
1.414828
1.407913
1.401032
1.394186
1.387373
1.380593
1.373847
1.367134
1.360454
1.353808
1.347193
1.340612
1.334063
1.327546
1.321061
1.314608
1.308187
1.301797
1.295439
1.289112
1.282817
1.276552
1.270318
1.264115
1.257943
1.251801
1.245689
1.239607
1.233555
1.227533
1.221540
1.215577
1.209644
1.203739
1.197864
1.192017
1.186199
1.180410
1.174650
1.168917
1.163213
1.157537
1.151889
1.146269
1.140676
1.135111
1.129573
1.124062
1.118579
1.113122
1.107692
1.102289
1.096913
1.091563
1.086239
1.080942
1.075670
1.070425
1.065205
1.060011
1.054842
1.049699
1.044581
1.039488
1.034421
1.029378
1.024360
1.019366
1.014397
1.009453
1.004533
0.999637
0.994765
0.989917
0.985093
0.980292
0.975516
0.970762
0.966032
0.961325
0.956642
0.951981
0.947343
0.942728
0.938136
0.933566
0.929018
0.924493
0.919990
0.915510
0.911051
0.906614
0.902199
0.897806
0.893434
0.889084
0.884755
0.880447
0.876160
0.871895
0.867650
0.863426
0.859223
0.855041
0.850879
0.846737
0.842616
0.838515
0.834434
0.830373
0.826332
0.822311
0.818310
0.814328
0.810366
0.806423
0.802500
0.798596
0.794711
0.790845
0.786998
0.783169
0.779360
0.775569
0.771797
0.768044
0.764308
0.760591
0.756893
0.753212
0.749550
0.745905
0.742278
0.738669
0.735078
0.731505
0.727948
0.724410
0.720888
0.717384
0.713897
0.710428
0.706975
0.703539
0.700120
0.696717
0.693332
0.689963
0.686610
0.683274
0.679954
0.676650
0.673363
0.670092
0.666837
0.663597
0.660374
0.657166
0.653974
0.650798
0.647637
0.644492
0.641362
0.638247
0.635148
0.632064
0.628995
0.625941
0.622902
0.619877
0.616868
0.613873
0.610893
0.607928
0.604977
0.602040
0.599118
0.596210
0.593317
0.590437
0.587572
0.584721
0.581883
0.579060
0.576250
0.573454
0.570672
0.567903
0.565148
0.562406
0.559678
0.556963
0.554262
0.551573
0.548898
0.546236
0.543587
0.540950
0.538327
0.535717
0.533119
0.530534
0.527961
0.525402
0.522854
0.520319
0.517797
0.515287
0.512789
0.510303
0.507830
0.505368
0.502919
0.500481
0.498056
0.495642
0.493240
0.490850
0.488471
0.486105
0.483749
0.481406
0.479073
0.476752
0.474443
0.472144
0.469857
0.467581
0.465316
0.463063
0.460820
0.458588
0.456367
0.454157
0.451958
0.449769
0.447591
0.445424
0.443267
0.441121
0.438985
0.436860
0.434745
0.432641
0.430547
0.428463
0.426389
0.424325
0.422271
0.420228
0.418194
0.416170
0.414156
0.412152
0.410158
0.408173
0.406198
0.404233
0.402277
0.400331
0.398395
0.396467
0.394550
0.392641
0.390742
0.388852
0.386971
0.385100
0.383238
0.381384
0.379540
0.377705
0.375878
0.374061
0.372252
0.370453
0.368662
0.366879
0.365106
0.363341
0.361585
0.359837
0.358098
0.356367
0.354645
0.352931
0.351225
0.349528
0.347839
0.346158
0.344485
0.342821
0.341165
0.339516
0.337876
0.336244
0.334620
0.333003
0.331395
0.329794
0.328201
0.326616
0.325038
0.323469
0.321907
0.320352
0.318805
0.317266
0.315734
0.314210
0.312692
0.311183
0.309681
0.308186
0.306698
0.305217
0.303744
0.302278
0.300819
0.299367
0.297922
0.296485
0.295054
0.293630
0.292213
0.290803
0.289400
0.288004
0.286614
0.285232
0.283856
0.282486
0.281124
0.279767
0.278418
0.277075
0.275739
0.274409
0.273086
0.271769
0.270458
0.269154
0.267856
0.266564
0.265279
0.264000
0.262727
0.261461
0.260200
0.258946
0.257698
0.256456
0.255219
0.253989
0.252765
0.251547
0.250335
0.249128
0.247928
0.246733
0.245544
0.244361
0.243184
0.242012
0.240846
0.239686
0.238531
0.237382
0.236239
0.235101
0.233968
0.232841
0.231720
0.230604
0.229493
0.228388
0.227289
0.226194
0.225105
0.224021
0.222942
0.221869
0.220801
0.219738
0.218680
0.217627
0.216580
0.215537
0.214500
0.213468
0.212440
0.211418
0.210400
0.209388
0.208380
0.207378
0.206380
0.205387
0.204399
0.203415
0.202437
0.201463
0.200494
0.199529
0.198569
0.197614
0.196664
0.195718
0.194777
0.193840
0.192908
0.191980
0.191057
0.190138
0.189224
0.188314
0.187409
0.186508
0.185611
0.184719
0.183831
0.182947
0.182068
0.181193
0.180322
0.179455
0.178593
0.177734
0.176880
0.176030
0.175184
0.174343
0.173505
0.172671
0.171842
0.171016
0.170195
0.169377
0.168563
0.167754
0.166948
0.166146
0.165348
0.164554
0.163764
0.162977
0.162194
0.161416
0.160640
0.159869
0.159102
0.158338
0.157577
0.156821
0.156068
0.155319
0.154573
0.153831
0.153093
0.152358
0.151627
0.150899
0.150175
0.149454
0.148737
0.148023
0.147313
0.146606
0.145903
0.145203
0.144506
0.143813
0.143123
0.142436
0.141753
0.141073
0.140397
0.139723
0.139053
0.138386
0.137722
0.137062
0.136405
0.135751
0.135100
0.134452
0.133807
0.133166
0.132527
0.131892
0.131260
0.130630
0.130004
0.129381
0.128761
0.128144
0.127530
0.126918
0.126310
0.125705
0.125103
0.124503
0.123906
0.123313
0.122722
0.122134
0.121549
0.120967
0.120387
0.119810
0.119236
0.118665
0.118097
