62683821.111463
62683821.111463
51333128.692088
42037802.855835
34425660.863849
28191914.276781
23086965.294784
18906412.918190
15482868.777835
12679254.942699
10383315.350632
8503121.101075
6963389.642726
5702470.477249
4669876.687304
3824263.451819
3131772.608731
2564676.981853
2100270.191022
1719957.493790
1408511.256152
1153461.241529
944595.305327
773550.502980
633478.239547
518770.053521
424833.055307
347906.028957
284908.833943
233319.077024
191071.116192
156473.352840
128140.500531
104938.118445
85937.188629
70376.918325
57634.278000
47199.055389
38653.426707
31655.227084
25924.250356
21231.029676
17387.649718
14240.222580
11662.726156
9551.958237
7823.404317
6407.853651
5248.628073
4299.312616
3521.897067
2885.254045
2363.892669
1936.937912
1587.294761
1300.963747
1066.480402
874.456227
717.202779
588.423826
482.963251
396.598595
325.871999
267.951746
220.518884
181.674371
149.863043
123.811340
102.476320
85.003893
70.694626
58.975741
49.378174
41.517801
35.080054
29.807327
25.488660
21.951293
19.053751
16.680175
14.735687
13.142589
11.837252
10.767569
9.890869
9.172207
8.582967
8.099712
7.703253
7.377873
7.110701
6.891198
6.710732
6.562235
6.439919
6.339043
6.255725
6.186787
6.129625
6.082107
6.042487
6.009336
5.981482
5.957968
5.938007
5.920957
5.906291
5.893577
5.882464
5.872661
5.863931
5.856081
5.848953
5.842415
5.836361
5.830704
5.825373
5.820309
5.815465
5.810800
5.806283
5.801888
5.797593
5.793380
5.789236
5.785147
5.781105
5.777101
5.773129
5.769184
5.765261
5.761356
5.757468
5.753593
5.749729
5.745875
5.742030
5.738192
5.734361
5.730535
5.726715
5.722900
5.719088
5.715281
5.711478
5.707678
5.703881
5.700088
5.696298
5.692510
5.688726
5.684945
5.681166
5.677390
5.673616
5.669846
5.666078
5.662312
5.658550
5.654789
5.651032
5.647277
5.643524
5.639774
5.636027
5.632282
5.628539
5.624799
5.621062
5.617327
5.613595
5.609865
5.606138
5.602413
5.598691
5.594971
5.591254
5.587539
5.583826
5.580117
5.576409
5.572704
5.569002
5.565302
5.561605
5.557910
5.554217
5.550527
5.546840
5.543155
5.539472
5.535792
5.532115
5.528439
5.524767
5.521096
5.517429
5.513763
5.510101
5.506440
5.502782
5.499127
5.495474
5.491823
5.488175
5.484529
5.480886
5.477245
5.473607
5.469971
5.466338
5.462706
5.459078
5.455452
5.451828
5.448207
5.444588
5.440971
5.437357
5.433746
5.430136
5.426530
5.422925
5.419323
5.415724
5.412127
5.408532
5.404940
5.401350
5.397762
5.394177
5.390595
5.387014
5.383437
5.379861
5.376288
5.372717
5.369149
5.365583
5.362020
5.358459
5.354900
5.351344
5.347790
5.344238
5.340689
5.337142
5.333598
5.330056
5.326516
5.322979
5.319444
5.315911
5.312381
5.308853
5.305328
5.301805
5.298284
5.294766
5.291250
5.287736
5.284225
5.280716
5.277209
5.273705
5.270203
5.266703
5.263206
5.259711
5.256219
5.252729
5.249241
5.245755
5.242272
5.238791
5.235313
5.231837
5.228363
5.224891
5.221422
5.217955
5.214491
5.211028
5.207569
5.204111
5.200656
5.197203
5.193752
5.190304
5.186858
5.183414
5.179973
5.176534
5.173097
5.169662
5.166230
5.162800
5.159373
5.155948
5.152525
5.149104
5.145686
5.142269
5.138856
5.135444
5.132035
5.128628
5.125223
5.121821
5.118421
5.115023
5.111627
5.108234
5.104843
5.101454
5.098068
5.094684
5.091302
5.087922
5.084545
5.081170
5.077797
5.074426
5.071058
5.067692
5.064328
5.060966
5.057607
5.054250
5.050895
5.047543
5.044192
5.040844
5.037498
5.034155
5.030813
5.027474
5.024137
5.020803
5.017470
5.014140
5.010812
5.007486
5.004163
5.000842
4.997523
4.994206
4.990891
4.987579
4.984269
4.980961
4.977655
4.974351
4.971050
4.967751
4.964454
4.961160
4.957867
4.954577
4.951289
4.948003
4.944719
4.941438
4.938159
4.934882
4.931607
4.928334
4.925064
4.921795
4.918529
4.915265
4.912004
4.908744
4.905487
4.902231
4.898978
4.895728
4.892479
4.889233
4.885988
4.882746
4.879506
4.876269
4.873033
4.869800
4.866568
4.863339
4.860112
4.856887
4.853665
4.850444
4.847226
4.844010
4.840796
4.837584
4.834374
4.831167
4.827961
4.824758
4.821557
4.818358
4.815161
4.811967
4.808774
4.805584
4.802396
4.799209
4.796025
4.792844
4.789664
4.786486
4.783311
4.780137
4.776966
4.773797
4.770630
4.767465
4.764303
4.761142
4.757984
4.754827
4.751673
4.748521
4.745371
4.742223
4.739077
4.735933
4.732792
4.729652
4.726515
4.723379
4.720246
4.717115
4.713986
4.710859
4.707734
4.704612
4.701491
4.698372
4.695256
4.692142
4.689029
4.685919
4.682811
4.679705
4.676601
4.673499
4.670399
4.667302
4.664206
4.661112
4.658021
4.654931
4.651844
4.648759
4.645675
4.642594
4.639515
4.636438
4.633363
4.630290
4.627219
4.624150
4.621084
4.618019
4.614956
4.611896
4.608837
4.605781
4.602726
4.599674
4.596623
4.593575
4.590529
4.587484
4.584442
4.581402
4.578364
4.575328
4.572294
4.569262
4.566232
4.563204
4.560178
4.557154
4.554132
4.551112
4.548094
4.545078
4.542064
4.539052
4.536043
4.533035
4.530029
4.527025
4.524024
4.521024
4.518026
4.515030
4.512037
4.509045
4.506055
4.503067
4.500082
4.497098
4.494116
4.491137
4.488159
4.485183
4.482209
4.479238
4.476268
4.473300
4.470334
4.467370
4.464409
4.461449
4.458491
4.455535
4.452581
4.449629
4.446679
4.443731
4.440785
4.437841
4.434899
4.431959
4.429021
4.426085
4.423150
4.420218
4.417288
4.414360
4.411433
4.408509
4.405586
4.402666
4.399747
4.396831
4.393916
4.391004
4.388093
4.385184
4.382277
4.379372
4.376469
4.373568
4.370669
4.367772
4.364877
4.361984
4.359093
4.356203
4.353316
4.350430
4.347547
4.344665
4.341785
4.338907
4.336032
4.333158
4.330286
4.327416
4.324547
4.321681
4.318817
4.315954
4.313094
4.310235
4.307379
4.304524
4.301671
4.298820
4.295971
4.293124
4.290278
4.287435
4.284594
4.281754
4.278917
4.276081
4.273247
4.270415
4.267585
4.264757
4.261931
4.259106
4.256284
4.253463
4.250644
4.247828
4.245013
4.242200
4.239388
4.236579
4.233772
4.230966
4.228163
4.225361
4.222561
4.219763
4.216967
4.214172
4.211380
4.208589
4.205801
4.203014
4.200229
4.197446
4.194665
4.191885
4.189108
4.186332
4.183558
4.180786
4.178016
4.175248
4.172482
4.169717
4.166954
4.164193
4.161434
4.158677
4.155922
4.153169
4.150417
4.147667
4.144919
4.142173
4.139429
4.136686
4.133946
4.131207
4.128470
4.125735
4.123002
4.120270
4.117541
4.114813
4.112087
4.109363
4.106640
4.103920
4.101201
4.098484
4.095769
4.093056
4.090345
4.087635
4.084927
4.082221
4.079517
4.076815
4.074114
4.071415
4.068718
4.066023
4.063330
4.060638
4.057948
4.055261
4.052574
4.049890
4.047207
4.044527
4.041848
4.039170
4.036495
4.033821
4.031150
4.028480
4.025811
4.023145
4.020480
4.017817
4.015156
4.012497
4.009839
4.007184
4.004530
4.001877
3.999227
3.996578
3.993931
3.991286
3.988643
3.986001
3.983361
3.980723
3.978087
3.975452
3.972819
3.970188
3.967559
3.964932
3.962306
3.959682
3.957060
3.954439
3.951820
3.949203
3.946588
3.943975
3.941363
3.938753
3.936145
3.933538
3.930933
3.928330
3.925729
3.923129
3.920532
3.917935
3.915341
3.912748
3.910158
3.907568
3.904981
3.902395
3.899811
3.897229
3.894649
3.892070
3.889493
3.886917
3.884344
3.881772
3.879202
3.876633
3.874066
3.871501
3.868938
3.866377
3.863817
3.861258
3.858702
3.856147
3.853594
3.851043
3.848493
3.845945
3.843399
3.840854
3.838312
3.835770
3.833231
3.830693
3.828157
3.825623
3.823090
3.820559
3.818030
3.815502
3.812977
3.810452
3.807930
3.805409
3.802890
3.800372
3.797857
3.795342
3.792830
3.790319
3.787810
3.785303
3.782797
3.780293
3.777791
3.775290
3.772791
3.770294
3.767798
3.765304
3.762812
3.760321
3.757832
3.755345
3.752859
3.750375
3.747892
3.745412
3.742933
3.740455
3.737979
3.735505
3.733033
3.730562
3.728093
3.725626
3.723160
3.720695
3.718233
3.715772
3.713313
3.710855
3.708399
3.705945
3.703492
3.701041
3.698592
