62557519.247378
6488713.362393
673039.681680
69815.459894
7246.675863
756.766015
83.573838
13.714193
6.434703
5.646475
5.531761
5.487125
5.449977
5.413823
5.377987
5.342399
5.307050
5.271938
5.237060
5.202415
5.168002
5.133819
5.099865
5.066137
5.032635
4.999357
4.966301
4.933466
4.900850
4.868453
4.836272
4.804305
4.772552
4.741012
4.709682
4.678561
4.647648
4.616941
4.586440
4.556142
4.526046
4.496151
4.466456
4.436959
4.407659
4.378554
4.349644
4.320926
4.292400
4.264065
4.235918
4.207959
4.180187
4.152600
4.125197
4.097976
4.070938
4.044079
4.017400
3.990898
3.964573
3.938424
3.912449
3.886647
3.861016
3.835557
3.810268
3.785147
3.760193
3.735405
3.710783
3.686325
3.662029
3.637896
3.613923
3.590110
3.566455
3.542958
3.519617
3.496432
3.473401
3.450524
3.427798
3.405224
3.382801
3.360526
3.338400
3.316420
3.294588
3.272900
3.251356
3.229956
3.208699
3.187582
3.166607
3.145770
3.125072
3.104512
3.084089
3.063801
3.043648
3.023629
3.003743
2.983990
2.964367
2.944875
2.925513
2.906279
2.887173
2.868194
2.849341
2.830613
2.812010
2.793530
2.775173
2.756938
2.738824
2.720830
2.702956
2.685200
2.667563
2.650042
2.632638
2.615349
2.598175
2.581115
2.564168
2.547333
2.530610
2.513999
2.497497
2.481105
2.464821
2.448646
2.432578
2.416616
2.400761
2.385010
2.369364
2.353821
2.338382
2.323045
2.307809
2.292675
2.277641
2.262706
2.247871
2.233134
2.218494
2.203952
2.189505
2.175155
2.160899
2.146738
2.132671
2.118697
2.104815
2.091026
2.077327
2.063720
2.050202
2.036774
2.023435
2.010184
1.997020
1.983944
1.970955
1.958051
1.945233
1.932499
1.919850
1.907285
1.894802
1.882402
1.870084
1.857848
1.845692
1.833617
1.821622
1.809706
1.797869
1.786110
1.774429
1.762825
1.751297
1.739846
1.728471
1.717170
1.705945
1.694793
1.683715
1.672711
1.661779
1.650919
1.640131
1.629414
1.618768
1.608193
1.597687
1.587250
1.576882
1.566583
1.556352
1.546188
1.536092
1.526062
1.516098
1.506200
1.496367
1.486599
1.476896
1.467257
1.457681
1.448168
1.438718
1.429330
1.420005
1.410741
1.401537
1.392395
1.383313
1.374290
1.365328
1.356424
1.347579
1.338792
1.330063
1.321392
1.312777
1.304220
1.295719
1.287273
1.278884
1.270550
1.262270
1.254046
1.245875
1.237758
1.229695
1.221684
1.213727
1.205821
1.197968
1.190167
1.182416
1.174717
1.167069
1.159471
1.151922
1.144424
1.136975
1.129575
1.122223
1.114920
1.107665
1.100457
1.093297
1.086184
1.079118
1.072098
1.065125
1.058197
1.051315
1.044478
1.037686
1.030939
1.024236
1.017577
1.010961
1.004390
0.997861
0.991375
0.984932
0.978531
0.972172
0.965855
0.959580
0.953346
0.947152
0.940999
0.934887
0.928815
0.922782
0.916790
0.910836
0.904922
0.899046
0.893209
0.887411
0.881650
0.875927
0.870242
0.864594
0.858983
0.853408
0.847871
0.842369
0.836904
0.831475
0.826081
0.820722
0.815399
0.810111
0.804857
0.799638
0.794452
0.789301
0.784184
0.779100
0.774049
0.769032
0.764047
0.759095
0.754176
0.749288
0.744433
0.739610
0.734818
0.730057
0.725328
0.720629
0.715961
0.711324
0.706718
0.702141
0.697594
0.693077
0.688590
0.684132
0.679703
0.675303
0.670932
0.666590
0.662276
0.657990
0.653732
0.649502
0.645299
0.641125
0.636977
0.632857
0.628763
0.624696
0.620656
0.616642
0.612655
0.608693
0.604758
0.600848
0.596963
0.593104
0.589271
0.585462
0.581678
0.577919
0.574184
0.570474
0.566788
0.563126
0.559488
0.555874
0.552283
0.548716
0.545172
0.541651
0.538154
0.534679
0.531226
0.527796
0.524389
0.521004
0.517641
0.514300
0.510980
0.507682
0.504406
0.501151
0.497918
0.494705
0.491514
0.488343
0.485193
0.482063
0.478954
0.475865
0.472796
0.469747
0.466718
0.463709
0.460720
0.457749
0.454799
0.451867
0.448955
0.446061
0.443187
0.440331
0.437493
0.434674
0.431874
0.429092
0.426328
0.423581
0.420853
0.418143
0.415450
0.412774
0.410116
0.407476
0.404852
0.402246
0.399656
0.397084
0.394528
0.391989
0.389466
0.386959
0.384469
0.381996
0.379538
0.377096
0.374670
0.372260
0.369865
0.367487
0.365123
0.362775
0.360442
0.358124
0.355822
0.353534
0.351261
0.349003
0.346760
0.344531
0.342317
0.340117
0.337931
0.335760
0.333602
0.331459
0.329330
0.327214
0.325112
0.323024
0.320949
0.318888
0.316840
0.314806
0.312784
0.310776
0.308781
0.306798
0.304829
0.302872
0.300928
0.298997
0.297078
0.295172
0.293278
0.291396
0.289527
0.287669
0.285824
0.283990
0.282169
0.280359
0.278561
0.276775
0.275000
0.273237
0.271485
0.269744
0.268015
0.266297
0.264590
0.262894
0.261209
0.259535
0.257872
0.256220
0.254578
0.252947
0.251327
0.249717
0.248117
0.246528
0.244949
0.243380
0.241822
0.240273
0.238735
0.237206
0.235688
0.234179
0.232680
0.231191
0.229711
0.228241
0.226780
0.225329
0.223887
0.222455
0.221031
0.219617
0.218212
0.216817
0.215430
0.214052
0.212683
0.211323
0.209972
0.208629
0.207295
0.205970
0.204653
0.203345
0.202045
0.200754
0.199471
0.198196
0.196930
0.195671
0.194421
0.193179
0.191945
0.190719
0.189501
0.188290
0.187088
0.185893
0.184706
0.183526
0.182354
0.181190
0.180033
0.178884
0.177742
0.176608
0.175480
0.174360
0.173248
0.172142
0.171044
0.169952
0.168868
0.167791
0.166720
0.165657
0.164600
0.163551
0.162507
0.161471
0.160441
0.159418
0.158402
0.157392
0.156389
0.155392
0.154401
0.153417
0.152439
0.151468
0.150503
0.149544
0.148591
0.147644
0.146704
0.145769
0.144840
0.143918
0.143001
0.142091
0.141186
0.140287
0.139393
0.138506
0.137624
0.136748
0.135877
0.135012
0.134153
0.133299
0.132451
0.131608
0.130771
0.129938
0.129112
0.128290
0.127474
0.126663
0.125858
0.125057
0.124262
0.123471
0.122686
0.121906
0.121131
0.120361
0.119596
0.118835
0.118080
0.117329
0.116584
0.115843
0.115107
0.114375
0.113648
0.112926
0.112209
0.111496
0.110788
0.110084
0.109385
0.108690
0.108000
0.107314
0.106632
0.105955
0.105282
0.104614
0.103950
0.103290
0.102634
0.101983
0.101336
0.100693
0.100054
0.099419
0.098788
0.098161
0.097538
0.096919
0.096305
0.095694
0.095087
0.094484
0.093885
0.093289
0.092698
0.092110
0.091526
0.090946
0.090369
0.089796
0.089227
0.088661
0.088100
0.087541
0.086986
0.086435
0.085888
0.085343
0.084803
0.084265
0.083732
0.083201
0.082674
0.082151
0.081630
0.081114
0.080600
0.080090
0.079582
0.079079
0.078578
0.078081
0.077586
0.077095
0.076607
0.076123
0.075641
0.075162
0.074687
0.074214
0.073745
0.073278
0.072815
0.072354
0.071896
0.071442
0.070990
0.070541
0.070095
0.069652
0.069211
0.068774
0.068339
0.067907
0.067478
0.067051
0.066627
0.066206
0.065788
0.065372
0.064959
0.064549
0.064141
0.063736
0.063333
0.062933
0.062536
0.062141
0.061748
0.061358
0.060971
0.060586
0.060203
0.059823
0.059446
0.059070
0.058698
0.058327
0.057959
0.057593
0.057230
0.056869
0.056510
0.056153
0.055799
0.055447
0.055097
0.054750
0.054404
0.054061
0.053720
0.053381
0.053045
0.052710
0.052378
0.052048
0.051720
0.051394
0.051070
0.050748
0.050428
0.050110
0.049794
0.049481
0.049169
0.048859
0.048551
0.048245
0.047941
0.047639
0.047339
0.047041
0.046745
0.046451
0.046158
0.045867
0.045579
0.045292
0.045007
0.044723
0.044442
0.044162
0.043884
0.043608
0.043333
0.043061
0.042790
0.042520
0.042253
0.041987
0.041723
0.041461
0.041200
0.040941
0.040683
0.040427
0.040173
0.039920
0.039669
0.039420
0.039172
0.038926
0.038681
0.038438
0.038196
0.037956
0.037718
0.037481
0.037245
0.037011
0.036779
0.036548
0.036318
0.036090
0.035863
0.035638
0.035414
0.035192
0.034971
0.034751
0.034533
0.034316
0.034101
0.033886
0.033674
