138412467784.308868
240948.215647
36345.944378
36097.336510
35850.765138
35605.916191
35362.777395
35121.336564
34881.581602
34643.500498
34407.081331
34172.312265
33939.181549
33707.677518
33477.788593
33249.503277
33022.810156
32797.697899
32574.155259
32352.171069
32131.734241
31912.833770
31695.458731
31479.598275
31265.241634
31052.378118
30840.997112
30631.088082
30422.640565
30215.644179
30010.088612
29805.963630
29603.259073
29401.964852
29202.070953
29003.567435
28806.444425
28610.692127
28416.300811
28223.260820
28031.562565
27841.196528
27652.153258
27464.423375
27277.997563
27092.866577
26909.021235
26726.452424
26545.151097
26365.108270
26186.315026
26008.762511
25832.441935
25657.344573
25483.461760
25310.784897
25139.305445
24969.014925
24799.904922
24631.967082
24465.193107
24299.574764
24135.103876
23971.772326
23809.572055
23648.495063
23488.533407
23329.679200
23171.924615
23015.261878
22859.683273
22705.181138
22551.747868
22399.375912
22248.057772
22097.786006
21948.553225
21800.352092
21653.175323
21507.015688
21361.866009
21217.719156
21074.568054
20932.405678
20791.225054
20651.019255
20511.781408
20373.504687
20236.182315
20099.807564
19964.373756
19829.874258
19696.302487
19563.651906
19431.916026
19301.088403
19171.162640
19042.132387
18913.991338
18786.733233
18660.351857
18534.841039
18410.194653
18286.406616
18163.470890
18041.381479
17920.132430
17799.717835
17680.131824
17561.368574
17443.422299
17326.287258
17209.957750
17094.428114
16979.692730
16865.746020
16752.582443
16640.196500
16528.582730
16417.735711
16307.650062
16198.320437
16089.741531
15981.908077
15874.814843
15768.456638
15662.828305
15557.924725
15453.740816
15350.271533
15247.511866
15145.456840
15044.101517
14943.440994
14843.470403
14744.184911
14645.579718
14547.650060
14450.391207
14353.798461
14257.867160
14162.592673
14067.970404
13973.995788
13880.664295
13787.971424
13695.912709
13604.483715
13513.680038
13423.497305
13333.931176
13244.977341
13156.631520
13068.889465
12981.746956
12895.199807
12809.243857
12723.874977
12639.089070
12554.882062
12471.249915
12388.188614
12305.694176
12223.762645
12142.390093
12061.572621
11981.306357
11901.587457
11822.412104
11743.776508
11665.676906
11588.109562
11511.070766
11434.556836
11358.564115
11283.088971
11208.127800
11133.677021
11059.733082
10986.292452
10913.351629
10840.907132
10768.955509
10697.493330
10626.517188
10556.023704
10486.009520
10416.471302
10347.405741
10278.809551
10210.679470
10143.012256
10075.804694
10009.053590
9942.755772
9876.908091
9811.507422
9746.550660
9682.034722
9617.956549
9554.313101
9491.101361
9428.318333
9365.961043
9304.026537
9242.511883
9181.414168
9120.730501
9060.458012
9000.593849
8941.135183
8882.079204
8823.423120
8765.164162
8707.299577
8649.826636
8592.742624
8536.044849
8479.730637
8423.797333
8368.242300
8313.062921
8258.256595
8203.820743
8149.752802
8096.050226
8042.710489
7989.731083
7937.109516
7884.843315
7832.930023
7781.367202
7730.152431
7679.283305
7628.757437
7578.572455
7528.726007
7479.215754
7430.039376
7381.194568
7332.679042
7284.490527
7236.626765
7189.085517
7141.864558
7094.961680
7048.374690
7002.101409
6956.139675
6910.487341
6865.142275
6820.102359
6775.365493
6730.929588
6686.792571
6642.952385
6599.406986
6556.154344
6513.192445
6470.519287
6428.132884
6386.031264
6344.212467
6302.674548
6261.415575
6220.433631
6179.726811
6139.293224
6099.130992
6059.238251
6019.613149
5980.253847
5941.158521
5902.325356
5863.752553
5825.438325
5787.380896
5749.578504
5712.029399
5674.731843
5637.684111
5600.884488
5564.331274
5528.022778
5491.957322
5456.133242
5420.548881
5385.202599
5350.092762
5315.217752
5280.575959
5246.165788
5211.985650
5178.033972
5144.309190
5110.809750
5077.534110
5044.480740
5011.648117
4979.034733
4946.639088
4914.459692
4882.495068
4850.743746
4819.204270
4787.875190
4756.755071
4725.842482
4695.136008
4664.634241
4634.335781
4604.239242
4574.343245
4544.646420
4515.147409
4485.844861
4456.737437
4427.823805
4399.102643
4370.572638
4342.232488
4314.080898
4286.116583
4258.338265
4230.744679
4203.334565
4176.106673
4149.059762
4122.192599
4095.503962
4068.992633
4042.657407
4016.497084
3990.510475
3964.696398
3939.053678
3913.581151
3888.277658
3863.142051
3838.173188
3813.369935
3788.731168
3764.255767
3739.942624
3715.790636
3691.798709
3667.965754
3644.290694
3620.772455
3597.409974
3574.202193
3551.148062
3528.246539
3505.496589
3482.897184
3460.447302
3438.145929
3415.992060
3393.984693
3372.122837
3350.405504
3328.831716
3307.400501
3286.110892
3264.961931
3243.952665
3223.082149
3202.349443
3181.753615
3161.293738
3140.968892
3120.778165
3100.720649
3080.795442
3061.001651
3041.338387
3021.804768
3002.399917
2983.122965
2963.973046
2944.949304
2926.050885
2907.276944
2888.626640
2870.099139
2851.693610
2833.409232
2815.245187
2797.200663
2779.274853
2761.466957
2743.776180
2726.201732
2708.742828
2691.398691
2674.168547
2657.051627
2640.047168
2623.154414
2606.372612
2589.701014
2573.138879
2556.685469
2540.340054
2524.101906
2507.970303
2491.944529
2476.023871
2460.207624
2444.495084
2428.885554
2413.378343
2397.972762
2382.668129
2367.463764
2352.358995
2337.353153
2322.445573
2307.635595
2292.922564
2278.305830
2263.784745
2249.358669
2235.026964
2220.788996
2206.644137
2192.591763
2178.631254
2164.761992
2150.983368
2137.294774
2123.695606
2110.185264
2096.763155
2083.428688
2070.181274
2057.020332
2043.945283
2030.955551
2018.050566
2005.229761
1992.492572
1979.838440
1967.266810
1954.777131
1942.368853
1930.041434
1917.794332
1905.627011
1893.538938
1881.529583
1869.598421
1857.744929
1845.968590
1834.268887
1822.645309
1811.097349
1799.624501
1788.226265
1776.902143
1765.651640
1754.474266
1743.369533
1732.336957
1721.376056
1710.486354
1699.667376
1688.918650
1678.239708
1667.630087
1657.089324
1646.616961
1636.212543
1625.875617
1615.605734
1605.402449
1595.265318
1585.193901
1575.187761
1565.246464
1555.369580
1545.556679
1535.807338
1526.121132
1516.497644
1506.936456
1497.437154
1487.999329
1478.622571
1469.306474
1460.050638
1450.854661
1441.718147
1432.640700
1423.621930
1414.661447
1405.758865
1396.913799
1388.125869
1379.394696
1370.719904
1362.101119
1353.537970
1345.030089
1336.577110
1328.178669
1319.834405
1311.543960
1303.306978
1295.123105
1286.991989
1278.913281
1270.886636
1262.911708
1254.988156
1247.115640
1239.293823
1231.522371
1223.800949
1216.129228
1208.506879
1200.933577
1193.408997
1185.932819
1178.504722
1171.124389
1163.791505
1156.505757
1149.266834
1142.074428
1134.928231
1127.827939
1120.773249
1113.763862
1106.799478
1099.879800
1093.004535
1086.173390
1079.386074
1072.642299
1065.941778
1059.284227
1052.669362
1046.096903
1039.566571
1033.078088
1026.631180
1020.225574
1013.860997
1007.537180
1001.253855
995.010756
988.807619
982.644181
976.520182
970.435362
964.389465
958.382235
952.413417
946.482761
940.590015
934.734931
928.917262
923.136762
917.393189
911.686299
906.015852
900.381610
894.783335
889.220791
883.693746
878.201965
872.745218
867.323277
861.935912
856.582898
851.264010
845.979024
840.727719
835.509875
830.325272
825.173694
820.054925
814.968749
809.914955
804.893330
799.903664
794.945749
790.019377
785.124343
780.260441
775.427468
770.625224
765.853506
761.112116
756.400857
751.719530
747.067943
742.445900
737.853208
733.289678
728.755118
724.249340
719.772156
715.323380
710.902828
706.510314
702.145658
697.808677
693.499191
689.217022
684.961991
680.733923
676.532642
672.357973
668.209744
664.087783
659.991919
655.921982
651.877804
647.859219
643.866058
639.898158
635.955355
632.037485
628.144386
624.275899
620.431862
616.612118
612.816510
609.044879
605.297072
601.572933
597.872310
594.195049
590.541000
586.910011
583.301935
579.716621
576.153923
572.613695
569.095791
565.600066
562.126377
558.674581
555.244538
551.836105
548.449144
545.083515
541.739080
538.415704
535.113249
531.831580
528.570563
525.330065
522.109953
518.910095
515.730362
512.570622
509.430747
506.310608
503.210079
500.129033
497.067343
494.024887
491.001538
487.997175
485.011674
482.044915
479.096776
476.167138
473.255881
470.362887
467.488039
464.631219
461.792312
458.971202
456.167775
453.381917
450.613515
447.862456
445.128630
442.411925
439.712232
437.029441
434.363443
431.714131
429.081397
426.465135
423.865239
421.281605
418.714127
416.162702
413.627227
411.107599
408.603717
406.115481
403.642789
401.185542
398.743641
396.316988
393.905484
391.509033
389.127539
386.760905
384.409037
382.071839
379.749219
377.441082
375.147335
372.867888
370.602648
368.351525
366.114428
363.891267
361.681953
359.486399
357.304515
355.136215
352.981412
350.840020
348.711952
346.597124
344.495451
342.406850
340.331236
338.268528
336.218642
334.181497
332.157011
330.145104
328.145696
326.158707
324.184057
322.221669
320.271463
318.333363
316.407292
314.493171
312.590927
310.700482
308.821762
306.954693
305.099199
303.255208
301.422645
299.601440
297.791518
295.992810
294.205242
292.428745
290.663248
288.908681
287.164975
285.432061
283.709870
281.998334
280.297385
278.606957
276.926983
275.257395
273.598129
271.949118
270.310299
268.681605
267.062973
265.454340
263.855641
262.266814
260.687796
259.118525
257.558940
256.008978
254.468580
252.937684
251.416231
249.904160
248.401413
246.907930
245.423652
243.948522
242.482482
241.025473
239.577440
238.138325
236.708072
235.286625
233.873928
232.469927
231.074565
229.687789
228.309545
226.939778
225.578435
224.225463
222.880809
221.544420
220.216245
218.896232
217.584329
216.280485
214.984649
213.696771
212.416801
211.144689
209.880385
208.623841
207.375006
206.133834
204.900275
203.674282
202.455807
201.244803
200.041222
198.845019
197.656146
196.474558
195.300209
194.133053
192.973046
191.820141
190.674295
189.535464
188.403602
187.278667
186.160615
185.049403
183.944988
182.847327
181.756377
180.672098
179.594446
178.523381
177.458861
176.400845
175.349292
174.304161
173.265414
172.233009
171.206906
170.187067
169.173453
168.166023
167.164740
166.169564
165.180459
164.197385
163.220306
162.249183
161.283979
160.324658
159.371182
158.423515
157.481621
156.545464
155.615007
154.690216
153.771054
152.857488
151.949481
151.046999
150.150007
149.258472
148.372359
147.491635
146.616266
145.746218
144.881458
144.021953
143.167672
142.318580
141.474646
140.635837
139.802122
138.973469
138.149847
137.331223
136.517568
135.708849
134.905037
134.106101
133.312010
132.522734
131.738244
130.958510
130.183502
129.413190
128.647546
127.886540
127.130144
126.378329
125.631067
124.888330
124.150088
123.416315
122.686982
121.962063
121.241529
120.525354
119.813510
119.105971
118.402710
117.703700
117.008915
116.318329
115.631916
114.949650
114.271505
113.597456
112.927477
112.261544
111.599631
110.941713
110.287766
109.637764
108.991685
108.349502
107.711193
107.076734
106.446099
105.819267
105.196213
104.576914
103.961347
103.349488
102.741316
102.136806
101.535937
100.938686
100.345031
99.754949
99.168418
98.585418
98.005924
97.429917
96.857375
96.288276
95.722599
95.160323
94.601427
94.045890
93.493691
92.944811
92.399228
91.856922
91.317873
90.782061
90.249466
89.720069
89.193849
88.670787
88.150863
87.634059
87.120355
86.609732
86.102171
85.597654
85.096161
84.597674
84.102175
83.609645
83.120065
82.633419
82.149688
81.668853
81.190898
80.715804
80.243554
79.774131
79.307517
78.843695
78.382648
77.924358
77.468810
77.015986
76.565869
76.118443
75.673691
75.231597
74.792145
74.355319
73.921102
73.489479
73.060433
72.633949
72.210011
71.788604
71.369712
70.953320
70.539412
70.127974
69.718990
69.312445
68.908324
68.506613
68.107297
67.710361
67.315790
66.923571
66.533688
66.146128
65.760877
65.377919
64.997242
64.618832
64.242674
63.868755
63.497061
63.127579
62.760295
62.395195
62.032267
61.671498
61.312873
60.956381
60.602007
60.249740
59.899566
59.551473
59.205447
58.861477
58.519550
58.179653
57.841774
57.505901
57.172022
56.840124
56.510195
56.182224
55.856199
55.532107
55.209937
54.889678
54.571318
54.254844
53.940247
53.627513
53.316633
53.007595
52.700387
52.394999
52.091420
51.789638
51.489643
51.191423
50.894969
50.600268
50.307312
50.016089
49.726588
49.438800
49.152714
48.868319
48.585606
48.304563
48.025182
47.747452
47.471363
47.196904
46.924067
46.652842
46.383218
46.115186
45.848737
45.583860
45.320547
45.058787
44.798572
44.539892
44.282738
44.027101
43.772971
43.520339
43.269197
43.019536
42.771346
42.524618
42.279344
42.035515
41.793122
41.552157
41.312611
41.074476
40.837742
40.602402
40.368447
40.135869
39.904660
39.674810
39.446313
39.219159
38.993342
38.768852
38.545682
38.323824
38.103270
37.884012
37.666042
37.449353
37.233937
37.019786
36.806892
36.595249
36.384849
36.175683
35.967745
35.761028
35.555523
35.351224
35.148124
34.946215
34.745490
34.545942
34.347565
34.150350
33.954291
33.759381
33.565613
33.372981
33.181477
32.991095
32.801827
32.613669
32.426612
32.240650
32.055776
31.871985
31.689269
31.507622
31.327038
31.147511
30.969033
30.791599
30.615203
30.439838
30.265498
30.092178
29.919870
29.748569
29.578269
29.408963
29.240647
29.073314
28.906958
28.741573
28.577154
28.413694
28.251189
28.089631
27.929017
27.769340
27.610594
27.452774
27.295874
27.139889
26.984814
26.830643
26.677370
26.524991
26.373499
26.222891
26.073159
25.924300
25.776308
25.629178
25.482904
25.337482
25.192906
25.049172
24.906275
24.764209
24.622970
24.482552
24.342951
24.204162
24.066180
23.929000
23.792618
23.657028
23.522227
23.388209
23.254970
23.122504
22.990809
22.859878
22.729708
22.600293
22.471630
22.343714
22.216541
22.090105
21.964403
21.839431
21.715184
21.591657
21.468847
21.346749
21.225360
21.104674
20.984687
20.865396
20.746797
20.628885
20.511656
20.395106
20.279232
20.164028
20.049492
19.935619
19.822405
19.709847
19.597940
19.486681
19.376066
19.266091
19.156752
19.048046
18.939968
18.832516
18.725685
18.619471
18.513872
18.408883
18.304501
18.200722
18.097543
17.994959
17.892969
17.791568
17.690752
17.590518
17.490863
17.391784
17.293276
17.195337
17.097964
17.001152
16.904899
16.809201
16.714055
16.619458
16.525406
16.431897
16.338926
16.246492
16.154591
16.063219
15.972374
15.882052
15.792251
15.702967
15.614197
15.525938
15.438188
15.350943
15.264200
15.177956
15.092209
15.006956
14.922192
14.837917
14.754127
14.670818
14.587988
14.505635
14.423756
14.342347
14.261406
14.180931
14.100918
14.021364
13.942268
13.863627
13.785437
13.707696
13.630402
13.553551
13.477142
13.401171
13.325637
13.250536
13.175866
13.101625
13.027809
12.954418
12.881447
12.808894
12.736758
12.665035
12.593724
12.522821
12.452325
12.382233
12.312543
12.243252
12.174358
12.105858
12.037751
11.970035
11.902706
11.835762
11.769202
11.703023
11.637222
11.571799
11.506749
11.442072
11.377765
11.313826
11.250253
11.187043
11.124195
11.061706
10.999574
10.937798
10.876374
10.815302
10.754579
10.694203
10.634171
10.574483
10.515136
10.456128
10.397456
10.339120
10.281117
10.223445
10.166102
10.109086
10.052396
9.996029
9.939984
9.884259
9.828851
9.773760
9.718983
9.664518
9.610364
9.556518
9.502980
9.449746
9.396816
9.344188
9.291859
9.239829
9.188095
9.136656
9.085509
9.034654
8.984089
8.933811
8.883820
8.834113
8.784689
8.735546
8.686683
8.638099
8.589790
8.541756
8.493996
8.446507
8.399288
8.352337
8.305654
8.259236
8.213082
8.167190
8.121559
8.076187
8.031073
7.986215
7.941612
7.897262
7.853165
7.809317
7.765719
7.722368
7.679263
7.636403
7.593786
7.551411
7.509276
7.467381
7.425723
7.384301
7.343114
7.302161
7.261440
7.220950
7.180690
7.140658
7.100852
7.061272
7.021917
6.982784
6.943874
6.905183
6.866712
6.828459
6.790422
6.752601
6.714993
6.677599
6.640417
6.603444
6.566681
6.530127
6.493779
6.457636
6.421698
6.385963
6.350431
6.315099
6.279967
6.245034
6.210299
6.175759
6.141415
6.107265
6.073308
6.039543
6.005968
5.972584
5.939387
5.906379
5.873556
5.840920
5.808467
5.776197
5.744110
5.712204
5.680478
5.648931
5.617562
5.586370
5.555354
5.524513
5.493846
5.463351
5.433029
5.402878
5.372897
5.343084
5.313440
5.283963
5.254652
5.225506
5.196525
5.167707
5.139051
5.110556
5.082222
5.054048
5.026032
4.998174
4.970472
4.942927
4.915537
4.888301
4.861218
4.834287
4.807509
4.780880
4.754402
4.728072
4.701891
4.675857
4.649969
4.624227
4.598629
4.573176
4.547865
4.522697
4.497670
4.472784
4.448037
4.423430
4.398961
4.374629
4.350434
4.326375
4.302451
4.278661
4.255005
4.231482
4.208090
4.184830
4.161701
4.138701
4.115830
4.093088
4.070473
4.047985
4.025623
4.003387
3.981275
3.959287
3.937423
3.915681
3.894061
3.872562
3.851184
3.829925
3.808785
3.787764
3.766861
3.746075
3.725405
3.704851
3.684412
3.664088
3.643877
3.623780
3.603795
3.583921
3.564159
3.544508
3.524967
3.505535
3.486211
3.466996
3.447888
3.428887
3.409993
3.391204
3.372520
3.353940
3.335465
3.317092
3.298823
3.280655
3.262589
3.244624
3.226759
3.208994
3.191329
3.173762
3.156293
3.138921
3.121647
3.104469
3.087387
3.070400
3.053508
3.036711
3.020007
3.003396
2.986879
2.970453
2.954119
2.937876
2.921723
2.905661
2.889688
2.873804
2.858009
2.842302
2.826683
2.811150
2.795704
2.780344
2.765070
2.749881
2.734777
2.719756
2.704820
2.689966
2.675195
2.660507
2.645900
2.631375
2.616930
2.602566
2.588282
2.574077
2.559952
2.545905
2.531936
2.518045
2.504231
2.490494
2.476833
2.463249
2.449740
2.436306
2.422946
2.409662
2.396450
2.383313
2.370248
2.357256
2.344336
2.331488
2.318712
2.306006
2.293371
2.280806
2.268311
2.255885
2.243528
2.231240
2.219020
2.206868
2.194784
2.182766
2.170815
2.158931
2.147113
2.135360
2.123672
2.112049
2.100491
2.088996
2.077566
2.066199
2.054895
2.043653
2.032474
2.021357
2.010301
1.999307
1.988374
1.977501
1.966689
1.955936
1.945243
1.934610
1.924035
1.913519
1.903061
1.892661
1.882318
1.872033
1.861805
1.851633
1.841518
1.831459
1.821455
1.811507
1.801614
1.791775
1.781991
1.772261
1.762585
1.752963
1.743393
1.733877
1.724413
1.715002
1.705642
1.696335
1.687079
1.677874
1.668720
1.659616
1.650563
1.641560
1.632606
1.623702
1.614847
1.606042
1.597284
1.588575
1.579915
1.571302
1.562736
1.554218
1.545747
1.537323
1.528945
1.520614
1.512328
1.504088
1.495894
1.487745
1.479641
1.471581
1.463566
1.455595
1.447668
1.439785
1.431946
1.424149
1.416396
1.408685
1.401017
1.393391
1.385807
1.378265
1.370765
1.363305
1.355887
1.348510
1.341174
1.333877
1.326621
1.319406
1.312229
1.305093
1.297995
1.290937
1.283917
1.276936
1.269994
1.263090
1.256224
1.249395
1.242604
1.235851
1.229135
1.222455
1.215813
1.209207
1.202637
1.196103
1.189606
1.183144
1.176717
1.170326
1.163970
1.157649
1.151363
1.145111
1.138894
1.132711
1.126562
1.120446
1.114365
1.108316
1.102301
1.096319
1.090370
1.084453
1.078569
1.072717
1.066898
1.061110
1.055354
1.049630
1.043937
1.038275
1.032645
1.027045
1.021476
1.015938
1.010430
1.004952
0.999504
0.994086
0.988698
0.983340
0.978011
0.972711
0.967440
0.962198
0.956985
0.951800
0.946644
0.941516
0.936416
0.931344
0.926300
0.921283
0.916294
0.911333
0.906398
0.901491
0.896610
0.891756
0.886929
0.882128
0.877354
0.872605
0.867883
0.863186
0.858515
0.853870
0.849250
0.844656
0.840086
0.835542
0.831022
0.826528
0.822057
0.817612
0.813190
0.808793
0.804420
0.800071
0.795745
0.791443
0.787165
0.782910
0.778678
0.774470
0.770284
0.766122
0.761982
0.757864
0.753770
0.749697
0.745647
0.741619
0.737613
0.733629
0.729667
0.725726
0.721807
0.717909
0.714032
0.710177
0.706343
0.702529
0.698737
0.694965
0.691214
0.687483
0.683773
0.680082
0.676412
0.672762
0.669132
0.665522
0.661931
0.658360
0.654809
0.651277
0.647764
0.644270
0.640795
0.637340
0.633903
0.630485
0.627085
0.623704
0.620342
0.616997
0.613671
0.610363
0.607074
0.603802
0.600548
0.597311
0.594092
0.590891
0.587707
0.584541
0.581392
0.578260
0.575145
0.572047
0.568966
0.565901
0.562854
0.559822
0.556808
0.553810
0.550828
0.547862
0.544913
0.541979
0.539062
0.536160
0.533274
0.530404
0.527550
0.524710
0.521887
0.519079
0.516286
0.513508
0.510745
0.507998
0.505265
0.502547
0.499844
0.497156
0.494482
0.491823
0.489178
0.486548
0.483932
0.481330
0.478742
0.476168
0.473608
0.471063
0.468531
0.466012
0.463508
0.461017
0.458539
0.456075
0.453625
0.451188
0.448763
0.446353
0.443955
0.441570
0.439198
0.436839
0.434493
0.432159
0.429839
0.427530
0.425235
0.422951
0.420681
0.418422
0.416176
0.413942
0.411720
0.409510
0.407312
0.405126
0.402952
0.400789
0.398638
0.396499
0.394372
0.392256
0.390152
0.388059
0.385977
0.383907
0.381847
0.379799
0.377762
0.375736
0.373722
0.371718
0.369724
0.367742
0.365770
0.363809
0.361859
0.359919
0.357990
0.356071
0.354163
0.352265
0.350377
0.348499
0.346632
0.344774
0.342927
0.341090
0.339262
0.337445
0.335637
0.333839
0.332051
0.330273
0.328504
0.326745
0.324995
0.323254
0.321524
0.319802
0.318090
0.316387
0.314693
0.313008
0.311333
0.309666
0.308009
0.306361
0.304721
0.303090
0.301468
0.299855
0.298251
0.296655
0.295068
0.293489
0.291919
0.290358
0.288804
0.287260
0.285723
0.284195
0.282675
0.281164
0.279660
0.278165
0.276677
0.275198
0.273727
0.272264
0.270808
0.269361
0.267921
0.266489
0.265064
0.263648
0.262239
0.260837
0.259444
0.258057
0.256679
0.255307
0.253943
0.252587
0.251237
0.249895
0.248560
0.247233
0.245912
0.244599
0.243293
0.241994
0.240701
0.239416
0.238138
0.236866
0.235602
0.234344
0.233093
0.231849
0.230611
0.229380
0.228156
0.226938
0.225727
0.224523
0.223325
0.222133
0.220948
0.219769
0.218597
0.217430
0.216270
0.215117
0.213969
0.212828
0.211693
0.210564
0.209441
0.208324
0.207213
0.206108
0.205009
0.203916
0.202829
0.201748
0.200672
0.199603
0.198539
0.197480
0.196428
0.195381
0.194340
0.193304
0.192274
0.191249
0.190230
0.189217
0.188208
0.187206
0.186208
0.185217
0.184230
0.183249
0.182272
0.181302
0.180336
0.179376
0.178420
0.177470
0.176525
0.175585
0.174651
0.173721
0.172796
0.171876
0.170961
0.170051
0.169146
0.168245
0.167350
0.166459
0.165573
0.164692
0.163816
0.162944
0.162077
0.161215
0.160357
0.159504
0.158655
0.157811
0.156972
0.156137
0.155307
0.154481
0.153659
0.152842
0.152029
0.151220
0.150416
0.149617
0.148821
0.148030
0.147243
0.146460
0.145681
0.144907
0.144137
0.143371
0.142609
0.141851
0.141097
0.140347
0.139601
0.138859
0.138121
0.137388
0.136658
0.135932
0.135209
0.134491
0.133777
0.133066
0.132359
0.131656
0.130957
0.130261
0.129570
0.128882
0.128197
0.127516
0.126839
0.126166
0.125496
0.124830
0.124167
0.123508
0.122852
0.122200
0.121552
0.120906
0.120265
0.119626
0.118991
0.118360
0.117732
0.117107
0.116486
0.115868
0.115253
0.114642
0.114033
0.113428
0.112827
0.112228
0.111633
0.111041
0.110452
0.109866
0.109283
0.108704
0.108127
0.107554
0.106984
0.106417
0.105852
0.105291
0.104733
0.104178
0.103625
0.103076
0.102530
0.101986
0.101446
0.100908
0.100373
0.099841
0.099312
0.098786
0.098263
0.097742
0.097224
0.096709
0.096197
0.095687
0.095180
0.094676
0.094174
0.093676
0.093179
0.092686
0.092195
0.091707
0.091221
0.090738
0.090258
0.089780
0.089304
0.088832
0.088361
0.087893
0.087428
0.086965
0.086505
0.086047
0.085592
0.085139
0.084688
0.084240
0.083794
0.083351
0.082909
0.082471
0.082034
0.081600
0.081169
0.080739
0.080312
0.079887
0.079464
0.079044
0.078626
0.078210
0.077796
0.077385
0.076976
0.076569
0.076164
0.075761
0.075360
0.074962
0.074566
0.074171
0.073779
0.073389
0.073001
0.072615
0.072231
0.071850
0.071470
0.071092
0.070716
0.070343
0.069971
0.069601
0.069233
0.068867
0.068503
0.068141
0.067781
0.067423
0.067067
0.066713
0.066360
0.066010
0.065661
0.065314
0.064969
0.064626
0.064285
0.063945
0.063608
0.063272
0.062938
0.062605
0.062275
0.061946
0.061619
0.061293
0.060970
0.060648
0.060328
0.060009
0.059693
0.059377
0.059064
0.058752
0.058442
0.058134
0.057827
0.057522
0.057218
0.056916
0.056616
0.056317
0.056020
0.055725
0.055431
0.055138
0.054847
0.054558
0.054270
0.053984
0.053699
0.053416
0.053134
0.052854
0.052575
0.052298
0.052022
0.051748
0.051475
0.051204
0.050934
0.050665
0.050398
0.050132
0.049868
0.049605
0.049344
0.049083
0.048825
0.048567
0.048311
0.048057
0.047803
0.047552
0.047301
0.047052
0.046804
0.046557
0.046312
0.046068
0.045825
0.045584
0.045343
0.045105
0.044867
0.044631
0.044396
0.044162
0.043929
0.043698
0.043468
0.043239
0.043011
0.042784
0.042559
0.042335
0.042112
0.041890
0.041670
0.041450
0.041232
0.041015
0.040799
0.040584
0.040371
0.040158
0.039947
0.039737
0.039527
0.039319
0.039113
0.038907
0.038702
0.038498
0.038296
0.038094
0.037894
0.037694
0.037496
0.037299
0.037103
0.036907
0.036713
0.036520
0.036328
0.036137
0.035947
0.035758
0.035570
0.035383
0.035196
0.035011
0.034827
0.034644
0.034462
0.034281
0.034100
0.033921
0.033743
0.033565
0.033389
0.033213
0.033039
0.032865
0.032692
0.032521
0.032350
0.032180
0.032010
0.031842
0.031675
0.031508
0.031343
0.031178
0.031014
0.030851
0.030689
0.030528
0.030368
0.030208
0.030049
0.029891
0.029734
0.029578
0.029423
0.029268
0.029115
0.028962
0.028810
0.028658
0.028508
0.028358
0.028209
0.028061
0.027914
0.027767
0.027621
0.027476
0.027332
0.027188
0.027046
0.026904
0.026762
0.026622
0.026482
0.026343
0.026205
0.026067
0.025931
0.025794
0.025659
0.025524
0.025390
0.025257
0.025125
0.024993
0.024862
0.024731
0.024601
0.024472
0.024344
0.024216
0.024089
0.023963
0.023837
0.023712
0.023588
0.023464
0.023341
0.023219
0.023097
0.022976
0.022855
0.022735
0.022616
0.022497
0.022379
0.022262
0.022145
0.022029
0.021914
0.021799
0.021685
0.021571
0.021458
0.021345
0.021233
0.021122
0.021011
0.020901
0.020792
0.020683
0.020574
0.020467
0.020359
0.020253
0.020146
0.020041
0.019936
0.019831
0.019727
0.019624
0.019521
0.019419
0.019317
0.019216
0.019115
0.019015
0.018916
0.018817
0.018718
0.018620
0.018522
0.018425
0.018329
0.018233
0.018137
0.018042
0.017948
0.017854
0.017760
0.017667
0.017575
0.017483
0.017391
0.017300
0.017210
0.017120
0.017030
0.016941
0.016852
0.016764
0.016676
0.016589
0.016502
0.016416
0.016330
0.016244
0.016159
0.016075
0.015991
0.015907
0.015824
0.015741
0.015659
0.015577
0.015495
0.015414
0.015333
0.015253
0.015173
0.015094
0.015015
0.014937
0.014858
0.014781
0.014703
0.014627
0.014550
0.014474
0.014398
0.014323
0.014248
0.014174
0.014099
0.014026
0.013952
0.013879
0.013807
0.013735
0.013663
0.013591
0.013520
0.013450
0.013379
0.013309
0.013240
0.013171
0.013102
0.013033
0.012965
0.012897
0.012830
0.012763
0.012696
0.012630
0.012564
0.012498
0.012433
0.012368
0.012303
0.012239
0.012175
0.012111
0.012048
0.011985
0.011923
0.011860
0.011798
0.011737
0.011675
0.011614
0.011554
0.011493
0.011433
0.011374
0.011314
0.011255
0.011196
0.011138
0.011080
0.011022
0.010964
0.010907
0.010850
0.010794
0.010737
0.010681
0.010625
0.010570
0.010515
0.010460
0.010405
0.010351
0.010297
0.010243
0.010190
0.010136
0.010084
0.010031
0.009979
0.009927
0.009875
0.009823
0.009772
0.009721
0.009670
0.009620
0.009570
0.009520
0.009470
0.009421
0.009371
0.009322
0.009274
0.009225
0.009177
0.009129
0.009082
0.009034
0.008987
0.008940
0.008894
0.008847
0.008801
0.008755
0.008710
0.008664
0.008619
0.008574
0.008529
0.008485
0.008441
0.008397
0.008353
0.008309
0.008266
0.008223
0.008180
0.008137
0.008095
0.008053
0.008011
0.007969
0.007928
0.007886
0.007845
0.007804
0.007764
0.007723
0.007683
0.007643
0.007603
0.007563
0.007524
0.007485
0.007446
0.007407
0.007368
0.007330
0.007292
0.007254
0.007216
0.007178
0.007141
0.007104
0.007067
0.007030
0.006993
0.006957
0.006921
0.006885
0.006849
0.006813
0.006778
0.006742
0.006707
0.006672
0.006638
0.006603
0.006569
0.006534
0.006500
0.006467
0.006433
0.006399
0.006366
0.006333
0.006300
0.006267
0.006235
0.006202
0.006170
0.006138
0.006106
0.006074
0.006042
0.006011
0.005980
0.005948
0.005917
0.005887
0.005856
0.005826
0.005795
0.005765
0.005735
0.005705
0.005676
0.005646
0.005617
0.005587
0.005558
0.005529
0.005501
0.005472
0.005444
0.005415
0.005387
0.005359
0.005331
0.005303
0.005276
0.005248
0.005221
0.005194
0.005167
0.005140
0.005113
0.005087
0.005060
0.005034
0.005008
0.004982
0.004956
0.004930
0.004904
0.004879
0.004854
0.004828
0.004803
0.004778
0.004753
0.004729
0.004704
0.004680
0.004655
0.004631
0.004607
0.004583
0.004559
0.004536
0.004512
0.004489
0.004465
0.004442
0.004419
0.004396
0.004373
0.004350
0.004328
0.004305
0.004283
0.004261
0.004239
0.004217
0.004195
0.004173
0.004151
0.004130
0.004108
0.004087
0.004066
0.004044
0.004023
0.004003
0.003982
0.003961
0.003941
0.003920
0.003900
0.003879
0.003859
0.003839
0.003819
0.003799
0.003780
0.003760
0.003741
0.003721
0.003702
0.003683
0.003663
0.003644
0.003626
0.003607
0.003588
0.003569
0.003551
0.003532
0.003514
0.003496
0.003478
0.003460
0.003442
0.003424
0.003406
0.003388
0.003371
0.003353
0.003336
0.003319
0.003301
0.003284
0.003267
0.003250
0.003233
0.003217
0.003200
0.003183
0.003167
0.003150
0.003134
0.003118
0.003102
0.003085
0.003069
0.003054
0.003038
0.003022
0.003006
0.002991
0.002975
0.002960
0.002944
0.002929
0.002914
0.002899
0.002884
0.002869
0.002854
0.002839
0.002824
0.002810
0.002795
0.002781
0.002766
0.002752
0.002738
0.002723
0.002709
0.002695
0.002681
0.002667
0.002654
0.002640
0.002626
0.002612
0.002599
0.002585
0.002572
0.002559
0.002545
0.002532
0.002519
0.002506
0.002493
0.002480
0.002467
0.002455
0.002442
0.002429
0.002417
0.002404
0.002392
0.002379
0.002367
0.002355
0.002342
0.002330
0.002318
0.002306
0.002294
0.002282
0.002271
0.002259
0.002247
0.002235
0.002224
0.002212
0.002201
0.002189
0.002178
0.002167
0.002156
0.002144
0.002133
0.002122
0.002111
0.002100
0.002089
0.002079
0.002068
0.002057
0.002047
0.002036
0.002025
0.002015
0.002004
0.001994
0.001984
0.001973
0.001963
0.001953
0.001943
0.001933
0.001923
0.001913
0.001903
0.001893
0.001883
0.001874
0.001864
0.001854
0.001845
0.001835
0.001826
0.001816
0.001807
0.001797
0.001788
0.001779
0.001770
0.001761
0.001751
0.001742
0.001733
0.001724
0.001715
0.001707
0.001698
0.001689
0.001680
0.001672
0.001663
0.001654
0.001646
0.001637
0.001629
0.001620
0.001612
0.001604
0.001595
0.001587
0.001579
0.001571
0.001563
0.001554
0.001546
0.001538
0.001530
0.001523
0.001515
0.001507
0.001499
0.001491
0.001484
0.001476
0.001468
0.001461
0.001453
0.001446
0.001438
0.001431
0.001423
0.001416
0.001409
0.001401
0.001394
0.001387
0.001380
0.001373
0.001366
0.001358
0.001351
0.001344
0.001337
0.001331
0.001324
0.001317
0.001310
0.001303
0.001297
0.001290
0.001283
0.001277
0.001270
0.001263
0.001257
0.001250
0.001244
0.001237
0.001231
0.001225
0.001218
0.001212
0.001206
0.001200
0.001193
0.001187
0.001181
0.001175
0.001169
0.001163
0.001157
0.001151
0.001145
0.001139
0.001133
0.001127
0.001121
0.001116
0.001110
0.001104
0.001098
0.001093
0.001087
0.001082
0.001076
0.001070
0.001065
0.001059
0.001054
0.001048
0.001043
0.001038
0.001032
0.001027
0.001022
0.001016
0.001011
0.001006
0.001001
0.000996
0.000990
0.000985
0.000980
0.000975
0.000970
0.000965
0.000960
0.000955
0.000950
0.000945
0.000940
0.000936
0.000931
0.000926
0.000921
0.000916
0.000912
0.000907
0.000902
0.000898
0.000893
0.000888
0.000884
0.000879
0.000875
0.000870
0.000866
0.000861
0.000857
0.000852
0.000848
0.000844
0.000839
0.000835
0.000831
0.000826
0.000822
0.000818
0.000814
0.000809
0.000805
0.000801
0.000797
0.000793
0.000789
0.000785
0.000781
0.000777
0.000773
0.000769
0.000765
0.000761
0.000757
0.000753
0.000749
0.000745
0.000741
0.000738
0.000734
0.000730
0.000726
0.000722
0.000719
0.000715
0.000711
0.000708
0.000704
0.000700
0.000697
0.000693
0.000690
0.000686
0.000682
0.000679
0.000675
0.000672
0.000669
0.000665
0.000662
0.000658
0.000655
0.000651
0.000648
0.000645
0.000641
0.000638
0.000635
0.000632
0.000628
0.000625
0.000622
0.000619
0.000615
0.000612
0.000609
0.000606
0.000603
0.000600
0.000597
0.000594
0.000591
0.000588
0.000584
0.000581
0.000578
0.000575
0.000573
0.000570
0.000567
0.000564
0.000561
0.000558
0.000555
0.000552
0.000549
0.000547
0.000544
0.000541
0.000538
0.000535
0.000533
0.000530
0.000527
0.000524
0.000522
0.000519
0.000516
0.000514
0.000511
0.000508
0.000506
0.000503
0.000501
0.000498
0.000495
0.000493
0.000490
0.000488
0.000485
0.000483
0.000480
0.000478
0.000475
0.000473
0.000471
0.000468
0.000466
0.000463
0.000461
0.000459
0.000456
0.000454
0.000451
0.000449
0.000447
0.000445
0.000442
0.000440
0.000438
0.000435
0.000433
0.000431
0.000429
0.000427
0.000424
0.000422
0.000420
0.000418
0.000416
0.000414
0.000411
0.000409
0.000407
0.000405
0.000403
0.000401
0.000399
0.000397
0.000395
0.000393
0.000391
0.000389
0.000387
0.000385
0.000383
0.000381
0.000379
0.000377
0.000375
0.000373
0.000371
0.000369
0.000367
0.000365
0.000364
0.000362
0.000360
0.000358
0.000356
0.000354
0.000352
0.000351
0.000349
0.000347
0.000345
0.000343
0.000342
0.000340
0.000338
0.000336
0.000335
0.000333
0.000331
0.000330
0.000328
0.000326
0.000325
0.000323
0.000321
0.000320
0.000318
0.000316
0.000315
0.000313
0.000311
0.000310
0.000308
0.000307
0.000305
0.000304
0.000302
0.000300
0.000299
0.000297
0.000296
0.000294
0.000293
0.000291
0.000290
0.000288
0.000287
0.000285
0.000284
0.000282
0.000281
0.000280
0.000278
0.000277
0.000275
0.000274
0.000272
0.000271
0.000270
0.000268
0.000267
0.000265
0.000264
0.000263
0.000261
0.000260
0.000259
0.000257
0.000256
0.000255
0.000253
0.000252
0.000251
0.000250
0.000248
0.000247
0.000246
0.000244
0.000243
0.000242
0.000241
0.000239
0.000238
0.000237
0.000236
0.000235
0.000233
0.000232
0.000231
0.000230
0.000229
0.000227
0.000226
0.000225
0.000224
0.000223
0.000222
0.000221
0.000219
0.000218
0.000217
0.000216
0.000215
0.000214
0.000213
0.000212
0.000211
0.000209
0.000208
0.000207
0.000206
0.000205
0.000204
0.000203
0.000202
0.000201
0.000200
0.000199
0.000198
0.000197
0.000196
0.000195
0.000194
0.000193
0.000192
0.000191
0.000190
0.000189
0.000188
0.000187
0.000186
0.000185
0.000184
0.000183
0.000182
0.000181
0.000180
0.000180
0.000179
0.000178
0.000177
0.000176
0.000175
0.000174
0.000173
0.000172
0.000171
0.000171
0.000170
0.000169
0.000168
0.000167
0.000166
0.000165
0.000164
0.000164
0.000163
0.000162
0.000161
0.000160
0.000159
0.000159
0.000158
0.000157
0.000156
0.000155
0.000155
0.000154
0.000153
0.000152
0.000151
0.000151
0.000150
0.000149
0.000148
0.000148
0.000147
0.000146
0.000145
0.000145
0.000144
0.000143
0.000142
0.000142
0.000141
0.000140
0.000140
0.000139
0.000138
0.000137
0.000137
0.000136
0.000135
0.000135
0.000134
0.000133
0.000133
0.000132
0.000131
0.000131
0.000130
0.000129
0.000129
0.000128
0.000127
0.000127
0.000126
0.000125
0.000125
0.000124
0.000123
0.000123
0.000122
0.000121
0.000121
0.000120
0.000120
0.000119
0.000118
0.000118
0.000117
0.000117
0.000116
0.000115
0.000115
0.000114
0.000114
0.000113
0.000112
0.000112
0.000111
0.000111
0.000110
0.000110
0.000109
0.000108
0.000108
0.000107
0.000107
0.000106
0.000106
0.000105
0.000105
0.000104
0.000104
0.000103
0.000103
0.000102
0.000101
0.000101
0.000100
0.000100
0.000099
0.000099
0.000098
0.000098
0.000097
0.000097
0.000096
0.000096
0.000095
0.000095
0.000094
0.000094
0.000093
0.000093
0.000093
0.000092
0.000092
0.000091
0.000091
0.000090
0.000090
0.000089
0.000089
0.000088
0.000088
0.000087
0.000087
0.000087
0.000086
0.000086
0.000085
0.000085
0.000084
0.000084
0.000083
0.000083
0.000083
0.000082
0.000082
0.000081
0.000081
0.000081
0.000080
0.000080
0.000079
0.000079
0.000078
0.000078
0.000078
0.000077
0.000077
0.000077
0.000076
0.000076
0.000075
0.000075
0.000075
0.000074
0.000074
0.000073
0.000073
0.000073
0.000072
0.000072
0.000072
0.000071
0.000071
0.000070
0.000070
0.000070
0.000069
0.000069
0.000069
0.000068
0.000068
0.000068
0.000067
0.000067
0.000067
0.000066
0.000066
0.000066
0.000065
0.000065
0.000065
0.000064
0.000064
0.000064
0.000063
0.000063
0.000063
0.000062
0.000062
0.000062
0.000061
0.000061
0.000061
0.000060
0.000060
0.000060
0.000060
0.000059
0.000059
0.000059
0.000058
0.000058
0.000058
0.000057
0.000057
0.000057
0.000057
0.000056
0.000056
0.000056
0.000055
0.000055
0.000055
0.000055
0.000054
0.000054
0.000054
0.000053
0.000053
0.000053
0.000053
0.000052
0.000052
0.000052
0.000052
0.000051
0.000051
0.000051
0.000051
0.000050
0.000050
0.000050
0.000049
0.000049
0.000049
0.000049
0.000048
0.000048
0.000048
0.000048
0.000047
0.000047
0.000047
0.000047
0.000047
0.000046
0.000046
0.000046
0.000046
0.000045
0.000045
0.000045
0.000045
0.000044
0.000044
0.000044
0.000044
0.000044
0.000043
0.000043
0.000043
0.000043
0.000042
0.000042
0.000042
0.000042
0.000042
0.000041
0.000041
0.000041
0.000041
0.000041
0.000040
0.000040
0.000040
0.000040
0.000039
0.000039
0.000039
0.000039
0.000039
0.000038
0.000038
0.000038
0.000038
0.000038
0.000038
0.000037
0.000037
0.000037
0.000037
0.000037
0.000036
0.000036
0.000036
0.000036
0.000036
0.000035
0.000035
0.000035
0.000035
0.000035
0.000035
0.000034
0.000034
0.000034
0.000034
0.000034
0.000034
0.000033
0.000033
0.000033
0.000033
0.000033
0.000033
0.000032
0.000032
0.000032
0.000032
0.000032
0.000032
0.000031
0.000031
0.000031
0.000031
0.000031
0.000031
0.000030
0.000030
0.000030
0.000030
0.000030
0.000030
0.000029
0.000029
0.000029
0.000029
0.000029
0.000029
0.000029
0.000028
0.000028
0.000028
0.000028
0.000028
0.000028
0.000028
0.000027
0.000027
0.000027
0.000027
0.000027
0.000027
0.000027
0.000026
0.000026
0.000026
0.000026
0.000026
0.000026
0.000026
0.000026
0.000025
0.000025
0.000025
0.000025
0.000025
0.000025
0.000025
0.000025
0.000024
0.000024
0.000024
0.000024
0.000024
0.000024
0.000024
0.000024
0.000023
0.000023
0.000023
0.000023
0.000023
0.000023
0.000023
0.000023
0.000022
0.000022
0.000022
0.000022
0.000022
0.000022
0.000022
0.000022
0.000022
0.000021
0.000021
0.000021
0.000021
0.000021
0.000021
0.000021
0.000021
0.000021
0.000021
0.000020
0.000020
0.000020
0.000020
0.000020
0.000020
0.000020
0.000020
0.000020
0.000019
0.000019
0.000019
0.000019
0.000019
0.000019
0.000019
0.000019
0.000019
0.000019
0.000019
0.000018
0.000018
0.000018
0.000018
0.000018
0.000018
0.000018
0.000018
0.000018
0.000018
0.000018
0.000017
0.000017
0.000017
0.000017
0.000017
0.000017
0.000017
0.000017
0.000017
0.000017
0.000017
0.000016
0.000016
0.000016
0.000016
0.000016
0.000016
0.000016
0.000016
0.000016
0.000016
0.000016
0.000016
0.000015
0.000015
0.000015
0.000015
0.000015
0.000015
0.000015
0.000015
0.000015
0.000015
0.000015
0.000015
0.000015
0.000014
0.000014
0.000014
0.000014
0.000014
0.000014
0.000014
0.000014
0.000014
0.000014
0.000014
0.000014
0.000014
0.000014
0.000013
0.000013
0.000013
0.000013
0.000013
0.000013
0.000013
0.000013
0.000013
0.000013
0.000013
0.000013
0.000013
0.000013
0.000013
0.000012
0.000012
0.000012
0.000012
0.000012
0.000012
0.000012
0.000012
0.000012
0.000012
0.000012
0.000012
0.000012
0.000012
0.000012
0.000012
0.000012
0.000011
0.000011
0.000011
0.000011
0.000011
0.000011
0.000011
0.000011
0.000011
0.000011
0.000011
0.000011
0.000011
0.000011
0.000011
0.000011
0.000011
0.000011
0.000010
0.000010
0.000010
0.000010
0.000010
0.000010
0.000010
0.000010
0.000010
0.000010
0.000010
0.000010
0.000010
0.000010
0.000010
0.000010
0.000010
0.000010
0.000010
0.000009
0.000009
0.000009
0.000009
0.000009
0.000009
0.000009
0.000009
0.000009
0.000009
0.000009
0.000009
0.000009
0.000009
0.000009
0.000009
0.000009
0.000009
0.000009
0.000009
0.000009
0.000009
0.000008
0.000008
0.000008
0.000008
0.000008
0.000008
0.000008
0.000008
0.000008
0.000008
0.000008
0.000008
0.000008
0.000008
0.000008
0.000008
0.000008
0.000008
0.000008
0.000008
0.000008
0.000008
0.000008
0.000008
0.000008
0.000007
0.000007
0.000007
0.000007
0.000007
0.000007
0.000007
0.000007
0.000007
0.000007
0.000007
0.000007
0.000007
0.000007
0.000007
0.000007
0.000007
0.000007
0.000007
0.000007
0.000007
0.000007
0.000007
0.000007
0.000007
0.000007
0.000007
0.000007
0.000006
0.000006
0.000006
0.000006
0.000006
0.000006
0.000006
0.000006
0.000006
0.000006
0.000006
0.000006
0.000006
0.000006
0.000006
0.000006
0.000006
0.000006
0.000006
0.000006
0.000006
0.000006
0.000006
0.000006
0.000006
0.000006
0.000006
0.000006
0.000006
0.000006
0.000006
0.000006
0.000005
0.000005
0.000005
0.000005
0.000005
0.000005
0.000005
0.000005
0.000005
0.000005
0.000005
0.000005
0.000005
0.000005
0.000005
0.000005
0.000005
0.000005
0.000005
0.000005
0.000005
0.000005
0.000005
0.000005
0.000005
0.000005
0.000005
0.000005
0.000005
0.000005
0.000005
0.000005
0.000005
0.000005
0.000005
0.000005
0.000005
0.000005
0.000005
0.000005
0.000004
0.000004
0.000004
0.000004
0.000004
0.000004
0.000004
0.000004
0.000004
0.000004
0.000004
0.000004
0.000004
0.000004
0.000004
0.000004
0.000004
0.000004
0.000004
0.000004
0.000004
0.000004
0.000004
0.000004
0.000004
0.000004
0.000004
0.000004
0.000004
0.000004
0.000004
0.000004
0.000004
0.000004
0.000004
0.000004
0.000004
0.000004
0.000004
0.000004
0.000004
0.000004
0.000004
0.000004
0.000004
0.000004
0.000004
0.000004
0.000004
0.000003
0.000003
0.000003
0.000003
0.000003
0.000003
0.000003
0.000003
0.000003
0.000003
0.000003
0.000003
0.000003
0.000003
0.000003
0.000003
0.000003
0.000003
0.000003
0.000003
0.000003
0.000003
0.000003
0.000003
0.000003
0.000003
0.000003
0.000003
0.000003
0.000003
0.000003
0.000003
0.000003
0.000003
0.000003
0.000003
0.000003
0.000003
0.000003
0.000003
0.000003
0.000003
0.000003
0.000003
0.000003
0.000003
0.000003
0.000003
0.000003
0.000003
0.000003
0.000003
0.000003
0.000003
0.000003
0.000003
0.000003
0.000003
0.000003
0.000003
0.000003
0.000003
0.000003
0.000003
0.000003
0.000003
0.000002
0.000002
0.000002
0.000002
0.000002
0.000002
0.000002
0.000002
0.000002
0.000002
0.000002
0.000002
0.000002
0.000002
0.000002
0.000002
0.000002
0.000002
0.000002
0.000002
0.000002
0.000002
0.000002
0.000002
0.000002
0.000002
0.000002
0.000002
0.000002
0.000002
0.000002
0.000002
0.000002
0.000002
0.000002
0.000002
0.000002
0.000002
0.000002
0.000002
0.000002
0.000002
0.000002
0.000002
0.000002
0.000002
0.000002
0.000002
0.000002
0.000002
0.000002
0.000002
0.000002
0.000002
0.000002
0.000002
0.000002
0.000002
0.000002
0.000002
0.000002
0.000002
0.000002
0.000002
0.000002
0.000002
0.000002
0.000002
0.000002
0.000002
0.000002
0.000002
0.000002
0.000002
0.000002
0.000002
0.000002
0.000002
0.000002
0.000002
0.000002
0.000002
0.000002
0.000002
0.000002
0.000002
0.000002
0.000002
0.000002
0.000002
0.000002
0.000002
0.000002
0.000002
0.000002
0.000002
0.000002
0.000002
0.000002
0.000002
0.000002
0.000001
0.000001
0.000001
0.000001
0.000001
0.000001
0.000001
0.000001
0.000001
0.000001
0.000001
0.000001
0.000001
0.000001
0.000001
0.000001
0.000001
0.000001
0.000001
0.000001
0.000001
0.000001
0.000001
0.000001
0.000001
0.000001
0.000001
0.000001
0.000001
0.000001
0.000001
0.000001
0.000001
0.000001
0.000001
0.000001
0.000001
0.000001
0.000001
0.000001
0.000001
0.000001
0.000001
0.000001
0.000001
0.000001
0.000001
0.000001
0.000001
0.000001
0.000001
0.000001
0.000001
0.000001
0.000001
0.000001
0.000001
0.000001
0.000001
0.000001
0.000001
0.000001
0.000001
0.000001
0.000001
0.000001
0.000001
0.000001
0.000001
0.000001
0.000001
0.000001
0.000001
0.000001
0.000001
0.000001
0.000001
0.000001
0.000001
0.000001
0.000001
0.000001
0.000001
0.000001
0.000001
0.000001
0.000001
0.000001
0.000001
0.000001
0.000001
0.000001
0.000001
0.000001
0.000001
0.000001
0.000001
0.000001
0.000001
0.000001
0.000001
0.000001
0.000001
0.000001
0.000001
0.000001
0.000001
0.000001
0.000001
0.000001
0.000001
0.000001
0.000001
0.000001
0.000001
0.000001
0.000001
0.000001
0.000001
0.000001
0.000001
0.000001
0.000001
0.000001
0.000001
0.000001
0.000001
0.000001
0.000001
0.000001
0.000001
0.000001
0.000001
0.000001
0.000001
0.000001
0.000001
0.000001
0.000001
0.000001
0.000001
0.000001
0.000001
0.000001
0.000001
0.000001
0.000001
0.000001
0.000001
0.000001
0.000001
0.000001
0.000001
0.000001
0.000001
0.000001
0.000001
0.000001
0.000001
0.000001
0.000001
0.000001
0.000001
0.000001
0.000001
0.000001
0.000001
0.000001
0.000001
0.000001
0.000001
0.000001
0.000001
0.000001
0.000001
0.000001
0.000001
0.000001
0.000001
0.000001
0.000001
0.000001
0.000001
0.000001
0.000001
0.000001
0.000001
0.000001
0.000001
0.000001
0.000001
0.000001
0.000001
0.000001
0.000001
0.000001
0.000001
0.000001
0.000001
0.000001
0.000001
0.000001
0.000001
0.000001
0.000001
0.000001
0.000001
0.000001
0.000001
0.000001
0.000001
0.000001
0.000001
0.000001
0.000001
0.000001
0.000000
0.000000
0.000000
0.000000
0.000000
0.000000
0.000000
0.000000
0.000000
0.000000
0.000000
0.000000
0.000000
0.000000
0.000000
0.000000
0.000000
0.000000
0.000000
0.000000
0.000000
0.000000
0.000000
0.000000
0.000000
0.000000
0.000000
0.000000
0.000000
0.000000
0.000000
0.000000
0.000000
0.000000
0.000000
0.000000
0.000000
0.000000
0.000000
0.000000
0.000000
0.000000
0.000000
0.000000
0.000000
0.000000
0.000000
0.000000
0.000000
0.000000
0.000000
0.000000
0.000000
0.000000
0.000000
0.000000
0.000000
0.000000
0.000000
0.000000
0.000000
0.000000
0.000000
0.000000
0.000000
0.000000
0.000000
0.000000
0.000000
0.000000
0.000000
0.000000
0.000000
0.000000
0.000000
0.000000
0.000000
0.000000
0.000000
0.000000
0.000000
0.000000
0.000000
0.000000
0.000000
0.000000
0.000000
0.000000
0.000000
0.000000
0.000000
0.000000
0.000000
0.000000
0.000000
0.000000
0.000000
0.000000
0.000000
0.000000
0.000000
0.000000
0.000000
0.000000
0.000000
0.000000
0.000000
0.000000
0.000000
0.000000
0.000000
0.000000
0.000000
0.000000
0.000000
0.000000
0.000000
0.000000
0.000000
0.000000
0.000000
0.000000
0.000000
0.000000
0.000000
0.000000
0.000000
0.000000
0.000000
0.000000
0.000000
0.000000
0.000000
0.000000
0.000000
0.000000
0.000000
0.000000
0.000000
0.000000
0.000000
0.000000
0.000000
0.000000
0.000000
0.000000
0.000000
0.000000
0.000000
0.000000
0.000000
0.000000
0.000000
0.000000
0.000000
0.000000
0.000000
0.000000
0.000000
0.000000
0.000000
0.000000
0.000000
0.000000
0.000000
0.000000
0.000000
0.000000
0.000000
0.000000
0.000000
0.000000
0.000000
0.000000
0.000000
0.000000
0.000000
0.000000
0.000000
0.000000
0.000000
0.000000
0.000000
0.000000
0.000000
0.000000
0.000000
0.000000
0.000000
0.000000
0.000000
0.000000
0.000000
0.000000
0.000000
0.000000
0.000000
0.000000
0.000000
0.000000
0.000000
0.000000
0.000000
0.000000
0.000000
0.000000
0.000000
0.000000
0.000000
0.000000
0.000000
0.000000
0.000000
0.000000
0.000000
0.000000
0.000000
0.000000
0.000000
0.000000
0.000000
0.000000
0.000000
0.000000
0.000000
0.000000
0.000000
0.000000
0.000000
0.000000
0.000000
0.000000
0.000000
0.000000
0.000000
0.000000
0.000000
0.000000
0.000000
0.000000
0.000000
0.000000
0.000000
0.000000
0.000000
0.000000
0.000000
0.000000
0.000000
0.000000
0.000000
0.000000
0.000000
0.000000
0.000000
0.000000
0.000000
0.000000
0.000000
0.000000
0.000000
0.000000
0.000000
0.000000
0.000000
0.000000
0.000000
0.000000
0.000000
0.000000
0.000000
0.000000
0.000000
0.000000
0.000000
0.000000
0.000000
0.000000
0.000000
0.000000
0.000000
0.000000
0.000000
0.000000
0.000000
0.000000
0.000000
0.000000
0.000000
0.000000
0.000000
0.000000
0.000000
0.000000
0.000000
0.000000
0.000000
0.000000
0.000000
0.000000
0.000000
0.000000
0.000000
0.000000
0.000000
0.000000
0.000000
0.000000
0.000000
0.000000
0.000000
0.000000
0.000000
0.000000
0.000000
0.000000
0.000000
0.000000
0.000000
0.000000
0.000000
0.000000
0.000000
0.000000
0.000000
0.000000
0.000000
0.000000
0.000000
0.000000
0.000000
0.000000
0.000000
0.000000
0.000000
0.000000
0.000000
0.000000
0.000000
0.000000
0.000000
0.000000
0.000000
0.000000
0.000000
0.000000
0.000000
0.000000
0.000000
0.000000
0.000000
0.000000
0.000000
0.000000
0.000000
0.000000
0.000000
0.000000
0.000000
0.000000
0.000000
0.000000
0.000000
0.000000
0.000000
0.000000
0.000000
0.000000
0.000000
0.000000
0.000000
0.000000
0.000000
0.000000
0.000000
0.000000
0.000000
0.000000
0.000000
0.000000
0.000000
0.000000
0.000000
0.000000
0.000000
0.000000
0.000000
0.000000
0.000000
0.000000
0.000000
0.000000
0.000000
0.000000
0.000000
0.000000
0.000000
0.000000
0.000000
0.000000
0.000000
0.000000
0.000000
0.000000
0.000000
0.000000
0.000000
0.000000
0.000000
0.000000
0.000000
0.000000
0.000000
0.000000
0.000000
0.000000
0.000000
0.000000
0.000000
0.000000
0.000000
0.000000
0.000000
0.000000
0.000000
0.000000
0.000000
0.000000
0.000000
0.000000
0.000000
0.000000
0.000000
0.000000
0.000000
0.000000
0.000000
0.000000
0.000000
0.000000
0.000000
0.000000
0.000000
0.000000
0.000000
0.000000
0.000000
0.000000
0.000000
0.000000
0.000000
0.000000
0.000000
0.000000
0.000000
0.000000
0.000000
0.000000
0.000000
0.000000
0.000000
0.000000
0.000000
0.000000
0.000000
0.000000
0.000000
0.000000
0.000000
0.000000
0.000000
0.000000
0.000000
0.000000
0.000000
0.000000
0.000000
0.000000
0.000000
0.000000
0.000000
0.000000
0.000000
0.000000
0.000000
0.000000
0.000000
0.000000
0.000000
0.000000
0.000000
0.000000
0.000000
0.000000
0.000000
0.000000
0.000000
0.000000
0.000000
0.000000
0.000000
0.000000
0.000000
0.000000
0.000000
0.000000
0.000000
0.000000
0.000000
0.000000
0.000000
0.000000
0.000000
0.000000
0.000000
0.000000
0.000000
0.000000
0.000000
0.000000
0.000000
0.000000
0.000000
0.000000
0.000000
0.000000
0.000000
0.000000
0.000000
0.000000
0.000000
0.000000
0.000000
0.000000
0.000000
0.000000
0.000000
0.000000
0.000000
0.000000
0.000000
0.000000
0.000000
0.000000
0.000000
0.000000
0.000000
0.000000
0.000000
0.000000
0.000000
0.000000
0.000000
0.000000
0.000000
0.000000
0.000000
0.000000
0.000000
0.000000
0.000000
0.000000
0.000000
0.000000
0.000000
0.000000
0.000000
0.000000
0.000000
0.000000
0.000000
0.000000
0.000000
0.000000
0.000000
0.000000
0.000000
0.000000
0.000000
0.000000
0.000000
0.000000
0.000000
0.000000
0.000000
0.000000
0.000000
0.000000
0.000000
0.000000
0.000000
0.000000
0.000000
0.000000
0.000000
0.000000
0.000000
0.000000
0.000000
0.000000
0.000000
0.000000
0.000000
0.000000
0.000000
0.000000
0.000000
0.000000
0.000000
0.000000
0.000000
0.000000
0.000000
0.000000
0.000000
0.000000
0.000000
0.000000
0.000000
0.000000
0.000000
0.000000
0.000000
0.000000
0.000000
0.000000
0.000000
0.000000
0.000000
0.000000
0.000000
0.000000
0.000000
0.000000
0.000000
0.000000
0.000000
0.000000
0.000000
0.000000
0.000000
0.000000
0.000000
0.000000
0.000000
0.000000
0.000000
0.000000
0.000000
0.000000
0.000000
0.000000
0.000000
0.000000
0.000000
0.000000
0.000000
0.000000
0.000000
0.000000
0.000000
0.000000
0.000000
0.000000
0.000000
0.000000
0.000000
0.000000
0.000000
0.000000
0.000000
0.000000
0.000000
0.000000
0.000000
0.000000
0.000000
0.000000
0.000000
0.000000
0.000000
0.000000
0.000000
0.000000
0.000000
0.000000
0.000000
0.000000
0.000000
0.000000
0.000000
0.000000
0.000000
0.000000
0.000000
0.000000
0.000000
0.000000
0.000000
0.000000
0.000000
0.000000
0.000000
0.000000
0.000000
0.000000
0.000000
0.000000
0.000000
0.000000
0.000000
0.000000
0.000000
0.000000
0.000000
0.000000
0.000000
0.000000
0.000000
0.000000
0.000000
0.000000
0.000000
0.000000
0.000000
0.000000
0.000000
0.000000
0.000000
0.000000
0.000000
0.000000
0.000000
0.000000
0.000000
0.000000
0.000000
0.000000
0.000000
0.000000
0.000000
0.000000
0.000000
0.000000
0.000000
0.000000
0.000000
0.000000
0.000000
0.000000
0.000000
0.000000
0.000000
0.000000
0.000000
0.000000
0.000000
0.000000
0.000000
0.000000
0.000000
0.000000
0.000000
0.000000
0.000000
0.000000
0.000000
0.000000
0.000000
0.000000
0.000000
0.000000
0.000000
0.000000
0.000000
0.000000
0.000000
0.000000
0.000000
0.000000
0.000000
0.000000
0.000000
0.000000
0.000000
0.000000
0.000000
0.000000
0.000000
0.000000
0.000000
0.000000
0.000000
0.000000
0.000000
0.000000
0.000000
0.000000
0.000000
0.000000
0.000000
0.000000
0.000000
0.000000
0.000000
0.000000
0.000000
0.000000
0.000000
0.000000
0.000000
0.000000
0.000000
0.000000
0.000000
0.000000
0.000000
0.000000
0.000000
0.000000
0.000000
0.000000
0.000000
0.000000
0.000000
0.000000
0.000000
0.000000
0.000000
0.000000
0.000000
0.000000
0.000000
0.000000
0.000000
0.000000
0.000000
0.000000
0.000000
0.000000
0.000000
0.000000
0.000000
0.000000
0.000000
0.000000
0.000000
0.000000
0.000000
0.000000
0.000000
0.000000
0.000000
0.000000
0.000000
0.000000
0.000000
0.000000
0.000000
0.000000
0.000000
0.000000
0.000000
0.000000
0.000000
0.000000
0.000000
0.000000
0.000000
0.000000
0.000000
0.000000
0.000000
0.000000
0.000000
0.000000
0.000000
0.000000
0.000000
0.000000
0.000000
0.000000
0.000000
0.000000
0.000000
0.000000
0.000000
0.000000
0.000000
0.000000
0.000000
0.000000
0.000000
0.000000
0.000000
0.000000
0.000000
0.000000
0.000000
0.000000
0.000000
0.000000
0.000000
0.000000
0.000000
0.000000
0.000000
0.000000
0.000000
0.000000
0.000000
0.000000
0.000000
0.000000
0.000000
0.000000
0.000000
0.000000
0.000000
0.000000
0.000000
0.000000
0.000000
0.000000
0.000000
0.000000
0.000000
0.000000
0.000000
0.000000
0.000000
0.000000
0.000000
0.000000
0.000000
0.000000
0.000000
0.000000
0.000000
0.000000
0.000000
0.000000
0.000000
0.000000
0.000000
0.000000
0.000000
0.000000
0.000000
0.000000
0.000000
0.000000
0.000000
0.000000
0.000000
0.000000
0.000000
0.000000
0.000000
0.000000
0.000000
0.000000
0.000000
0.000000
0.000000
0.000000
0.000000
0.000000
0.000000
0.000000
0.000000
0.000000
0.000000
0.000000
0.000000
0.000000
0.000000
0.000000
0.000000
0.000000
0.000000
0.000000
0.000000
0.000000
0.000000
0.000000
0.000000
0.000000
0.000000
0.000000
0.000000
0.000000
0.000000
0.000000
0.000000
0.000000
0.000000
0.000000
0.000000
0.000000
0.000000
0.000000
0.000000
0.000000
0.000000
0.000000
0.000000
0.000000
0.000000
0.000000
0.000000
0.000000
0.000000
0.000000
0.000000
0.000000
0.000000
0.000000
0.000000
0.000000
0.000000
0.000000
0.000000
0.000000
0.000000
0.000000
0.000000
0.000000
0.000000
0.000000
0.000000
0.000000
0.000000
0.000000
0.000000
0.000000
0.000000
0.000000
0.000000
0.000000
0.000000
0.000000
0.000000
0.000000
0.000000
0.000000
0.000000
0.000000
0.000000
0.000000
0.000000
0.000000
0.000000
0.000000
0.000000
0.000000
0.000000
0.000000
0.000000
0.000000
0.000000
0.000000
0.000000
0.000000
0.000000
0.000000
0.000000
0.000000
0.000000
0.000000
0.000000
0.000000
0.000000
0.000000
0.000000
0.000000
0.000000
0.000000
0.000000
0.000000
0.000000
0.000000
0.000000
0.000000
0.000000
0.000000
0.000000
0.000000
0.000000
0.000000
0.000000
0.000000
0.000000
0.000000
0.000000
0.000000
0.000000
0.000000
0.000000
0.000000
0.000000
0.000000
0.000000
0.000000
0.000000
0.000000
0.000000
0.000000
0.000000
0.000000
0.000000
0.000000
0.000000
0.000000
0.000000
0.000000
0.000000
0.000000
0.000000
0.000000
0.000000
0.000000
0.000000
0.000000
0.000000
0.000000
0.000000
0.000000
0.000000
0.000000
0.000000
0.000000
0.000000
0.000000
0.000000
0.000000
0.000000
0.000000
0.000000
0.000000
0.000000
0.000000
0.000000
0.000000
0.000000
0.000000
0.000000
0.000000
0.000000
0.000000
0.000000
0.000000
0.000000
0.000000
0.000000
0.000000
0.000000
0.000000
0.000000
0.000000
0.000000
0.000000
0.000000
0.000000
0.000000
0.000000
0.000000
0.000000
0.000000
0.000000
0.000000
0.000000
0.000000
0.000000
0.000000
0.000000
0.000000
0.000000
0.000000
0.000000
0.000000
0.000000
0.000000
0.000000
0.000000
0.000000
0.000000
0.000000
0.000000
0.000000
0.000000
0.000000
0.000000
0.000000
0.000000
0.000000
0.000000
0.000000
0.000000
0.000000
0.000000
0.000000
0.000000
0.000000
0.000000
0.000000
0.000000
0.000000
0.000000
0.000000
0.000000
0.000000
0.000000
0.000000
0.000000
0.000000
0.000000
0.000000
0.000000
0.000000
0.000000
0.000000
0.000000
0.000000
0.000000
0.000000
0.000000
0.000000
0.000000
0.000000
0.000000
0.000000
0.000000
0.000000
0.000000
0.000000
0.000000
0.000000
0.000000
0.000000
0.000000
0.000000
0.000000
0.000000
0.000000
0.000000
0.000000
0.000000
0.000000
0.000000
0.000000
0.000000
0.000000
0.000000
0.000000
0.000000
0.000000
0.000000
0.000000
0.000000
0.000000
0.000000
0.000000
0.000000
0.000000
0.000000
0.000000
0.000000
0.000000
0.000000
0.000000
0.000000
0.000000
0.000000
0.000000
0.000000
0.000000
0.000000
0.000000
0.000000
0.000000
0.000000
0.000000
0.000000
0.000000
0.000000
0.000000
0.000000
0.000000
0.000000
0.000000
0.000000
0.000000
0.000000
0.000000
0.000000
0.000000
0.000000
0.000000
0.000000
0.000000
0.000000
0.000000
0.000000
0.000000
0.000000
0.000000
0.000000
0.000000
0.000000
0.000000
0.000000
0.000000
0.000000
0.000000
0.000000
0.000000
0.000000
0.000000
0.000000
0.000000
0.000000
0.000000
0.000000
0.000000
0.000000
0.000000
0.000000
0.000000
0.000000
0.000000
0.000000
0.000000
0.000000
0.000000
0.000000
0.000000
0.000000
0.000000
0.000000
0.000000
0.000000
0.000000
0.000000
0.000000
0.000000
0.000000
0.000000
0.000000
0.000000
0.000000
0.000000
0.000000
0.000000
0.000000
0.000000
0.000000
0.000000
0.000000
0.000000
0.000000
0.000000
0.000000
0.000000
0.000000
0.000000
0.000000
0.000000
0.000000
0.000000
0.000000
0.000000
0.000000
0.000000
0.000000
0.000000
0.000000
0.000000
0.000000
0.000000
0.000000
0.000000
0.000000
0.000000
0.000000
0.000000
0.000000
0.000000
0.000000
0.000000
0.000000
0.000000
0.000000
0.000000
0.000000
0.000000
0.000000
0.000000
0.000000
0.000000
0.000000
0.000000
0.000000
0.000000
0.000000
0.000000
0.000000
0.000000
0.000000
0.000000
0.000000
0.000000
0.000000
0.000000
0.000000
0.000000
0.000000
0.000000
0.000000
0.000000
0.000000
0.000000
0.000000
0.000000
0.000000
0.000000
0.000000
0.000000
0.000000
0.000000
0.000000
0.000000
0.000000
0.000000
0.000000
0.000000
0.000000
0.000000
0.000000
0.000000
0.000000
0.000000
0.000000
0.000000
0.000000
0.000000
0.000000
0.000000
0.000000
0.000000
0.000000
0.000000
0.000000
0.000000
0.000000
0.000000
0.000000
0.000000
0.000000
