138412467784.308868
229599.654030
16245.859258
16138.205030
16030.450168
15923.419601
15817.109837
15711.515985
15606.633182
15502.456599
15398.981440
15296.202943
15194.116378
15092.717047
14992.000284
14891.961456
14792.595961
14693.899227
14595.866716
14498.493921
14401.776363
14305.709595
14210.289203
14115.510799
14021.370027
13927.862563
13834.984108
13742.730395
13651.097187
13560.080275
13469.675479
13379.878645
13290.685653
13202.092405
13114.094836
13026.688906
12939.870603
12853.635944
12767.980970
12682.901753
12598.394388
12514.455001
12431.079740
12348.264783
12266.006331
12184.300614
12103.143885
12022.532424
11942.462537
11862.930555
11783.932832
11705.465749
11627.525712
11550.109151
11473.212518
11396.832293
11320.964979
11245.607101
11170.755210
11096.405878
11022.555704
10949.201307
10876.339331
10803.966441
10732.079327
10660.674701
10589.749295
10519.299868
10449.323196
10379.816081
10310.775345
10242.197832
10174.080406
10106.419956
10039.213389
9972.457634
9906.149642
9840.286383
9774.864849
9709.882053
9645.335026
9581.220822
9517.536513
9454.279192
9391.445972
9329.033985
9267.040384
9205.462338
9144.297039
9083.541697
9023.193541
8963.249817
8903.707793
8844.564753
8785.818002
8727.464860
8669.502668
8611.928784
8554.740586
8497.935466
8441.510836
8385.464127
8329.792786
8274.494276
8219.566079
8165.005695
8110.810639
8056.978445
8003.506661
7950.392854
7897.634606
7845.229518
7793.175205
7741.469299
7690.109448
7639.093315
7588.418582
7538.082943
7488.084110
7438.419810
7389.087785
7340.085794
7291.411609
7243.063019
7195.037827
7147.333851
7099.948924
7052.880894
7006.127623
6959.686989
6913.556883
6867.735211
6822.219892
6777.008861
6732.100066
6687.491469
6643.181047
6599.166788
6555.446697
6512.018790
6468.881099
6426.031666
6383.468549
6341.189818
6299.193558
6257.477864
6216.040845
6174.880625
6133.995338
6093.383132
6053.042167
6012.970617
5973.166665
5933.628511
5894.354363
5855.342444
5816.590987
5778.098239
5739.862458
5701.881913
5664.154886
5626.679670
5589.454570
5552.477902
5515.747993
5479.263184
5443.021824
5407.022274
5371.262908
5335.742109
5300.458272
5265.409802
5230.595115
5196.012640
5161.660813
5127.538083
5093.642909
5059.973761
5026.529117
4993.307469
4960.307316
4927.527168
4894.965548
4862.620984
4830.492018
4798.577201
4766.875091
4735.384260
4704.103288
4673.030763
4642.165285
4611.505462
4581.049911
4550.797261
4520.746148
4490.895217
4461.243124
4431.788532
4402.530114
4373.466554
4344.596541
4315.918776
4287.431968
4259.134834
4231.026099
4203.104500
4175.368779
4147.817687
4120.449987
4093.264445
4066.259839
4039.434955
4012.788586
3986.319534
3960.026609
3933.908627
3907.964417
3882.192810
3856.592649
3831.162784
3805.902072
3780.809377
3755.883573
3731.123541
3706.528167
3682.096348
3657.826986
3633.718992
3609.771284
3585.982786
3562.352432
3538.879160
3515.561917
3492.399658
3469.391342
3446.535939
3423.832423
3401.279775
3378.876985
3356.623048
3334.516967
3312.557751
3290.744415
3269.075982
3247.551481
3226.169947
3204.930424
3183.831959
3162.873607
3142.054430
3121.373496
3100.829879
3080.422658
3060.150922
3040.013761
3020.010276
3000.139571
2980.400757
2960.792950
2941.315275
2921.966860
2902.746839
2883.654353
2864.688549
2845.848578
2827.133599
2808.542774
2790.075274
2771.730273
2753.506952
2735.404495
2717.422096
2699.558950
2681.814259
2664.187233
2646.677082
2629.283026
2612.004289
2594.840099
2577.789690
2560.852301
2544.027177
2527.313567
2510.710726
2494.217913
2477.834392
2461.559433
2445.392311
2429.332304
2413.378696
2397.530778
2381.787842
2366.149187
2350.614116
2335.181937
2319.851963
2304.623510
2289.495902
2274.468463
2259.540526
2244.711425
2229.980500
2215.347096
2200.810562
2186.370250
2172.025519
2157.775729
2143.620248
2129.558445
2115.589696
2101.713378
2087.928876
2074.235576
2060.632870
2047.120152
2033.696824
2020.362287
2007.115950
1993.957224
1980.885525
1967.900272
1955.000888
1942.186800
1929.457441
1916.812244
1904.250648
1891.772096
1879.376034
1867.061911
1854.829182
1842.677304
1830.605738
1818.613948
1806.701403
1794.867574
1783.111936
1771.433969
1759.833155
1748.308980
1736.860932
1725.488505
1714.191195
1702.968502
1691.819927
1680.744978
1669.743164
1658.813997
1647.956994
1637.171675
1626.457561
1615.814179
1605.241057
1594.737728
1584.303728
1573.938593
1563.641866
1553.413092
1543.251818
1533.157594
1523.129975
1513.168518
1503.272781
1493.442327
1483.676723
1473.975535
1464.338337
1454.764702
1445.254207
1435.806432
1426.420960
1417.097376
1407.835270
1398.634231
1389.493853
1380.413734
1371.393473
1362.432671
1353.530934
1344.687867
1335.903082
1327.176192
1318.506810
1309.894554
1301.339046
1292.839908
1284.396765
1276.009245
1267.676978
1259.399598
1251.176739
1243.008039
1234.893139
1226.831681
1218.823310
1210.867673
1202.964421
1195.113204
1187.313678
1179.565500
1171.868327
1164.221822
1156.625648
1149.079471
1141.582959
1134.135783
1126.737614
1119.388127
1112.087000
1104.833911
1097.628541
1090.470574
1083.359695
1076.295592
1069.277955
1062.306474
1055.380844
1048.500761
1041.665922
1034.876027
1028.130778
1021.429880
1014.773037
1008.159958
1001.590353
995.063933
988.580411
982.139504
975.740929
969.384405
963.069653
956.796397
950.564362
944.373273
938.222860
932.112854
926.042986
920.012991
914.022604
908.071563
902.159607
896.286477
890.451916
884.655669
878.897481
873.177101
867.494278
861.848764
856.240311
850.668674
845.133609
839.634874
834.172229
828.745434
823.354253
817.998449
812.677788
807.392038
802.140967
796.924347
791.741949
786.593546
781.478914
776.397829
771.350069
766.335415
761.353646
756.404545
751.487896
746.603485
741.751098
736.930524
732.141551
727.383972
722.657578
717.962164
713.297524
708.663455
704.059755
699.486223
694.942659
690.428867
685.944648
681.489807
677.064151
672.667487
668.299622
663.960366
659.649531
655.366929
651.112373
646.885678
642.686660
638.515136
634.370924
630.253844
626.163718
622.100366
618.063612
614.053281
610.069198
606.111189
602.179084
598.272709
594.391897
590.536477
586.706283
582.901148
579.120906
575.365394
571.634447
567.927905
564.245605
560.587389
556.953096
553.342570
549.755654
546.192191
542.652027
539.135009
535.640984
532.169799
528.721306
525.295353
521.891792
518.510476
515.151258
511.813993
508.498535
505.204741
501.932468
498.681574
495.451918
492.243361
489.055764
485.888987
482.742895
479.617350
476.512217
473.427363
470.362653
467.317954
464.293136
461.288066
458.302615
455.336654
452.390054
449.462688
446.554429
443.665151
440.794730
437.943041
435.109961
432.295368
429.499139
426.721154
423.961293
421.219436
418.495466
415.789264
413.100713
410.429698
407.776103
405.139813
402.520714
399.918694
397.333641
394.765441
392.213986
389.679163
387.160866
384.658983
382.173408
379.704034
377.250753
374.813461
372.392051
369.986420
367.596463
365.222079
362.863164
360.519617
358.191336
355.878222
353.580175
351.297096
349.028886
346.775448
344.536685
342.312500
340.102797
337.907483
335.726461
333.559638
331.406921
329.268218
327.143436
325.032483
322.935270
320.851705
318.781700
316.725165
314.682011
312.652152
310.635500
308.631967
306.641469
304.663918
302.699232
300.747324
298.808112
296.881511
294.967440
293.065816
291.176557
289.299582
287.434811
285.582164
283.741561
281.912923
280.096171
278.291229
276.498017
274.716461
272.946482
271.188005
269.440955
267.705257
265.980837
264.267620
262.565533
260.874503
259.194458
257.525326
255.867034
254.219514
252.582692
250.956501
249.340869
247.735728
246.141009
244.556644
242.982565
241.418705
239.864996
238.321372
236.787768
235.264117
233.750355
232.246417
230.752238
229.267754
227.792903
226.327621
224.871845
223.425513
221.988564
220.560935
219.142567
217.733398
216.333369
214.942419
213.560489
212.187520
210.823453
209.468231
208.121795
206.784088
205.455053
204.134634
202.822773
201.519415
200.224504
198.937985
197.659803
196.389905
195.128234
193.874739
192.629365
191.392059
190.162769
188.941442
187.728026
186.522469
185.324721
184.134730
182.952445
181.777816
180.610794
179.451328
178.299369
177.154868
176.017776
174.888045
173.765627
172.650475
171.542540
170.441775
169.348135
168.261572
167.182039
166.109492
165.043885
163.985172
162.933308
161.888249
160.849950
159.818367
158.793457
157.775175
156.763479
155.758326
154.759672
153.767476
152.781695
151.802288
150.829213
149.862428
148.901894
147.947568
146.999410
146.057381
145.121440
144.191548
143.267665
142.349752
141.437770
140.531680
139.631444
138.737025
137.848383
136.965482
136.088283
135.216751
134.350847
133.490536
132.635780
131.786544
130.942791
130.104487
129.271595
128.444080
127.621907
126.805042
125.993450
125.187096
124.385947
123.589968
122.799126
122.013387
121.232719
120.457088
119.686461
118.920806
118.160091
117.404283
116.653351
115.907262
115.165986
114.429491
113.697745
112.970718
112.248380
111.530699
110.817646
110.109190
109.405301
108.705951
108.011108
107.320745
106.634831
105.953338
105.276238
104.603501
103.935099
103.271004
102.611188
101.955624
101.304283
100.657139
100.014163
99.375330
98.740611
98.109980
97.483411
96.860878
96.242353
95.627812
95.017227
94.410574
93.807827
93.208960
92.613949
92.022768
91.435393
90.851798
90.271960
89.695853
89.123454
88.554739
87.989683
87.428263
86.870455
86.316236
85.765583
85.218472
84.674880
84.134785
83.598164
83.064995
82.535254
82.008920
81.485971
80.966385
80.450139
79.937213
79.427584
78.921232
78.418134
77.918271
77.421621
76.928163
76.437876
75.950741
75.466735
74.985840
74.508036
74.033301
73.561616
73.092962
72.627318
72.164666
71.704985
71.248258
70.794463
70.343583
69.895599
69.450492
69.008242
68.568833
68.132245
67.698460
67.267459
66.839226
66.413741
65.990988
65.570948
65.153605
64.738939
64.326935
63.917574
63.510841
63.106717
62.705186
62.306231
61.909836
61.515984
61.124658
60.735842
60.349520
59.965675
59.584293
59.205356
58.828849
58.454757
58.083063
57.713752
57.346809
56.982218
56.619965
56.260034
55.902409
55.547077
55.194022
54.843230
54.494686
54.148376
53.804284
53.462397
53.122701
52.785181
52.449823
52.116613
51.785538
51.456584
51.129736
50.804982
50.482307
50.161699
49.843144
49.526629
49.212140
48.899665
48.589190
48.280703
47.974190
47.669640
47.367039
47.066374
46.767634
46.470806
46.175877
45.882836
45.591669
45.302366
45.014913
44.729299
44.445513
44.163542
43.883374
43.604999
43.328404
43.053578
42.780509
42.509187
42.239600
41.971736
41.705585
41.441136
41.178377
40.917299
40.657889
40.400137
40.144032
39.889565
39.636724
39.385498
39.135878
38.887853
38.641413
38.396548
38.153246
37.911500
37.671297
37.432629
37.195485
36.959856
36.725732
36.493104
36.261961
36.032293
35.804093
35.577349
35.352054
35.128196
34.905768
34.684759
34.465162
34.246966
34.030163
33.814743
33.600699
33.388020
33.176699
32.966725
32.758092
32.550790
32.344810
32.140145
31.936785
31.734722
31.533949
31.334455
31.136235
30.939278
30.743577
30.549125
30.355912
30.163931
29.973174
29.783634
29.595301
29.408170
29.222231
29.037478
28.853902
28.671496
28.490252
28.310164
28.131223
27.953422
27.776755
27.601213
27.426789
27.253476
27.081268
26.910157
26.740135
26.571197
26.403334
26.236541
26.070809
25.906133
25.742506
25.579921
25.418370
25.257849
25.098349
24.939864
24.782389
24.625916
24.470439
24.315951
24.162446
24.009919
23.858362
23.707769
23.558135
23.409453
23.261717
23.114920
22.969058
22.824123
22.680110
22.537013
22.394827
22.253544
22.113161
21.973669
21.835065
21.697343
21.560495
21.424518
21.289406
21.155152
21.021752
20.889200
20.757490
20.626618
20.496577
20.367362
20.238969
20.111392
19.984625
19.858664
19.733503
19.609137
19.485561
19.362771
19.240760
19.119524
18.999059
18.879358
18.760418
18.642233
18.524798
18.408109
18.292161
18.176950
18.062469
17.948716
17.835684
17.723370
17.611769
17.500877
17.390688
17.281198
17.172404
17.064299
16.956881
16.850144
16.744085
16.638698
16.533980
16.429927
16.326533
16.223795
16.121709
16.020270
15.919475
15.819319
15.719798
15.620908
15.522645
15.425006
15.327985
15.231579
15.135785
15.040598
14.946014
14.852030
14.758641
14.665844
14.573636
14.482011
14.390968
14.300501
14.210607
14.121283
14.032525
13.944329
13.856692
13.769610
13.683080
13.597098
13.511660
13.426764
13.342405
13.258580
13.175286
13.092520
13.010277
12.928555
12.847351
12.766661
12.686481
12.606809
12.527641
12.448975
12.370806
12.293132
12.215950
12.139255
12.063047
11.987320
11.912073
11.837301
11.763003
11.689174
11.615813
11.542916
11.470480
11.398502
11.326979
11.255908
11.185287
11.115112
11.045382
10.976092
10.907240
10.838823
10.770839
10.703285
10.636158
10.569455
10.503173
10.437311
10.371864
10.306832
10.242210
10.177997
10.114189
10.050785
9.987781
9.925175
9.862965
9.801147
9.739720
9.678681
9.618028
9.557758
9.497868
9.438356
9.379221
9.320458
9.262067
9.204044
9.146388
9.089096
9.032165
8.975594
8.919380
8.863520
8.808013
8.752857
8.698048
8.643586
8.589467
8.535689
8.482251
8.429150
8.376384
8.323951
8.271849
8.220075
8.168628
8.117505
8.066705
8.016225
7.966064
7.916219
7.866688
7.817469
7.768561
7.719961
7.671668
7.623678
7.575992
7.528606
7.481519
7.434728
7.388233
7.342030
7.296119
7.250496
7.205162
7.160113
7.115348
7.070864
7.026662
6.982737
6.939089
6.895716
6.852617
6.809789
6.767230
6.724940
6.682916
6.641156
6.599660
6.558424
6.517449
6.476731
6.436270
6.396063
6.356110
6.316408
6.276955
6.237752
6.198794
6.160082
6.121614
6.083388
6.045402
6.007655
5.970146
5.932873
5.895834
5.859028
5.822454
5.786110
5.749994
5.714106
5.678443
5.643004
5.607789
5.572795
5.538020
5.503465
5.469127
5.435004
5.401097
5.367402
5.333919
5.300646
5.267583
5.234728
5.202079
5.169635
5.137395
5.105358
5.073521
5.041885
5.010448
4.979208
4.948165
4.917316
4.886662
4.856200
4.825929
4.795848
4.765956
4.736252
4.706735
4.677402
4.648254
4.619289
4.590506
4.561904
4.533481
4.505236
4.477169
4.449278
4.421562
4.394020
4.366651
4.339454
4.312427
4.285570
4.258882
4.232361
4.206006
4.179817
4.153791
4.127930
4.102230
4.076692
4.051314
4.026094
4.001034
3.976130
3.951382
3.926790
3.902352
3.878067
3.853934
3.829953
3.806122
3.782440
3.758907
3.735522
3.712283
3.689189
3.666241
3.643436
3.620774
3.598254
3.575875
3.553636
3.531537
3.509576
3.487753
3.466067
3.444516
3.423100
3.401819
3.380670
3.359655
3.338771
3.318017
3.297394
3.276899
3.256533
3.236295
3.216183
3.196198
3.176337
3.156600
3.136988
3.117498
3.098129
3.078883
3.059756
3.040750
3.021862
3.003092
2.984440
2.965905
2.947485
2.929181
2.910991
2.892915
2.874953
2.857102
2.839363
2.821735
2.804218
2.786810
2.769510
2.752319
2.735236
2.718259
2.701389
2.684623
2.667963
2.651407
2.634954
2.618605
2.602357
2.586211
2.570166
2.554221
2.538376
2.522630
2.506982
2.491432
2.475979
2.460623
2.445362
2.430197
2.415127
2.400151
2.385268
2.370478
2.355781
2.341176
2.326661
2.312238
2.297904
2.283660
2.269505
2.255438
2.241459
2.227568
2.213763
2.200044
2.186411
2.172863
2.159399
2.146020
2.132724
2.119511
2.106381
2.093332
2.080365
2.067479
2.054673
2.041947
2.029300
2.016733
2.004243
1.991832
1.979498
1.967241
1.955061
1.942956
1.930927
1.918973
1.907093
1.895288
1.883556
1.871897
1.860311
1.848797
1.837355
1.825985
1.814685
1.803455
1.792296
1.781206
1.770185
1.759233
1.748350
1.737534
1.726785
1.716103
1.705488
1.694939
1.684456
1.674038
1.663685
1.653397
1.643172
1.633011
1.622914
1.612879
1.602907
1.592997
1.583149
1.573362
1.563636
1.553970
1.544365
1.534819
1.525333
1.515906
1.506538
1.497228
1.487976
1.478781
1.469644
1.460563
1.451539
1.442572
1.433660
1.424803
1.416002
1.407255
1.398563
1.389924
1.381340
1.372809
1.364331
1.355906
1.347533
1.339212
1.330943
1.322725
1.314559
1.306443
1.298378
1.290362
1.282397
1.274481
1.266615
1.258797
1.251028
1.243307
1.235634
1.228009
1.220431
1.212900
1.205417
1.197979
1.190588
1.183243
1.175943
1.168689
1.161480
1.154315
1.147195
1.140120
1.133088
1.126100
1.119155
1.112254
1.105395
1.098579
1.091805
1.085074
1.078384
1.071735
1.065128
1.058562
1.052037
1.045552
1.039108
1.032703
1.026338
1.020013
1.013727
1.007480
1.001272
0.995102
0.988971
0.982877
0.976821
0.970803
0.964823
0.958879
0.952972
0.947102
0.941269
0.935471
0.929710
0.923984
0.918294
0.912639
0.907019
0.901434
0.895883
0.890367
0.884885
0.879437
0.874023
0.868643
0.863295
0.857981
0.852700
0.847452
0.842236
0.837053
0.831901
0.826782
0.821694
0.816638
0.811613
0.806619
0.801656
0.796724
0.791823
0.786952
0.782111
0.777300
0.772518
0.767767
0.763045
0.758352
0.753688
0.749053
0.744447
0.739869
0.735319
0.730798
0.726305
0.721840
0.717402
0.712991
0.708608
0.704252
0.699924
0.695621
0.691346
0.687097
0.682874
0.678677
0.674507
0.670362
0.666243
0.662149
0.658080
0.654037
0.650019
0.646026
0.642057
0.638113
0.634193
0.630298
0.626426
0.622579
0.618755
0.614955
0.611178
0.607425
0.603695
0.599988
0.596304
0.592643
0.589005
0.585388
0.581795
0.578223
0.574674
0.571146
0.567640
0.564156
0.560694
0.557253
0.553833
0.550434
0.547056
0.543699
0.540363
0.537048
0.533753
0.530478
0.527224
0.523989
0.520775
0.517580
0.514405
0.511250
0.508114
0.504998
0.501901
0.498823
0.495764
0.492724
0.489702
0.486700
0.483716
0.480750
0.477802
0.474873
0.471962
0.469069
0.466193
0.463336
0.460496
0.457673
0.454868
0.452081
0.449310
0.446557
0.443820
0.441101
0.438398
0.435712
0.433042
0.430389
0.427752
0.425132
0.422528
0.419939
0.417367
0.414811
0.412270
0.409745
0.407236
0.404742
0.402263
0.399800
0.397352
0.394919
0.392501
0.390097
0.387709
0.385336
0.382977
0.380632
0.378302
0.375987
0.373685
0.371398
0.369125
0.366866
0.364621
0.362389
0.360172
0.357968
0.355777
0.353601
0.351437
0.349287
0.347150
0.345026
0.342916
0.340818
0.338733
0.336661
0.334602
0.332556
0.330522
0.328500
0.326492
0.324495
0.322511
0.320539
0.318579
0.316631
0.314695
0.312771
0.310859
0.308959
0.307070
0.305193
0.303327
0.301473
0.299631
0.297800
0.295980
0.294171
0.292373
0.290587
0.288811
0.287046
0.285292
0.283549
0.281817
0.280095
0.278384
0.276684
0.274993
0.273314
0.271644
0.269985
0.268336
0.266697
0.265069
0.263450
0.261841
0.260242
0.258653
0.257074
0.255504
0.253944
0.252394
0.250853
0.249322
0.247800
0.246287
0.244784
0.243290
0.241805
0.240329
0.238862
0.237405
0.235956
0.234516
0.233085
0.231663
0.230249
0.228844
0.227448
0.226060
0.224681
0.223311
0.221949
0.220595
0.219249
0.217912
0.216583
0.215262
0.213949
0.212644
0.211348
0.210059
0.208778
0.207505
0.206240
0.204982
0.203733
0.202490
0.201256
0.200029
0.198810
0.197598
0.196394
0.195197
0.194007
0.192824
0.191649
0.190481
0.189321
0.188167
0.187020
0.185881
0.184748
0.183623
0.182504
0.181392
0.180287
0.179189
0.178097
0.177012
0.175934
0.174863
0.173798
0.172739
0.171687
0.170641
0.169602
0.168570
0.167543
0.166523
0.165509
0.164501
0.163500
0.162504
0.161515
0.160532
0.159555
0.158583
0.157618
0.156659
0.155705
0.154758
0.153816
0.152880
0.151949
0.151025
0.150106
0.149192
0.148285
0.147382
0.146486
0.145595
0.144709
0.143829
0.142954
0.142084
0.141220
0.140361
0.139507
0.138659
0.137815
0.136977
0.136144
0.135316
0.134493
0.133676
0.132863
0.132055
0.131252
0.130454
0.129661
0.128873
0.128089
0.127311
0.126537
0.125768
0.125003
0.124244
0.123489
0.122738
0.121992
0.121251
0.120514
0.119782
0.119054
0.118331
0.117612
0.116897
0.116187
0.115481
0.114780
0.114082
0.113389
0.112701
0.112016
0.111336
0.110659
0.109987
0.109319
0.108656
0.107996
0.107340
0.106688
0.106040
0.105397
0.104757
0.104121
0.103488
0.102860
0.102236
0.101615
0.100998
0.100385
0.099776
0.099170
0.098569
0.097970
0.097376
0.096785
0.096198
0.095614
0.095034
0.094457
0.093884
0.093314
0.092748
0.092186
0.091626
0.091070
0.090518
0.089969
0.089423
0.088881
0.088342
0.087806
0.087273
0.086744
0.086218
0.085695
0.085176
0.084659
0.084146
0.083636
0.083129
0.082625
0.082124
0.081626
0.081131
0.080639
0.080150
0.079665
0.079182
0.078702
0.078225
0.077751
0.077280
0.076811
0.076346
0.075883
0.075423
0.074966
0.074512
0.074061
0.073612
0.073166
0.072723
0.072282
0.071844
0.071409
0.070977
0.070547
0.070119
0.069695
0.069273
0.068853
0.068436
0.068022
0.067610
0.067200
0.066794
0.066389
0.065987
0.065588
0.065191
0.064796
0.064404
0.064014
0.063626
0.063241
0.062858
0.062478
0.062100
0.061724
0.061350
0.060979
0.060610
0.060243
0.059879
0.059516
0.059156
0.058798
0.058443
0.058089
0.057738
0.057388
0.057041
0.056696
0.056353
0.056012
0.055674
0.055337
0.055002
0.054670
0.054339
0.054010
0.053684
0.053359
0.053036
0.052716
0.052397
0.052080
0.051765
0.051452
0.051141
0.050832
0.050525
0.050219
0.049916
0.049614
0.049314
0.049016
0.048720
0.048426
0.048133
0.047842
0.047553
0.047266
0.046980
0.046696
0.046414
0.046134
0.045855
0.045578
0.045302
0.045029
0.044757
0.044486
0.044218
0.043951
0.043685
0.043421
0.043159
0.042898
0.042639
0.042382
0.042126
0.041872
0.041619
0.041367
0.041118
0.040869
0.040623
0.040377
0.040134
0.039891
0.039651
0.039411
0.039173
0.038937
0.038702
0.038468
0.038236
0.038005
0.037776
0.037548
0.037321
0.037096
0.036872
0.036650
0.036429
0.036209
0.035990
0.035773
0.035558
0.035343
0.035130
0.034918
0.034707
0.034498
0.034290
0.034083
0.033877
0.033673
0.033470
0.033268
0.033068
0.032868
0.032670
0.032473
0.032277
0.032083
0.031889
0.031697
0.031506
0.031316
0.031127
0.030939
0.030753
0.030568
0.030383
0.030200
0.030018
0.029837
0.029657
0.029479
0.029301
0.029125
0.028949
0.028775
0.028601
0.028429
0.028258
0.028087
0.027918
0.027750
0.027583
0.027417
0.027251
0.027087
0.026924
0.026762
0.026601
0.026441
0.026281
0.026123
0.025966
0.025809
0.025654
0.025499
0.025346
0.025193
0.025042
0.024891
0.024741
0.024592
0.024444
0.024297
0.024151
0.024005
0.023861
0.023717
0.023574
0.023432
0.023291
0.023151
0.023012
0.022873
0.022736
0.022599
0.022463
0.022328
0.022193
0.022060
0.021927
0.021795
0.021664
0.021534
0.021404
0.021276
0.021148
0.021020
0.020894
0.020768
0.020643
0.020519
0.020396
0.020273
0.020151
0.020030
0.019910
0.019790
0.019671
0.019553
0.019435
0.019318
0.019202
0.019087
0.018972
0.018858
0.018744
0.018632
0.018520
0.018408
0.018298
0.018188
0.018078
0.017970
0.017862
0.017755
0.017648
0.017542
0.017436
0.017332
0.017227
0.017124
0.017021
0.016919
0.016817
0.016716
0.016616
0.016516
0.016417
0.016318
0.016220
0.016123
0.016026
0.015930
0.015834
0.015739
0.015644
0.015550
0.015457
0.015364
0.015272
0.015180
0.015089
0.014998
0.014908
0.014819
0.014730
0.014641
0.014554
0.014466
0.014379
0.014293
0.014207
0.014122
0.014037
0.013953
0.013869
0.013786
0.013703
0.013621
0.013539
0.013458
0.013377
0.013297
0.013217
0.013138
0.013059
0.012981
0.012903
0.012825
0.012748
0.012672
0.012596
0.012520
0.012445
0.012371
0.012297
0.012223
0.012149
0.012077
0.012004
0.011932
0.011861
0.011789
0.011719
0.011649
0.011579
0.011509
0.011440
0.011372
0.011303
0.011236
0.011168
0.011101
0.011035
0.010969
0.010903
0.010838
0.010773
0.010708
0.010644
0.010580
0.010517
0.010454
0.010391
0.010329
0.010267
0.010205
0.010144
0.010083
0.010023
0.009963
0.009903
0.009844
0.009785
0.009726
0.009668
0.009610
0.009553
0.009495
0.009439
0.009382
0.009326
0.009270
0.009214
0.009159
0.009104
0.009050
0.008996
0.008942
0.008888
0.008835
0.008782
0.008730
0.008677
0.008625
0.008574
0.008522
0.008471
0.008421
0.008370
0.008320
0.008270
0.008221
0.008172
0.008123
0.008074
0.008026
0.007978
0.007930
0.007883
0.007835
0.007789
0.007742
0.007696
0.007650
0.007604
0.007558
0.007513
0.007468
0.007424
0.007379
0.007335
0.007291
0.007247
0.007204
0.007161
0.007118
0.007076
0.007033
0.006991
0.006949
0.006908
0.006867
0.006826
0.006785
0.006744
0.006704
0.006664
0.006624
0.006584
0.006545
0.006506
0.006467
0.006428
0.006390
0.006352
0.006314
0.006276
0.006238
0.006201
0.006164
0.006127
0.006091
0.006054
0.006018
0.005982
0.005946
0.005911
0.005875
0.005840
0.005805
0.005771
0.005736
0.005702
0.005668
0.005634
0.005600
0.005567
0.005534
0.005501
0.005468
0.005435
0.005403
0.005370
0.005338
0.005307
0.005275
0.005243
0.005212
0.005181
0.005150
0.005119
0.005089
0.005058
0.005028
0.004998
0.004968
0.004939
0.004909
0.004880
0.004851
0.004822
0.004793
0.004764
0.004736
0.004708
0.004679
0.004652
0.004624
0.004596
0.004569
0.004541
0.004514
0.004487
0.004461
0.004434
0.004408
0.004381
0.004355
0.004329
0.004303
0.004278
0.004252
0.004227
0.004202
0.004177
0.004152
0.004127
0.004102
0.004078
0.004053
0.004029
0.004005
0.003981
0.003958
0.003934
0.003911
0.003887
0.003864
0.003841
0.003818
0.003795
0.003773
0.003750
0.003728
0.003706
0.003684
0.003662
0.003640
0.003618
0.003597
0.003575
0.003554
0.003533
0.003512
0.003491
0.003470
0.003449
0.003429
0.003408
0.003388
0.003368
0.003348
0.003328
0.003308
0.003288
0.003268
0.003249
0.003230
0.003210
0.003191
0.003172
0.003153
0.003135
0.003116
0.003097
0.003079
0.003061
0.003042
0.003024
0.003006
0.002988
0.002971
0.002953
0.002935
0.002918
0.002900
0.002883
0.002866
0.002849
0.002832
0.002815
0.002798
0.002782
0.002765
0.002749
0.002732
0.002716
0.002700
0.002684
0.002668
0.002652
0.002636
0.002620
0.002605
0.002589
0.002574
0.002559
0.002543
0.002528
0.002513
0.002498
0.002483
0.002469
0.002454
0.002439
0.002425
0.002410
0.002396
0.002382
0.002368
0.002354
0.002340
0.002326
0.002312
0.002298
0.002284
0.002271
0.002257
0.002244
0.002231
0.002217
0.002204
0.002191
0.002178
0.002165
0.002152
0.002139
0.002127
0.002114
0.002101
0.002089
0.002076
0.002064
0.002052
0.002040
0.002028
0.002015
0.002003
0.001992
0.001980
0.001968
0.001956
0.001945
0.001933
0.001922
0.001910
0.001899
0.001888
0.001876
0.001865
0.001854
0.001843
0.001832
0.001821
0.001810
0.001800
0.001789
0.001778
0.001768
0.001757
0.001747
0.001736
0.001726
0.001716
0.001706
0.001696
0.001685
0.001675
0.001666
0.001656
0.001646
0.001636
0.001626
0.001617
0.001607
0.001598
0.001588
0.001579
0.001569
0.001560
0.001551
0.001541
0.001532
0.001523
0.001514
0.001505
0.001496
0.001487
0.001479
0.001470
0.001461
0.001452
0.001444
0.001435
0.001427
0.001418
0.001410
0.001401
0.001393
0.001385
0.001377
0.001368
0.001360
0.001352
0.001344
0.001336
0.001328
0.001320
0.001313
0.001305
0.001297
0.001289
0.001282
0.001274
0.001267
0.001259
0.001252
0.001244
0.001237
0.001229
0.001222
0.001215
0.001208
0.001201
0.001193
0.001186
0.001179
0.001172
0.001165
0.001158
0.001152
0.001145
0.001138
0.001131
0.001124
0.001118
0.001111
0.001105
0.001098
0.001092
0.001085
0.001079
0.001072
0.001066
0.001060
0.001053
0.001047
0.001041
0.001035
0.001029
0.001022
0.001016
0.001010
0.001004
0.000998
0.000993
0.000987
0.000981
0.000975
0.000969
0.000963
0.000958
0.000952
0.000946
0.000941
0.000935
0.000930
0.000924
0.000919
0.000913
0.000908
0.000903
0.000897
0.000892
0.000887
0.000881
0.000876
0.000871
0.000866
0.000861
0.000856
0.000850
0.000845
0.000840
0.000835
0.000830
0.000826
0.000821
0.000816
0.000811
0.000806
0.000801
0.000797
0.000792
0.000787
0.000783
0.000778
0.000773
0.000769
0.000764
0.000760
0.000755
0.000751
0.000746
0.000742
0.000738
0.000733
0.000729
0.000724
0.000720
0.000716
0.000712
0.000707
0.000703
0.000699
0.000695
0.000691
0.000687
0.000683
0.000679
0.000675
0.000671
0.000667
0.000663
0.000659
0.000655
0.000651
0.000647
0.000643
0.000640
0.000636
0.000632
0.000628
0.000625
0.000621
0.000617
0.000614
0.000610
0.000606
0.000603
0.000599
0.000596
0.000592
0.000589
0.000585
0.000582
0.000578
0.000575
0.000571
0.000568
0.000565
0.000561
0.000558
0.000555
0.000551
0.000548
0.000545
0.000542
0.000539
0.000535
0.000532
0.000529
0.000526
0.000523
0.000520
0.000517
0.000514
0.000511
0.000508
0.000505
0.000502
0.000499
0.000496
0.000493
0.000490
0.000487
0.000484
0.000481
0.000478
0.000476
0.000473
0.000470
0.000467
0.000464
0.000462
0.000459
0.000456
0.000454
0.000451
0.000448
0.000446
0.000443
0.000440
0.000438
0.000435
0.000433
0.000430
0.000427
0.000425
0.000422
0.000420
0.000417
0.000415
0.000413
0.000410
0.000408
0.000405
0.000403
0.000400
0.000398
0.000396
0.000393
0.000391
0.000389
0.000387
0.000384
0.000382
0.000380
0.000377
0.000375
0.000373
0.000371
0.000369
0.000366
0.000364
0.000362
0.000360
0.000358
0.000356
0.000354
0.000352
0.000350
0.000347
0.000345
0.000343
0.000341
0.000339
0.000337
0.000335
0.000333
0.000331
0.000329
0.000328
0.000326
0.000324
0.000322
0.000320
0.000318
0.000316
0.000314
0.000312
0.000311
0.000309
0.000307
0.000305
0.000303
0.000301
0.000300
0.000298
0.000296
0.000294
0.000293
0.000291
0.000289
0.000288
0.000286
0.000284
0.000282
0.000281
0.000279
0.000278
0.000276
0.000274
0.000273
0.000271
0.000269
0.000268
0.000266
0.000265
0.000263
0.000262
0.000260
0.000259
0.000257
0.000255
0.000254
0.000252
0.000251
0.000250
0.000248
0.000247
0.000245
0.000244
0.000242
0.000241
0.000239
0.000238
0.000237
0.000235
0.000234
0.000232
0.000231
0.000230
0.000228
0.000227
0.000226
0.000224
0.000223
0.000222
0.000220
0.000219
0.000218
0.000217
0.000215
0.000214
0.000213
0.000211
0.000210
0.000209
0.000208
0.000207
0.000205
0.000204
0.000203
0.000202
0.000201
0.000199
0.000198
0.000197
0.000196
0.000195
0.000194
0.000192
0.000191
0.000190
0.000189
0.000188
0.000187
0.000186
0.000185
0.000184
0.000182
0.000181
0.000180
0.000179
0.000178
0.000177
0.000176
0.000175
0.000174
0.000173
0.000172
0.000171
0.000170
0.000169
0.000168
0.000167
0.000166
0.000165
0.000164
0.000163
0.000162
0.000161
0.000160
0.000159
0.000158
0.000157
0.000157
0.000156
0.000155
0.000154
0.000153
0.000152
0.000151
0.000150
0.000149
0.000148
0.000148
0.000147
0.000146
0.000145
0.000144
0.000143
0.000142
0.000142
0.000141
0.000140
0.000139
0.000138
0.000137
0.000137
0.000136
0.000135
0.000134
0.000133
0.000133
0.000132
0.000131
0.000130
0.000130
0.000129
0.000128
0.000127
0.000127
0.000126
0.000125
0.000124
0.000124
0.000123
0.000122
0.000121
0.000121
0.000120
0.000119
0.000119
0.000118
0.000117
0.000117
0.000116
0.000115
0.000115
0.000114
0.000113
0.000113
0.000112
0.000111
0.000111
0.000110
0.000109
0.000109
0.000108
0.000107
0.000107
0.000106
0.000105
0.000105
0.000104
0.000104
0.000103
0.000102
0.000102
0.000101
0.000101
0.000100
0.000099
0.000099
0.000098
0.000098
0.000097
0.000097
0.000096
0.000095
0.000095
0.000094
0.000094
0.000093
0.000093
0.000092
0.000092
0.000091
0.000090
0.000090
0.000089
0.000089
0.000088
0.000088
0.000087
0.000087
0.000086
0.000086
0.000085
0.000085
0.000084
0.000084
0.000083
0.000083
0.000082
0.000082
0.000081
0.000081
0.000080
0.000080
0.000079
0.000079
0.000079
0.000078
0.000078
0.000077
0.000077
0.000076
0.000076
0.000075
0.000075
0.000075
0.000074
0.000074
0.000073
0.000073
0.000072
0.000072
0.000072
0.000071
0.000071
0.000070
0.000070
0.000069
0.000069
0.000069
0.000068
0.000068
0.000067
0.000067
0.000067
0.000066
0.000066
0.000065
0.000065
0.000065
0.000064
0.000064
0.000064
0.000063
0.000063
0.000062
0.000062
0.000062
0.000061
0.000061
0.000061
0.000060
0.000060
0.000060
0.000059
0.000059
0.000059
0.000058
0.000058
0.000058
0.000057
0.000057
0.000057
0.000056
0.000056
0.000056
0.000055
0.000055
0.000055
0.000054
0.000054
0.000054
0.000053
0.000053
0.000053
0.000052
0.000052
0.000052
0.000051
0.000051
0.000051
0.000051
0.000050
0.000050
0.000050
0.000049
0.000049
0.000049
0.000049
0.000048
0.000048
0.000048
0.000047
0.000047
0.000047
0.000047
0.000046
0.000046
0.000046
0.000045
0.000045
0.000045
0.000045
0.000044
0.000044
0.000044
0.000044
0.000043
0.000043
0.000043
0.000043
0.000042
0.000042
0.000042
0.000042
0.000041
0.000041
0.000041
0.000041
0.000040
0.000040
0.000040
0.000040
0.000040
0.000039
0.000039
0.000039
0.000039
0.000038
0.000038
0.000038
0.000038
0.000037
0.000037
0.000037
0.000037
0.000037
0.000036
0.000036
0.000036
0.000036
0.000036
0.000035
0.000035
0.000035
0.000035
0.000035
0.000034
0.000034
0.000034
0.000034
0.000034
0.000033
0.000033
0.000033
0.000033
0.000033
0.000032
0.000032
0.000032
0.000032
0.000032
0.000031
0.000031
0.000031
0.000031
0.000031
0.000031
0.000030
0.000030
0.000030
0.000030
0.000030
0.000029
0.000029
0.000029
0.000029
0.000029
0.000029
0.000028
0.000028
0.000028
0.000028
0.000028
0.000028
0.000027
0.000027
0.000027
0.000027
0.000027
0.000027
0.000027
0.000026
0.000026
0.000026
0.000026
0.000026
0.000026
0.000025
0.000025
0.000025
0.000025
0.000025
0.000025
0.000025
0.000024
0.000024
0.000024
0.000024
0.000024
0.000024
0.000024
0.000023
0.000023
0.000023
0.000023
0.000023
0.000023
0.000023
0.000022
0.000022
0.000022
0.000022
0.000022
0.000022
0.000022
0.000022
0.000021
0.000021
0.000021
0.000021
0.000021
0.000021
0.000021
0.000021
0.000020
0.000020
0.000020
0.000020
0.000020
0.000020
0.000020
0.000020
0.000020
0.000019
0.000019
0.000019
0.000019
0.000019
0.000019
0.000019
0.000019
0.000019
0.000018
0.000018
0.000018
0.000018
0.000018
0.000018
0.000018
0.000018
0.000018
0.000017
0.000017
0.000017
0.000017
0.000017
0.000017
0.000017
0.000017
0.000017
0.000017
0.000016
0.000016
0.000016
0.000016
0.000016
0.000016
0.000016
0.000016
0.000016
0.000016
0.000016
0.000015
0.000015
0.000015
0.000015
0.000015
0.000015
0.000015
0.000015
0.000015
0.000015
0.000015
0.000015
0.000014
0.000014
0.000014
0.000014
0.000014
0.000014
0.000014
0.000014
0.000014
0.000014
0.000014
0.000014
0.000013
0.000013
0.000013
0.000013
0.000013
0.000013
0.000013
0.000013
0.000013
0.000013
0.000013
0.000013
0.000013
0.000012
0.000012
0.000012
0.000012
0.000012
0.000012
0.000012
0.000012
0.000012
0.000012
0.000012
0.000012
0.000012
0.000012
0.000011
0.000011
0.000011
0.000011
0.000011
0.000011
0.000011
0.000011
0.000011
0.000011
0.000011
0.000011
0.000011
0.000011
0.000011
0.000011
0.000010
0.000010
0.000010
0.000010
0.000010
0.000010
0.000010
0.000010
0.000010
0.000010
0.000010
0.000010
0.000010
0.000010
0.000010
0.000010
0.000010
0.000009
0.000009
0.000009
0.000009
0.000009
0.000009
0.000009
0.000009
0.000009
0.000009
0.000009
0.000009
0.000009
0.000009
0.000009
0.000009
0.000009
0.000009
0.000009
0.000008
0.000008
0.000008
0.000008
0.000008
0.000008
0.000008
0.000008
0.000008
0.000008
0.000008
0.000008
0.000008
0.000008
0.000008
0.000008
0.000008
0.000008
0.000008
0.000008
0.000008
0.000007
0.000007
0.000007
0.000007
0.000007
0.000007
0.000007
0.000007
0.000007
0.000007
0.000007
0.000007
0.000007
0.000007
0.000007
0.000007
0.000007
0.000007
0.000007
0.000007
0.000007
0.000007
0.000007
0.000007
0.000007
0.000006
0.000006
0.000006
0.000006
0.000006
0.000006
0.000006
0.000006
0.000006
0.000006
0.000006
0.000006
0.000006
0.000006
0.000006
0.000006
0.000006
0.000006
0.000006
0.000006
0.000006
0.000006
0.000006
0.000006
0.000006
0.000006
0.000006
0.000006
0.000006
0.000005
0.000005
0.000005
0.000005
0.000005
0.000005
0.000005
0.000005
0.000005
0.000005
0.000005
0.000005
0.000005
0.000005
0.000005
0.000005
0.000005
0.000005
0.000005
0.000005
0.000005
0.000005
0.000005
0.000005
0.000005
0.000005
0.000005
0.000005
0.000005
0.000005
0.000005
0.000005
0.000005
0.000005
0.000004
0.000004
0.000004
0.000004
0.000004
0.000004
0.000004
0.000004
0.000004
0.000004
0.000004
0.000004
0.000004
0.000004
0.000004
0.000004
0.000004
0.000004
0.000004
0.000004
0.000004
0.000004
0.000004
0.000004
0.000004
0.000004
0.000004
0.000004
0.000004
0.000004
0.000004
0.000004
0.000004
0.000004
0.000004
0.000004
0.000004
0.000004
0.000004
0.000004
0.000004
0.000004
0.000004
0.000003
0.000003
0.000003
0.000003
0.000003
0.000003
0.000003
0.000003
0.000003
0.000003
0.000003
0.000003
0.000003
0.000003
0.000003
0.000003
0.000003
0.000003
0.000003
0.000003
0.000003
0.000003
0.000003
0.000003
0.000003
0.000003
0.000003
0.000003
0.000003
0.000003
0.000003
0.000003
0.000003
0.000003
0.000003
0.000003
0.000003
0.000003
0.000003
0.000003
0.000003
0.000003
0.000003
0.000003
0.000003
0.000003
0.000003
0.000003
0.000003
0.000003
0.000003
0.000003
0.000003
0.000003
0.000003
0.000003
0.000003
0.000003
0.000002
0.000002
0.000002
0.000002
0.000002
0.000002
0.000002
0.000002
0.000002
0.000002
0.000002
0.000002
0.000002
0.000002
0.000002
0.000002
0.000002
0.000002
0.000002
0.000002
0.000002
0.000002
0.000002
0.000002
0.000002
0.000002
0.000002
0.000002
0.000002
0.000002
0.000002
0.000002
0.000002
0.000002
0.000002
0.000002
0.000002
0.000002
0.000002
0.000002
0.000002
0.000002
0.000002
0.000002
0.000002
0.000002
0.000002
0.000002
0.000002
0.000002
0.000002
0.000002
0.000002
0.000002
0.000002
0.000002
0.000002
0.000002
0.000002
0.000002
0.000002
0.000002
0.000002
0.000002
0.000002
0.000002
0.000002
0.000002
0.000002
0.000002
0.000002
0.000002
0.000002
0.000002
0.000002
0.000002
0.000002
0.000002
0.000002
0.000002
0.000002
0.000002
0.000002
0.000002
0.000002
0.000002
0.000002
0.000002
0.000001
0.000001
0.000001
0.000001
0.000001
0.000001
0.000001
0.000001
0.000001
0.000001
0.000001
0.000001
0.000001
0.000001
0.000001
0.000001
0.000001
0.000001
0.000001
0.000001
0.000001
0.000001
0.000001
0.000001
0.000001
0.000001
0.000001
0.000001
0.000001
0.000001
0.000001
0.000001
0.000001
0.000001
0.000001
0.000001
0.000001
0.000001
0.000001
0.000001
0.000001
0.000001
0.000001
0.000001
0.000001
0.000001
0.000001
0.000001
0.000001
0.000001
0.000001
0.000001
0.000001
0.000001
0.000001
0.000001
0.000001
0.000001
0.000001
0.000001
0.000001
0.000001
0.000001
0.000001
0.000001
0.000001
0.000001
0.000001
0.000001
0.000001
0.000001
0.000001
0.000001
0.000001
0.000001
0.000001
0.000001
0.000001
0.000001
0.000001
0.000001
0.000001
0.000001
0.000001
0.000001
0.000001
0.000001
0.000001
0.000001
0.000001
0.000001
0.000001
0.000001
0.000001
0.000001
0.000001
0.000001
0.000001
0.000001
0.000001
0.000001
0.000001
0.000001
0.000001
0.000001
0.000001
0.000001
0.000001
0.000001
0.000001
0.000001
0.000001
0.000001
0.000001
0.000001
0.000001
0.000001
0.000001
0.000001
0.000001
0.000001
0.000001
0.000001
0.000001
0.000001
0.000001
0.000001
0.000001
0.000001
0.000001
0.000001
0.000001
0.000001
0.000001
0.000001
0.000001
0.000001
0.000001
0.000001
0.000001
0.000001
0.000001
0.000001
0.000001
0.000001
0.000001
0.000001
0.000001
0.000001
0.000001
0.000001
0.000001
0.000001
0.000001
0.000001
0.000001
0.000001
0.000001
0.000001
0.000001
0.000001
0.000001
0.000001
0.000001
0.000001
0.000001
0.000001
0.000001
0.000001
0.000001
0.000001
0.000001
0.000001
0.000001
0.000001
0.000001
0.000001
0.000001
0.000001
0.000001
0.000001
0.000001
0.000001
0.000001
0.000001
0.000001
0.000001
0.000001
0.000001
0.000000
0.000000
0.000000
0.000000
0.000000
0.000000
0.000000
0.000000
0.000000
0.000000
0.000000
0.000000
0.000000
0.000000
0.000000
0.000000
0.000000
0.000000
0.000000
0.000000
0.000000
0.000000
0.000000
0.000000
0.000000
0.000000
0.000000
0.000000
0.000000
0.000000
0.000000
0.000000
0.000000
0.000000
0.000000
0.000000
0.000000
0.000000
0.000000
0.000000
0.000000
0.000000
0.000000
0.000000
0.000000
0.000000
0.000000
0.000000
0.000000
0.000000
0.000000
0.000000
0.000000
0.000000
0.000000
0.000000
0.000000
0.000000
0.000000
0.000000
0.000000
0.000000
0.000000
0.000000
0.000000
0.000000
0.000000
0.000000
0.000000
0.000000
0.000000
0.000000
0.000000
0.000000
0.000000
0.000000
0.000000
0.000000
0.000000
0.000000
0.000000
0.000000
0.000000
0.000000
0.000000
0.000000
0.000000
0.000000
0.000000
0.000000
0.000000
0.000000
0.000000
0.000000
0.000000
0.000000
0.000000
0.000000
0.000000
0.000000
0.000000
0.000000
0.000000
0.000000
0.000000
0.000000
0.000000
0.000000
0.000000
0.000000
0.000000
0.000000
0.000000
0.000000
0.000000
0.000000
0.000000
0.000000
0.000000
0.000000
0.000000
0.000000
0.000000
0.000000
0.000000
0.000000
0.000000
0.000000
0.000000
0.000000
0.000000
0.000000
0.000000
0.000000
0.000000
0.000000
0.000000
0.000000
0.000000
0.000000
0.000000
0.000000
0.000000
0.000000
0.000000
0.000000
0.000000
0.000000
0.000000
0.000000
0.000000
0.000000
0.000000
0.000000
0.000000
0.000000
0.000000
0.000000
0.000000
0.000000
0.000000
0.000000
0.000000
0.000000
0.000000
0.000000
0.000000
0.000000
0.000000
0.000000
0.000000
0.000000
0.000000
0.000000
0.000000
0.000000
0.000000
0.000000
0.000000
0.000000
0.000000
0.000000
0.000000
0.000000
0.000000
0.000000
0.000000
0.000000
0.000000
0.000000
0.000000
0.000000
0.000000
0.000000
0.000000
0.000000
0.000000
0.000000
0.000000
0.000000
0.000000
0.000000
0.000000
0.000000
0.000000
0.000000
0.000000
0.000000
0.000000
0.000000
0.000000
0.000000
0.000000
0.000000
0.000000
0.000000
0.000000
0.000000
0.000000
0.000000
0.000000
0.000000
0.000000
0.000000
0.000000
0.000000
0.000000
0.000000
0.000000
0.000000
0.000000
0.000000
0.000000
0.000000
0.000000
0.000000
0.000000
0.000000
0.000000
0.000000
0.000000
0.000000
0.000000
0.000000
0.000000
0.000000
0.000000
0.000000
0.000000
0.000000
0.000000
0.000000
0.000000
0.000000
0.000000
0.000000
0.000000
0.000000
0.000000
0.000000
0.000000
0.000000
0.000000
0.000000
0.000000
0.000000
0.000000
0.000000
0.000000
0.000000
0.000000
0.000000
0.000000
0.000000
0.000000
0.000000
0.000000
0.000000
0.000000
0.000000
0.000000
0.000000
0.000000
0.000000
0.000000
0.000000
0.000000
0.000000
0.000000
0.000000
0.000000
0.000000
0.000000
0.000000
0.000000
0.000000
0.000000
0.000000
0.000000
0.000000
0.000000
0.000000
0.000000
0.000000
0.000000
0.000000
0.000000
0.000000
0.000000
0.000000
0.000000
0.000000
0.000000
0.000000
0.000000
0.000000
0.000000
0.000000
0.000000
0.000000
0.000000
0.000000
0.000000
0.000000
0.000000
0.000000
0.000000
0.000000
0.000000
0.000000
0.000000
0.000000
0.000000
0.000000
0.000000
0.000000
0.000000
0.000000
0.000000
0.000000
0.000000
0.000000
0.000000
0.000000
0.000000
0.000000
0.000000
0.000000
0.000000
0.000000
0.000000
0.000000
0.000000
0.000000
0.000000
0.000000
0.000000
0.000000
0.000000
0.000000
0.000000
0.000000
0.000000
0.000000
0.000000
0.000000
0.000000
0.000000
0.000000
0.000000
0.000000
0.000000
0.000000
0.000000
0.000000
0.000000
0.000000
0.000000
0.000000
0.000000
0.000000
0.000000
0.000000
0.000000
0.000000
0.000000
0.000000
0.000000
0.000000
0.000000
0.000000
0.000000
0.000000
0.000000
0.000000
0.000000
0.000000
0.000000
0.000000
0.000000
0.000000
0.000000
0.000000
0.000000
0.000000
0.000000
0.000000
0.000000
0.000000
0.000000
0.000000
0.000000
0.000000
0.000000
0.000000
0.000000
0.000000
0.000000
0.000000
0.000000
0.000000
0.000000
0.000000
0.000000
0.000000
0.000000
0.000000
0.000000
0.000000
0.000000
0.000000
0.000000
0.000000
0.000000
0.000000
0.000000
0.000000
0.000000
0.000000
0.000000
0.000000
0.000000
0.000000
0.000000
0.000000
0.000000
0.000000
0.000000
0.000000
0.000000
0.000000
0.000000
0.000000
0.000000
0.000000
0.000000
0.000000
0.000000
0.000000
0.000000
0.000000
0.000000
0.000000
0.000000
0.000000
0.000000
0.000000
0.000000
0.000000
0.000000
0.000000
0.000000
0.000000
0.000000
0.000000
0.000000
0.000000
0.000000
0.000000
0.000000
0.000000
0.000000
0.000000
0.000000
0.000000
0.000000
0.000000
0.000000
0.000000
0.000000
0.000000
0.000000
0.000000
0.000000
0.000000
0.000000
0.000000
0.000000
0.000000
0.000000
0.000000
0.000000
0.000000
0.000000
0.000000
0.000000
0.000000
0.000000
0.000000
0.000000
0.000000
0.000000
0.000000
0.000000
0.000000
0.000000
0.000000
0.000000
0.000000
0.000000
0.000000
0.000000
0.000000
0.000000
0.000000
0.000000
0.000000
0.000000
0.000000
0.000000
0.000000
0.000000
0.000000
0.000000
0.000000
0.000000
0.000000
0.000000
0.000000
0.000000
0.000000
0.000000
0.000000
0.000000
0.000000
0.000000
0.000000
0.000000
0.000000
0.000000
0.000000
0.000000
0.000000
0.000000
0.000000
0.000000
0.000000
0.000000
0.000000
0.000000
0.000000
0.000000
0.000000
0.000000
0.000000
0.000000
0.000000
0.000000
0.000000
0.000000
0.000000
0.000000
0.000000
0.000000
0.000000
0.000000
0.000000
0.000000
0.000000
0.000000
0.000000
0.000000
0.000000
0.000000
0.000000
0.000000
0.000000
0.000000
0.000000
0.000000
0.000000
0.000000
0.000000
0.000000
0.000000
0.000000
0.000000
0.000000
0.000000
0.000000
0.000000
0.000000
0.000000
0.000000
0.000000
0.000000
0.000000
0.000000
0.000000
0.000000
0.000000
0.000000
0.000000
0.000000
0.000000
0.000000
0.000000
0.000000
0.000000
0.000000
0.000000
0.000000
0.000000
0.000000
0.000000
0.000000
0.000000
0.000000
0.000000
0.000000
0.000000
0.000000
0.000000
0.000000
0.000000
0.000000
0.000000
0.000000
0.000000
0.000000
0.000000
0.000000
0.000000
0.000000
0.000000
0.000000
0.000000
0.000000
0.000000
0.000000
0.000000
0.000000
0.000000
0.000000
0.000000
0.000000
0.000000
0.000000
0.000000
0.000000
0.000000
0.000000
0.000000
0.000000
0.000000
0.000000
0.000000
0.000000
0.000000
0.000000
0.000000
0.000000
0.000000
0.000000
0.000000
0.000000
0.000000
0.000000
0.000000
0.000000
0.000000
0.000000
0.000000
0.000000
0.000000
0.000000
0.000000
0.000000
0.000000
0.000000
0.000000
0.000000
0.000000
0.000000
0.000000
0.000000
0.000000
0.000000
0.000000
0.000000
0.000000
0.000000
0.000000
0.000000
0.000000
0.000000
0.000000
0.000000
0.000000
0.000000
0.000000
0.000000
0.000000
0.000000
0.000000
0.000000
0.000000
0.000000
0.000000
0.000000
0.000000
0.000000
0.000000
0.000000
0.000000
0.000000
0.000000
0.000000
0.000000
0.000000
0.000000
0.000000
0.000000
0.000000
0.000000
0.000000
0.000000
0.000000
0.000000
0.000000
0.000000
0.000000
0.000000
0.000000
0.000000
0.000000
0.000000
0.000000
0.000000
0.000000
0.000000
0.000000
0.000000
0.000000
0.000000
0.000000
0.000000
0.000000
0.000000
0.000000
0.000000
0.000000
0.000000
0.000000
0.000000
0.000000
0.000000
0.000000
0.000000
0.000000
0.000000
0.000000
0.000000
0.000000
0.000000
0.000000
0.000000
0.000000
0.000000
0.000000
0.000000
0.000000
0.000000
0.000000
0.000000
0.000000
0.000000
0.000000
0.000000
0.000000
0.000000
0.000000
0.000000
0.000000
0.000000
0.000000
0.000000
0.000000
0.000000
0.000000
0.000000
0.000000
0.000000
0.000000
0.000000
0.000000
0.000000
0.000000
0.000000
0.000000
0.000000
0.000000
0.000000
0.000000
0.000000
0.000000
0.000000
0.000000
0.000000
0.000000
0.000000
0.000000
0.000000
0.000000
0.000000
0.000000
0.000000
0.000000
0.000000
0.000000
0.000000
0.000000
0.000000
0.000000
0.000000
0.000000
0.000000
0.000000
0.000000
0.000000
0.000000
0.000000
0.000000
0.000000
0.000000
0.000000
0.000000
0.000000
0.000000
0.000000
0.000000
0.000000
0.000000
0.000000
0.000000
0.000000
0.000000
0.000000
0.000000
0.000000
0.000000
0.000000
0.000000
0.000000
0.000000
0.000000
0.000000
0.000000
0.000000
0.000000
0.000000
0.000000
0.000000
0.000000
0.000000
0.000000
0.000000
0.000000
0.000000
0.000000
0.000000
0.000000
0.000000
0.000000
0.000000
0.000000
0.000000
0.000000
0.000000
0.000000
0.000000
0.000000
0.000000
0.000000
0.000000
0.000000
0.000000
0.000000
0.000000
0.000000
0.000000
0.000000
0.000000
0.000000
0.000000
0.000000
0.000000
0.000000
0.000000
0.000000
0.000000
0.000000
0.000000
0.000000
0.000000
0.000000
0.000000
0.000000
0.000000
0.000000
0.000000
0.000000
0.000000
0.000000
0.000000
0.000000
0.000000
0.000000
0.000000
0.000000
0.000000
0.000000
0.000000
0.000000
0.000000
0.000000
0.000000
0.000000
0.000000
0.000000
0.000000
0.000000
0.000000
0.000000
0.000000
0.000000
0.000000
0.000000
0.000000
0.000000
0.000000
0.000000
0.000000
0.000000
0.000000
0.000000
0.000000
0.000000
0.000000
0.000000
0.000000
0.000000
0.000000
0.000000
0.000000
0.000000
0.000000
0.000000
0.000000
0.000000
0.000000
0.000000
0.000000
0.000000
0.000000
0.000000
0.000000
0.000000
0.000000
0.000000
0.000000
0.000000
0.000000
0.000000
0.000000
0.000000
0.000000
0.000000
0.000000
0.000000
0.000000
0.000000
0.000000
0.000000
0.000000
0.000000
0.000000
0.000000
0.000000
0.000000
0.000000
0.000000
0.000000
0.000000
0.000000
0.000000
0.000000
0.000000
0.000000
0.000000
0.000000
0.000000
0.000000
0.000000
0.000000
0.000000
0.000000
0.000000
0.000000
0.000000
0.000000
0.000000
0.000000
0.000000
0.000000
0.000000
0.000000
0.000000
0.000000
0.000000
0.000000
0.000000
0.000000
0.000000
0.000000
0.000000
0.000000
0.000000
0.000000
0.000000
0.000000
0.000000
0.000000
0.000000
0.000000
0.000000
0.000000
0.000000
0.000000
0.000000
0.000000
0.000000
0.000000
0.000000
0.000000
0.000000
0.000000
0.000000
0.000000
0.000000
0.000000
0.000000
0.000000
0.000000
0.000000
0.000000
0.000000
0.000000
0.000000
0.000000
0.000000
0.000000
0.000000
0.000000
0.000000
0.000000
0.000000
0.000000
0.000000
0.000000
0.000000
0.000000
0.000000
0.000000
0.000000
0.000000
0.000000
0.000000
0.000000
0.000000
0.000000
0.000000
0.000000
0.000000
0.000000
0.000000
0.000000
0.000000
0.000000
0.000000
0.000000
0.000000
0.000000
0.000000
0.000000
0.000000
0.000000
0.000000
0.000000
0.000000
0.000000
0.000000
0.000000
0.000000
0.000000
0.000000
0.000000
0.000000
0.000000
0.000000
0.000000
0.000000
0.000000
0.000000
0.000000
0.000000
0.000000
0.000000
0.000000
0.000000
0.000000
0.000000
0.000000
0.000000
0.000000
0.000000
0.000000
0.000000
0.000000
0.000000
0.000000
0.000000
0.000000
0.000000
0.000000
0.000000
0.000000
0.000000
0.000000
0.000000
0.000000
0.000000
0.000000
0.000000
0.000000
0.000000
0.000000
0.000000
0.000000
0.000000
0.000000
0.000000
0.000000
0.000000
0.000000
0.000000
0.000000
0.000000
0.000000
0.000000
0.000000
0.000000
0.000000
0.000000
0.000000
0.000000
0.000000
0.000000
0.000000
0.000000
0.000000
0.000000
0.000000
0.000000
0.000000
0.000000
0.000000
0.000000
0.000000
0.000000
0.000000
0.000000
0.000000
0.000000
0.000000
0.000000
0.000000
0.000000
0.000000
0.000000
0.000000
0.000000
0.000000
0.000000
0.000000
0.000000
0.000000
0.000000
0.000000
0.000000
0.000000
0.000000
0.000000
0.000000
0.000000
0.000000
0.000000
0.000000
0.000000
0.000000
0.000000
0.000000
0.000000
0.000000
0.000000
0.000000
0.000000
0.000000
0.000000
0.000000
0.000000
0.000000
0.000000
0.000000
0.000000
0.000000
0.000000
0.000000
0.000000
0.000000
0.000000
0.000000
0.000000
0.000000
0.000000
0.000000
0.000000
0.000000
0.000000
0.000000
0.000000
0.000000
0.000000
0.000000
0.000000
0.000000
0.000000
0.000000
0.000000
0.000000
0.000000
0.000000
0.000000
0.000000
0.000000
0.000000
0.000000
0.000000
0.000000
0.000000
0.000000
0.000000
0.000000
0.000000
0.000000
0.000000
0.000000
0.000000
0.000000
0.000000
0.000000
0.000000
0.000000
0.000000
0.000000
0.000000
0.000000
0.000000
0.000000
0.000000
0.000000
0.000000
0.000000
0.000000
0.000000
0.000000
0.000000
0.000000
0.000000
0.000000
0.000000
0.000000
0.000000
0.000000
0.000000
0.000000
0.000000
0.000000
0.000000
0.000000
0.000000
0.000000
0.000000
0.000000
0.000000
0.000000
0.000000
0.000000
0.000000
0.000000
0.000000
0.000000
0.000000
0.000000
0.000000
0.000000
0.000000
0.000000
0.000000
0.000000
0.000000
0.000000
0.000000
0.000000
0.000000
0.000000
0.000000
0.000000
0.000000
0.000000
0.000000
0.000000
0.000000
0.000000
0.000000
0.000000
0.000000
0.000000
0.000000
0.000000
0.000000
0.000000
0.000000
0.000000
0.000000
0.000000
0.000000
0.000000
0.000000
0.000000
0.000000
0.000000
0.000000
0.000000
0.000000
0.000000
0.000000
0.000000
0.000000
0.000000
0.000000
0.000000
0.000000
0.000000
0.000000
0.000000
0.000000
0.000000
0.000000
0.000000
0.000000
0.000000
0.000000
0.000000
0.000000
0.000000
0.000000
0.000000
0.000000
0.000000
0.000000
0.000000
0.000000
0.000000
0.000000
0.000000
0.000000
0.000000
0.000000
0.000000
0.000000
0.000000
0.000000
0.000000
0.000000
0.000000
0.000000
0.000000
0.000000
0.000000
0.000000
0.000000
0.000000
0.000000
0.000000
0.000000
0.000000
0.000000
0.000000
0.000000
0.000000
0.000000
0.000000
0.000000
0.000000
0.000000
0.000000
0.000000
0.000000
0.000000
0.000000
0.000000
0.000000
0.000000
0.000000
0.000000
0.000000
0.000000
0.000000
0.000000
0.000000
0.000000
0.000000
0.000000
0.000000
0.000000
0.000000
0.000000
0.000000
0.000000
0.000000
0.000000
0.000000
0.000000
0.000000
0.000000
0.000000
0.000000
0.000000
0.000000
0.000000
0.000000
0.000000
0.000000
0.000000
0.000000
0.000000
0.000000
0.000000
0.000000
0.000000
0.000000
0.000000
0.000000
0.000000
0.000000
0.000000
0.000000
0.000000
0.000000
0.000000
0.000000
0.000000
0.000000
0.000000
0.000000
0.000000
0.000000
0.000000
0.000000
0.000000
0.000000
0.000000
0.000000
0.000000
0.000000
0.000000
0.000000
0.000000
0.000000
0.000000
0.000000
0.000000
0.000000
0.000000
0.000000
0.000000
0.000000
0.000000
0.000000
0.000000
0.000000
0.000000
0.000000
0.000000
0.000000
0.000000
0.000000
0.000000
0.000000
0.000000
0.000000
0.000000
0.000000
0.000000
0.000000
0.000000
0.000000
0.000000
0.000000
0.000000
0.000000
0.000000
0.000000
0.000000
0.000000
0.000000
0.000000
0.000000
0.000000
0.000000
0.000000
0.000000
0.000000
0.000000
0.000000
0.000000
0.000000
0.000000
0.000000
0.000000
0.000000
0.000000
0.000000
0.000000
0.000000
0.000000
0.000000
0.000000
0.000000
0.000000
0.000000
0.000000
0.000000
0.000000
0.000000
0.000000
0.000000
0.000000
0.000000
0.000000
0.000000
0.000000
0.000000
0.000000
0.000000
0.000000
0.000000
0.000000
0.000000
0.000000
0.000000
0.000000
0.000000
0.000000
0.000000
0.000000
0.000000
0.000000
0.000000
0.000000
0.000000
0.000000
0.000000
0.000000
0.000000
0.000000
0.000000
0.000000
0.000000
0.000000
0.000000
0.000000
0.000000
0.000000
0.000000
0.000000
0.000000
0.000000
0.000000
0.000000
0.000000
0.000000
0.000000
0.000000
0.000000
0.000000
0.000000
0.000000
0.000000
0.000000
0.000000
0.000000
0.000000
0.000000
0.000000
0.000000
0.000000
0.000000
0.000000
0.000000
0.000000
0.000000
0.000000
0.000000
0.000000
0.000000
0.000000
0.000000
0.000000
0.000000
0.000000
0.000000
0.000000
0.000000
0.000000
0.000000
0.000000
0.000000
0.000000
0.000000
0.000000
0.000000
0.000000
0.000000
0.000000
0.000000
0.000000
0.000000
0.000000
0.000000
0.000000
0.000000
0.000000
0.000000
0.000000
0.000000
0.000000
0.000000
0.000000
0.000000
0.000000
0.000000
0.000000
0.000000
0.000000
0.000000
0.000000
0.000000
0.000000
0.000000
0.000000
0.000000
0.000000
0.000000
0.000000
0.000000
0.000000
0.000000
0.000000
0.000000
0.000000
0.000000
0.000000
0.000000
0.000000
0.000000
0.000000
0.000000
0.000000
0.000000
0.000000
0.000000
0.000000
0.000000
0.000000
0.000000
0.000000
0.000000
0.000000
0.000000
0.000000
0.000000
0.000000
0.000000
0.000000
0.000000
0.000000
0.000000
0.000000
0.000000
0.000000
0.000000
0.000000
0.000000
0.000000
0.000000
0.000000
0.000000
0.000000
0.000000
0.000000
0.000000
0.000000
0.000000
0.000000
0.000000
0.000000
0.000000
0.000000
0.000000
0.000000
0.000000
0.000000
0.000000
0.000000
0.000000
0.000000
0.000000
0.000000
0.000000
0.000000
0.000000
0.000000
0.000000
0.000000
0.000000
0.000000
0.000000
0.000000
0.000000
0.000000
0.000000
0.000000
0.000000
0.000000
0.000000
0.000000
0.000000
0.000000
0.000000
0.000000
0.000000
0.000000
0.000000
0.000000
0.000000
0.000000
0.000000
0.000000
0.000000
0.000000
0.000000
0.000000
0.000000
0.000000
0.000000
0.000000
0.000000
0.000000
0.000000
0.000000
0.000000
0.000000
0.000000
0.000000
0.000000
0.000000
0.000000
0.000000
0.000000
0.000000
0.000000
0.000000
0.000000
0.000000
0.000000
0.000000
0.000000
0.000000
0.000000
0.000000
0.000000
0.000000
0.000000
0.000000
0.000000
0.000000
0.000000
0.000000
0.000000
0.000000
0.000000
0.000000
0.000000
0.000000
0.000000
0.000000
0.000000
0.000000
0.000000
0.000000
0.000000
0.000000
0.000000
0.000000
0.000000
0.000000
0.000000
0.000000
0.000000
0.000000
0.000000
0.000000
0.000000
0.000000
0.000000
0.000000
0.000000
0.000000
0.000000
0.000000
0.000000
0.000000
0.000000
0.000000
0.000000
0.000000
0.000000
0.000000
0.000000
0.000000
0.000000
0.000000
0.000000
0.000000
0.000000
0.000000
0.000000
0.000000
0.000000
0.000000
0.000000
0.000000
0.000000
0.000000
0.000000
0.000000
0.000000
0.000000
0.000000
0.000000
0.000000
0.000000
0.000000
0.000000
0.000000
0.000000
0.000000
0.000000
0.000000
0.000000
0.000000
0.000000
0.000000
0.000000
0.000000
0.000000
0.000000
0.000000
0.000000
0.000000
0.000000
0.000000
0.000000
0.000000
0.000000
0.000000
0.000000
0.000000
0.000000
0.000000
0.000000
0.000000
0.000000
0.000000
0.000000
0.000000
0.000000
0.000000
0.000000
0.000000
0.000000
0.000000
0.000000
0.000000
0.000000
0.000000
0.000000
0.000000
0.000000
0.000000
0.000000
0.000000
0.000000
0.000000
0.000000
0.000000
0.000000
0.000000
0.000000
0.000000
0.000000
0.000000
0.000000
0.000000
0.000000
0.000000
0.000000
0.000000
0.000000
0.000000
0.000000
0.000000
0.000000
0.000000
0.000000
0.000000
0.000000
0.000000
0.000000
0.000000
0.000000
0.000000
0.000000
0.000000
0.000000
0.000000
0.000000
0.000000
0.000000
0.000000
0.000000
0.000000
0.000000
0.000000
0.000000
0.000000
0.000000
0.000000
0.000000
0.000000
0.000000
0.000000
0.000000
0.000000
0.000000
0.000000
0.000000
0.000000
0.000000
0.000000
0.000000
0.000000
0.000000
0.000000
0.000000
0.000000
0.000000
0.000000
0.000000
0.000000
0.000000
0.000000
0.000000
0.000000
0.000000
0.000000
0.000000
0.000000
0.000000
0.000000
0.000000
0.000000
0.000000
0.000000
0.000000
0.000000
0.000000
0.000000
0.000000
0.000000
0.000000
0.000000
0.000000
0.000000
0.000000
0.000000
0.000000
0.000000
0.000000
0.000000
0.000000
0.000000
0.000000
0.000000
0.000000
0.000000
0.000000
0.000000
0.000000
0.000000
0.000000
0.000000
0.000000
0.000000
0.000000
0.000000
0.000000
0.000000
