2267066887790.459961
3757497.711251
265492.531099
263739.386111
261978.454551
260229.351536
258492.027674
256766.403005
255052.398078
253349.933987
251658.932363
249979.315378
248311.005734
246653.926662
245008.001919
243373.155786
241749.313058
240136.399049
238534.339582
236943.060987
235362.490099
233792.554254
232233.181285
230684.299518
229145.837771
227617.725346
226099.892032
224592.268096
223094.784283
221607.371811
220129.962370
218662.488115
217204.881665
215757.076103
214319.004966
212890.602246
211471.802388
210062.540284
208662.751271
207272.371129
205891.336074
204519.582763
203157.048282
201803.670147
200459.386304
199124.135120
197797.855384
196480.486305
195171.967505
193872.239019
192581.241293
191298.915178
190025.201931
188760.043208
187503.381066
186255.157956
185015.316721
183783.800598
182560.553208
181345.518560
180138.641041
178939.865423
177749.136850
176566.400845
175391.603300
174224.690478
173065.609006
171914.305879
170770.728451
169634.824436
168506.541906
167385.829287
166272.635354
165166.909236
164068.600406
162977.658682
161894.034226
160817.677539
159748.539459
158686.571159
157631.724148
156583.950262
155543.201667
154509.430856
153482.590645
152462.634171
151449.514893
150443.186585
149443.603336
148450.719550
147464.489941
146484.869530
145511.813646
144545.277923
143585.218297
142631.591003
141684.352576
140743.459846
139808.869937
138880.540267
137958.428542
137042.492756
136132.691191
135228.982412
134331.325267
133439.678882
132554.002665
131674.256297
130800.399736
129932.393211
129070.197223
128213.772542
127363.080203
126518.081509
125678.738025
124845.011577
124016.864253
123194.258397
122377.156610
121565.521748
120759.316919
119958.505482
119163.051047
118372.917469
117588.068850
116808.469537
116034.084120
115264.877427
114500.814528
113741.860730
112987.981574
112239.142840
111495.310535
110756.450900
110022.530407
109293.515754
108569.373865
107850.071891
107135.577203
106425.857398
105720.880290
105020.613912
104325.026517
103634.086571
102947.762756
102266.023964
101588.839303
100916.178086
100248.009839
99584.304291
98925.031380
98270.161246
97619.664232
96973.510885
96331.671949
95694.118367
95060.821281
94431.752029
93806.882141
93186.183344
92569.627553
91957.186878
91348.833614
90744.540247
90144.279449
89548.024078
88955.747176
88367.421966
87783.021855
87202.520431
86625.891459
86053.108884
85484.146826
84918.979583
84357.581624
83799.927594
83245.992310
82695.750757
82149.178094
81606.249644
81066.940901
80531.227523
79999.085334
79470.490321
78945.418636
78423.846590
77905.750657
77391.107468
76879.893815
76372.086645
75867.663064
75366.600330
74868.875857
74374.467212
73883.352114
73395.508432
72910.914187
72429.547547
71951.386829
71476.410496
71004.597157
70535.925568
70070.374625
69607.923371
69148.550989
68692.236802
68238.960275
67788.701011
67341.438751
66897.153374
66455.824895
66017.433463
65581.959364
65149.383015
64719.684966
64292.845900
63868.846630
63447.668098
63029.291377
62613.697665
62200.868290
61790.784706
61383.428491
60978.781349
60576.825107
60177.541716
59780.913248
59386.921896
58995.549974
58606.779917
58220.594277
57836.975724
57455.907046
57077.371147
56701.351047
56327.829880
55956.790895
55588.217453
55222.093029
54858.401209
54497.125690
54138.250279
53781.758892
53427.635554
53075.864399
52726.429668
52379.315707
52034.506968
51691.988010
51351.743495
51013.758188
50678.016957
50344.504774
50013.206712
49684.107942
49357.193739
49032.449474
48709.860620
48389.412746
48071.091520
47754.882704
47440.772159
47128.745841
46818.789799
46510.890178
46205.033215
45901.205242
45599.392682
45299.582048
45001.759948
44705.913076
44412.028219
44120.092251
43830.092137
43542.014927
43255.847761
42971.577864
42689.192548
42408.679209
42130.025331
41853.218481
41578.246308
41305.096546
41033.757013
40764.215607
40496.460308
40230.479178
39966.260358
39703.792070
39443.062616
39184.060376
38926.773807
38671.191445
38417.301906
38165.093877
37914.556126
37665.677495
37418.446901
37172.853336
36928.885865
36686.533629
36445.785840
36206.631784
35969.060819
35733.062373
35498.625948
35265.741114
35034.397513
34804.584857
34576.292925
34349.511567
34124.230700
33900.440311
33678.130452
33457.291242
33237.912869
33019.985584
32803.499706
32588.445618
32374.813768
32162.594667
31951.778892
31742.357082
31534.319940
31327.658230
31122.362780
30918.424478
30715.834275
30514.583180
30314.662266
30116.062665
29918.775566
29722.792220
29528.103937
29334.702083
29142.578086
28951.723426
28762.129646
28573.788342
28386.691169
28200.829836
28016.196108
27832.781807
27650.578809
27469.579044
27289.774497
27111.157206
26933.719264
26757.452815
26582.350059
26408.403244
26235.604674
26063.946702
25893.421735
25724.022228
25555.740688
25388.569674
25222.501793
25057.529701
24893.646105
24730.843760
24569.115471
24408.454089
24248.852515
24090.303697
23932.800630
23776.336356
23620.903964
23466.496589
23313.107413
23160.729663
23009.356611
22858.981576
22709.597919
22561.199048
22413.778413
22267.329511
22121.845880
21977.321102
21833.748802
21691.122649
21549.436352
21408.683664
21268.858380
21129.954336
20991.965408
20854.885517
20718.708620
20583.428717
20449.039849
20315.536094
20182.911574
20051.160446
19920.276909
19790.255199
19661.089592
19532.774403
19405.303982
19278.672720
19152.875045
19027.905420
18903.758348
18780.428368
18657.910054
18536.198019
18415.286909
18295.171408
18175.846236
18057.306146
17939.545929
17822.560408
17706.344443
17590.892927
17476.200788
17362.262987
17249.074520
17136.630415
17024.925735
16913.955574
16803.715061
16694.199356
16585.403652
16477.323174
16369.953178
16263.288955
16157.325824
16052.059136
15947.484274
15843.596651
15740.391713
15637.864932
15536.011816
15434.827897
15334.308741
15234.449943
15135.247126
15036.695943
14938.792077
14841.531239
14744.909168
14648.921633
14553.564430
14458.833383
14364.724346
14271.233197
14178.355846
14086.088227
13994.426301
13903.366059
13812.903517
13723.034716
13633.755726
13545.062641
13456.951584
13369.418702
13282.460167
13196.072178
13110.250958
13024.992758
12940.293850
12856.150535
12772.559135
12689.515998
12607.017499
12525.060032
12443.640020
12362.753906
12282.398160
12202.569273
12123.263761
12044.478162
11966.209038
11888.452974
11811.206578
11734.466478
11658.229329
11582.491804
11507.250602
11432.502440
11358.244061
11284.472226
11211.183720
11138.375349
11066.043940
10994.186340
10922.799420
10851.880068
10781.425197
10711.431736
10641.896639
10572.816877
10504.189442
10436.011347
10368.279625
10300.991326
10234.143523
10167.733306
10101.757788
10036.214096
9971.099380
9906.410808
9842.145567
9778.300862
9714.873918
9651.861976
9589.262297
9527.072162
9465.288867
9403.909727
9342.932076
9282.353264
9222.170660
9162.381650
9102.983638
9043.974043
8985.350305
8927.109877
8869.250232
8811.768859
8754.663262
8697.930964
8641.569503
8585.576434
8529.949329
8474.685773
8419.783371
8365.239742
8311.052521
8257.219359
8203.737921
8150.605891
8097.820965
8045.380856
7993.283291
7941.526015
7890.106783
7839.023371
7788.273564
7737.855166
7687.765993
7638.003878
7588.566664
7539.452214
7490.658401
7442.183114
7394.024255
7346.179741
7298.647501
7251.425481
7204.511638
7157.903943
7111.600380
7065.598949
7019.897659
6974.494537
6929.387619
6884.574957
6840.054614
6795.824666
6751.883203
6708.228327
6664.858153
6621.770807
6578.964430
6536.437172
6494.187199
6452.212686
6410.511821
6369.082807
6327.923853
6287.033186
6246.409040
6206.049664
6165.953317
6126.118269
6086.542804
6047.225214
6008.163805
5969.356894
5930.802806
5892.499882
5854.446471
5816.640932
5779.081638
5741.766970
5704.695322
5667.865097
5631.274708
5594.922581
5558.807151
5522.926863
5487.280172
5451.865545
5416.681458
5381.726397
5346.998858
5312.497347
5278.220380
5244.166484
5210.334194
5176.722055
5143.328622
5110.152460
5077.192143
5044.446254
5011.913387
4979.592143
4947.481133
4915.578980
4883.884311
4852.395767
4821.111994
4790.031650
4759.153401
4728.475920
4697.997891
4667.718007
4637.634967
4607.747481
4578.054266
4548.554050
4519.245566
4490.127558
4461.198777
4432.457982
4403.903942
4375.535432
4347.351236
4319.350147
4291.530965
4263.892497
4236.433559
4209.152975
4182.049577
4155.122204
4128.369702
4101.790927
4075.384739
4049.150010
4023.085615
3997.190440
3971.463375
3945.903321
3920.509184
3895.279877
3870.214321
3845.311444
3820.570182
3795.989475
3771.568274
3747.305534
3723.200218
3699.251297
3675.457745
3651.818547
3628.332693
3604.999179
3581.817009
3558.785192
3535.902745
3513.168691
3490.582059
3468.141885
3445.847210
3423.697084
3401.690561
3379.826702
3358.104574
3336.523251
3315.081811
3293.779341
3272.614931
3251.587679
3230.696689
3209.941070
3189.319937
3168.832412
3148.477620
3128.254696
3108.162776
3088.201005
3068.368533
3048.664515
3029.088112
3009.638490
2990.314821
2971.116282
2952.042055
2933.091330
2914.263300
2895.557162
2876.972122
2858.507388
2840.162176
2821.935704
2803.827197
2785.835886
2767.961006
2750.201795
2732.557500
2715.027371
2697.610662
2680.306633
2663.114548
2646.033679
2629.063298
2612.202684
2595.451123
2578.807902
2562.272314
2545.843658
2529.521236
2513.304355
2497.192327
2481.184468
2465.280099
2449.478545
2433.779135
2418.181204
2402.684089
2387.287135
2371.989687
2356.791097
2341.690722
2326.687919
2311.782055
2296.972496
2282.258616
2267.639791
2253.115401
2238.684832
2224.347472
2210.102713
2195.949953
2181.888592
2167.918036
2154.037691
2140.246972
2126.545294
2112.932077
2099.406745
2085.968727
2072.617453
2059.352359
2046.172884
2033.078470
2020.068564
2007.142616
1994.300078
1981.540409
1968.863069
1956.267522
1943.753236
1931.319682
1918.966334
1906.692672
1894.498176
1882.382332
1870.344628
1858.384555
1846.501609
1834.695288
1822.965094
1811.310532
1799.731109
1788.226337
1776.795731
1765.438809
1754.155091
1742.944102
1731.805368
1720.738421
1709.742793
1698.818021
1687.963645
1677.179207
1666.464252
1655.818329
1645.240989
1634.731787
1624.290280
1613.916029
1603.608596
1593.367547
1583.192451
1573.082880
1563.038408
1553.058613
1543.143074
1533.291374
1523.503098
1513.777836
1504.115177
1494.514715
1484.976046
1475.498770
1466.082487
1456.726803
1447.431323
1438.195656
1429.019415
1419.902215
1410.843671
1401.843403
1392.901034
1384.016187
1375.188490
1366.417571
1357.703062
1349.044598
1340.441815
1331.894351
1323.401849
1314.963951
1306.580303
1298.250554
1289.974355
1281.751357
1273.581217
1265.463591
1257.398139
1249.384523
1241.422407
1233.511457
1225.651341
1217.841730
1210.082298
1202.372717
1194.712667
1187.101825
1179.539872
1172.026493
1164.561373
1157.144198
1149.774659
1142.452446
1135.177254
1127.948777
1120.766713
1113.630763
1106.540626
1099.496007
1092.496610
1085.542143
1078.632316
1071.766839
1064.945424
1058.167788
1051.433646
1044.742717
1038.094722
1031.489382
1024.926421
1018.405566
1011.926544
1005.489084
999.092917
992.737777
986.423397
980.149515
973.915867
967.722195
961.568240
955.453744
949.378452
943.342112
937.344471
931.385278
925.464287
919.581248
913.735918
907.928052
902.157408
896.423746
890.726826
885.066412
879.442266
873.854156
868.301848
862.785110
857.303714
851.857430
846.446032
841.069294
835.726993
830.418906
825.144812
819.904492
814.697727
809.524302
804.383999
799.276607
794.201912
789.159703
784.149770
779.171905
774.225902
769.311553
764.428656
759.577007
754.756405
749.966648
745.207539
740.478879
735.780472
731.112123
726.473637
721.864822
717.285488
712.735442
708.214498
703.722466
699.259161
694.824397
690.417991
686.039758
681.689519
677.367091
673.072297
668.804957
664.564895
660.351935
656.165902
652.006623
647.873926
643.767638
639.687590
635.633612
631.605538
627.603199
623.626430
619.675067
615.748945
611.847902
607.971777
604.120408
600.293638
596.491306
592.713256
588.959331
585.229377
581.523238
577.840761
574.181794
570.546186
566.933787
563.344446
559.778016
556.234348
552.713297
549.214717
545.738464
542.284393
538.852362
535.442229
532.053854
528.687095
525.341815
522.017875
518.715138
515.433467
512.172726
508.932783
505.713501
502.514750
499.336396
496.178308
493.040357
489.922412
486.824345
483.746029
480.687336
477.648141
474.628317
471.627740
468.646288
465.683836
462.740262
459.815446
456.909267
454.021605
451.152342
448.301358
445.468536
442.653761
439.856915
437.077885
434.316554
431.572811
428.846541
426.137632
423.445974
420.771455
418.113965
415.473395
412.849636
410.242581
407.652122
405.078152
402.520567
399.979260
397.454127
394.945064
392.451969
389.974739
387.513271
385.067466
382.637221
380.222439
377.823019
375.438862
373.069872
370.715950
368.377000
366.052926
363.743633
361.449026
359.169010
356.903493
354.652380
352.415581
350.193002
347.984553
345.790144
343.609684
341.443084
339.290255
337.151108
335.025557
332.913514
330.814893
328.729607
326.657571
324.598700
322.552910
320.520117
318.500238
316.493190
314.498890
312.517258
310.548212
308.591672
306.647557
304.715788
302.796286
300.888972
298.993768
297.110598
295.239382
293.380047
291.532514
289.696709
287.872556
286.059981
284.258911
282.469270
280.690987
278.923988
277.168202
275.423556
273.689979
271.967401
270.255751
268.554959
266.864956
265.185673
263.517041
261.858992
260.211458
258.574373
256.947669
255.331281
253.725141
252.129185
250.543347
248.967564
247.401769
245.845901
244.299895
242.763688
241.237217
239.720421
238.213238
236.715606
235.227464
233.748751
232.279408
230.819374
229.368590
227.926997
226.494536
225.071149
223.656778
222.251366
220.854854
219.467187
218.088308
216.718160
215.356689
214.003838
212.659552
211.323778
209.996460
208.677545
207.366978
206.064708
204.770680
203.484842
202.207142
200.937528
199.675949
198.422353
197.176689
195.938906
194.708955
193.486786
192.272348
191.065592
189.866470
188.674933
187.490932
186.314420
185.145348
183.983669
182.829337
181.682304
180.542523
179.409949
178.284535
177.166236
176.055007
174.950802
173.853577
172.763287
171.679889
170.603337
169.533589
168.470601
167.414331
166.364734
165.321770
164.285395
163.255567
162.232246
161.215389
160.204955
159.200904
158.203194
157.211786
156.226639
155.247714
154.274970
153.308369
152.347871
151.393438
150.445031
149.502611
148.566140
147.635582
146.710897
145.792048
144.879000
143.971713
143.070153
142.174282
141.284065
140.399464
139.520446
138.646973
137.779011
136.916525
136.059480
135.207841
134.361575
133.520646
132.685021
131.854666
131.029548
130.209633
129.394888
128.585281
127.780778
126.981348
126.186958
125.397576
124.613171
123.833709
123.059161
122.289496
121.524681
120.764686
120.009480
119.259034
118.513317
117.772298
117.035949
116.304238
115.577138
114.854618
114.136650
113.423204
112.714253
112.009766
111.309717
110.614077
109.922817
109.235910
108.553329
107.875046
107.201033
106.531264
105.865712
105.204350
104.547151
103.894088
103.245137
102.600270
101.959462
101.322686
100.689918
100.061132
99.436302
98.815405
98.198413
97.585304
96.976051
96.370632
95.769021
95.171194
94.577128
93.986798
93.400181
92.817253
92.237991
91.662372
91.090372
90.521969
89.957140
89.395862
88.838112
88.283869
87.733110
87.185813
86.641957
86.101518
85.564476
85.030809
84.500496
83.973516
83.449847
82.929468
82.412359
81.898498
81.387867
80.880442
80.376206
79.875137
79.377215
78.882421
78.390734
77.902135
77.416605
76.934123
76.454671
75.978230
75.504780
75.034303
74.566779
74.102191
73.640519
73.181744
72.725850
72.272817
71.822627
71.375263
70.930706
70.488939
70.049944
69.613704
69.180200
68.749417
68.321336
67.895941
67.473214
67.053139
66.635699
66.220877
65.808657
65.399023
64.991957
64.587444
64.185467
63.786011
63.389060
62.994597
62.602608
62.213076
61.825985
61.441322
61.059069
60.679213
60.301737
59.926627
59.553868
59.183444
58.815342
58.449547
58.086043
57.724817
57.365855
57.009141
56.654661
56.302402
55.952350
55.604490
55.258810
54.915294
54.573929
54.234702
53.897600
53.562608
53.229714
52.898904
52.570165
52.243485
51.918850
51.596246
51.275662
50.957085
50.640502
50.325900
50.013267
49.702591
49.393859
49.087059
48.782178
48.479205
48.178128
47.878934
47.581612
47.286150
46.992536
46.700759
46.410807
46.122668
45.836332
45.551786
45.269019
44.988021
44.708780
44.431285
44.155525
43.881489
43.609166
43.338546
43.069617
42.802369
42.536792
42.272875
42.010607
41.749978
41.490979
41.233597
40.977824
40.723649
40.471062
40.220054
39.970613
39.722731
39.476398
39.231603
38.988337
38.746591
38.506355
38.267619
38.030374
37.794610
37.560319
37.327491
37.096116
36.866187
36.637692
36.410625
36.184974
35.960733
35.737891
35.516440
35.296371
35.077676
34.860346
34.644372
34.429746
34.216459
34.004503
33.793870
33.584550
33.376537
33.169821
32.964395
32.760250
32.557379
32.355773
32.155425
31.956326
31.758469
31.561846
31.366449
31.172270
30.979302
30.787537
30.596968
30.407587
30.219387
30.032360
29.846498
29.661796
29.478244
29.295837
29.114566
28.934425
28.755407
28.577504
28.400710
28.225017
28.050419
27.876909
27.704480
27.533125
27.362838
27.193611
27.025439
26.858314
26.692229
26.527180
26.363158
26.200157
26.038172
25.877195
25.717221
25.558242
25.400254
25.243249
25.087221
24.932165
24.778074
24.624942
24.472763
24.321531
24.171241
24.021886
23.873460
23.725958
23.579374
23.433702
23.288936
23.145071
23.002101
22.860020
22.718823
22.578505
22.439059
22.300481
22.162765
22.025905
21.889896
21.754733
21.620410
21.486923
21.354266
21.222434
21.091421
20.961223
20.831834
20.703249
20.575464
20.448473
20.322272
20.196854
20.072217
19.948353
19.825260
19.702932
19.581363
19.460550
19.340488
19.221172
19.102596
18.984758
18.867651
18.751273
18.635616
18.520679
18.406455
18.292940
18.180131
18.068022
17.956609
17.845888
17.735855
17.626505
17.517834
17.409837
17.302511
17.195851
17.089853
16.984513
16.879827
16.775791
16.672401
16.569652
16.467541
16.366063
16.265215
16.164993
16.065393
15.966410
15.868042
15.770284
15.673133
15.576584
15.480634
15.385279
15.290516
15.196341
15.102749
15.009738
14.917304
14.825443
14.734151
14.643426
14.553263
14.463659
14.374611
14.286114
14.198166
14.110764
14.023903
13.937581
13.851793
13.766537
13.681810
13.597608
13.513927
13.430765
13.348119
13.265984
13.184358
13.103238
13.022621
12.942503
12.862881
12.783753
12.705114
12.626963
12.549296
12.472109
12.395401
12.319168
12.243407
12.168115
12.093289
12.018926
11.945024
11.871579
11.798589
11.726051
11.653962
11.582319
11.511120
11.440361
11.370040
11.300155
11.230701
11.161678
11.093082
11.024910
10.957160
10.889829
10.822915
10.756415
10.690326
10.624646
10.559372
10.494502
10.430033
10.365963
10.302289
10.239009
10.176120
10.113621
10.051507
9.989778
9.928430
9.867462
9.806871
9.746654
9.686809
9.627335
9.568228
9.509486
9.451108
9.393090
9.335431
9.278128
9.221179
9.164582
9.108335
9.052436
8.996882
8.941671
8.886801
8.832270
8.778076
8.724217
8.670690
8.617494
8.564627
8.512086
8.459870
8.407976
8.356403
8.305148
8.254209
8.203585
8.153274
8.103273
8.053581
8.004196
7.955115
7.906338
7.857861
7.809684
7.761805
7.714220
7.666930
7.619931
7.573222
7.526802
7.480667
7.434818
7.389252
7.343966
7.298960
7.254232
7.209779
7.165601
7.121695
7.078060
7.034695
6.991596
6.948764
6.906195
6.863890
6.821845
6.780059
6.738531
6.697259
6.656241
6.615477
6.574963
6.534700
6.494684
6.454915
6.415392
6.376112
6.337074
6.298276
6.259718
6.221397
6.183313
6.145463
6.107846
6.070462
6.033307
5.996381
5.959683
5.923211
5.886964
5.850940
5.815138
5.779556
5.744193
5.709049
5.674120
5.639407
5.604908
5.570621
5.536545
5.502679
5.469021
5.435571
5.402326
5.369286
5.336450
5.303816
5.271382
5.239149
5.207113
5.175275
5.143633
5.112185
5.080931
5.049870
5.018999
4.988319
4.957827
4.927523
4.897405
4.867472
4.837724
4.808158
4.778775
4.749572
4.720549
4.691704
4.663037
4.634546
4.606230
4.578089
4.550120
4.522323
4.494698
4.467242
4.439955
4.412835
4.385883
4.359096
4.332474
4.306015
4.279719
4.253585
4.227611
4.201797
4.176141
4.150644
4.125303
4.100117
4.075086
4.050210
4.025485
4.000913
3.976492
3.952221
3.928099
3.904125
3.880298
3.856618
3.833083
3.809693
3.786446
3.763342
3.740380
3.717559
3.694878
3.672337
3.649933
3.627668
3.605539
3.583546
3.561687
3.539964
3.518373
3.496915
3.475588
3.454393
3.433328
3.412391
3.391584
3.370904
3.350351
3.329924
3.309622
3.289445
3.269392
3.249461
3.229653
3.209967
3.190401
3.170956
3.151629
3.132421
3.113331
3.094358
3.075501
3.056760
3.038134
3.019622
3.001224
2.982939
2.964765
2.946703
2.928752
2.910910
2.893179
2.875555
2.858040
2.840632
2.823331
2.806136
2.789047
2.772062
2.755181
2.738403
2.721729
2.705156
2.688685
2.672315
2.656046
2.639876
2.623805
2.607832
2.591957
2.576180
2.560499
2.544914
2.529425
2.514031
2.498730
2.483524
2.468411
2.453390
2.438461
2.423623
2.408877
2.394221
2.379654
2.365177
2.350788
2.336487
2.322274
2.308148
2.294108
2.280154
2.266286
2.252503
2.238803
2.225188
2.211656
2.198207
2.184840
2.171555
2.158351
2.145228
2.132185
2.119222
2.106338
2.093534
2.080807
2.068158
2.055587
2.043092
2.030674
2.018332
2.006066
1.993874
1.981757
1.969714
1.957745
1.945848
1.934025
1.922274
1.910595
1.898987
1.887450
1.875983
1.864587
1.853260
1.842003
1.830814
1.819694
1.808641
1.797656
1.786739
1.775888
1.765103
1.754384
1.743731
1.733143
1.722619
1.712160
1.701765
1.691433
1.681164
1.670958
1.660815
1.650733
1.640713
1.630754
1.620856
1.611018
1.601240
1.591522
1.581864
1.572264
1.562723
1.553240
1.543815
1.534448
1.525138
1.515885
1.506688
1.497547
1.488462
1.479433
1.470458
1.461539
1.452673
1.443862
1.435105
1.426401
1.417750
1.409152
1.400607
1.392114
1.383672
1.375282
1.366943
1.358655
1.350417
1.342230
1.334093
1.326005
1.317967
1.309977
1.302037
1.294145
1.286301
1.278504
1.270756
1.263054
1.255400
1.247792
1.240230
1.232715
1.225245
1.217821
1.210443
1.203109
1.195820
1.188575
1.181374
1.174218
1.167105
1.160035
1.153008
1.146025
1.139083
1.132184
1.125327
1.118512
1.111739
1.105006
1.098315
1.091664
1.085054
1.078484
1.071955
1.065465
1.059014
1.052603
1.046231
1.039897
1.033602
1.027346
1.021127
1.014947
1.008804
1.002698
0.996630
0.990599
0.984604
0.978646
0.972724
0.966838
0.960988
0.955173
0.949394
0.943650
0.937941
0.932267
0.926628
0.921022
0.915451
0.909914
0.904410
0.898940
0.893503
0.888099
0.882728
0.877390
0.872084
0.866810
0.861569
0.856359
0.851181
0.846035
0.840920
0.835836
0.830783
0.825760
0.820768
0.815807
0.810876
0.805974
0.801103
0.796261
0.791448
0.786665
0.781911
0.777186
0.772489
0.767821
0.763181
0.758570
0.753987
0.749431
0.744903
0.740403
0.735930
0.731484
0.727065
0.722673
0.718308
0.713969
0.709657
0.705370
0.701110
0.696876
0.692667
0.688484
0.684327
0.680194
0.676087
0.672005
0.667947
0.663914
0.659906
0.655922
0.651962
0.648026
0.644114
0.640226
0.636361
0.632520
0.628702
0.624908
0.621136
0.617387
0.613662
0.609958
0.606277
0.602619
0.598982
0.595368
0.591776
0.588205
0.584657
0.581129
0.577623
0.574139
0.570675
0.567233
0.563811
0.560410
0.557030
0.553670
0.550331
0.547012
0.543713
0.540434
0.537175
0.533935
0.530716
0.527516
0.524335
0.521173
0.518031
0.514908
0.511804
0.508718
0.505651
0.502603
0.499573
0.496562
0.493569
0.490594
0.487637
0.484698
0.481777
0.478874
0.475988
0.473119
0.470268
0.467435
0.464618
0.461819
0.459036
0.456270
0.453521
0.450789
0.448073
0.445374
0.442691
0.440025
0.437374
0.434740
0.432121
0.429519
0.426932
0.424360
0.421805
0.419265
0.416740
0.414230
0.411736
0.409257
0.406793
0.404343
0.401909
0.399489
0.397084
0.394694
0.392318
0.389956
0.387609
0.385276
0.382957
0.380652
0.378361
0.376084
0.373820
0.371570
0.369334
0.367112
0.364903
0.362707
0.360525
0.358355
0.356199
0.354056
0.351926
0.349809
0.347704
0.345613
0.343534
0.341467
0.339413
0.337372
0.335343
0.333326
0.331321
0.329328
0.327348
0.325379
0.323422
0.321478
0.319545
0.317623
0.315713
0.313815
0.311928
0.310053
0.308189
0.306336
0.304495
0.302664
0.300845
0.299036
0.297239
0.295452
0.293677
0.291912
0.290157
0.288413
0.286680
0.284957
0.283245
0.281543
0.279851
0.278170
0.276498
0.274837
0.273186
0.271545
0.269913
0.268292
0.266680
0.265078
0.263486
0.261903
0.260330
0.258767
0.257212
0.255668
0.254132
0.252606
0.251089
0.249581
0.248082
0.246593
0.245112
0.243640
0.242177
0.240723
0.239278
0.237842
0.236414
0.234995
0.233584
0.232182
0.230788
0.229403
0.228026
0.226657
0.225297
0.223945
0.222601
0.221265
0.219937
0.218617
0.217305
0.216001
0.214705
0.213417
0.212137
0.210864
0.209599
0.208341
0.207091
0.205849
0.204614
0.203387
0.202167
0.200954
0.199749
0.198551
0.197360
0.196176
0.195000
0.193830
0.192668
0.191513
0.190364
0.189223
0.188088
0.186960
0.185839
0.184725
0.183618
0.182517
0.181423
0.180335
0.179254
0.178180
0.177111
0.176050
0.174995
0.173946
0.172903
0.171867
0.170837
0.169813
0.168795
0.167784
0.166779
0.165779
0.164786
0.163798
0.162817
0.161842
0.160872
0.159908
0.158950
0.157998
0.157051
0.156111
0.155176
0.154246
0.153322
0.152404
0.151491
0.150584
0.149682
0.148785
0.147894
0.147009
0.146128
0.145253
0.144384
0.143519
0.142660
0.141806
0.140957
0.140113
0.139274
0.138440
0.137611
0.136788
0.135969
0.135155
0.134346
0.133542
0.132742
0.131948
0.131158
0.130373
0.129593
0.128818
0.128047
0.127280
0.126519
0.125762
0.125009
0.124261
0.123518
0.122779
0.122044
0.121314
0.120588
0.119867
0.119150
0.118437
0.117729
0.117025
0.116325
0.115629
0.114937
0.114250
0.113567
0.112887
0.112212
0.111541
0.110874
0.110211
0.109552
0.108897
0.108246
0.107599
0.106956
0.106316
0.105681
0.105049
0.104421
0.103797
0.103176
0.102559
0.101946
0.101337
0.100731
0.100129
0.099531
0.098936
0.098345
0.097757
0.097173
0.096592
0.096015
0.095441
0.094871
0.094304
0.093741
0.093181
0.092624
0.092071
0.091521
0.090974
0.090430
0.089890
0.089353
0.088819
0.088289
0.087762
0.087237
0.086716
0.086199
0.085684
0.085172
0.084663
0.084158
0.083655
0.083156
0.082659
0.082166
0.081675
0.081187
0.080703
0.080221
0.079742
0.079266
0.078793
0.078322
0.077855
0.077390
0.076928
0.076469
0.076013
0.075559
0.075108
0.074660
0.074214
0.073771
0.073331
0.072893
0.072458
0.072026
0.071596
0.071169
0.070744
0.070322
0.069903
0.069486
0.069071
0.068659
0.068250
0.067842
0.067438
0.067036
0.066636
0.066238
0.065843
0.065450
0.065060
0.064672
0.064286
0.063903
0.063522
0.063143
0.062767
0.062392
0.062020
0.061651
0.061283
0.060918
0.060554
0.060193
0.059834
0.059478
0.059123
0.058771
0.058420
0.058072
0.057726
0.057382
0.057040
0.056700
0.056362
0.056026
0.055692
0.055360
0.055030
0.054703
0.054377
0.054053
0.053730
0.053410
0.053092
0.052776
0.052461
0.052149
0.051838
0.051529
0.051222
0.050917
0.050614
0.050312
0.050013
0.049715
0.049419
0.049124
0.048832
0.048541
0.048252
0.047964
0.047679
0.047395
0.047113
0.046832
0.046553
0.046276
0.046001
0.045727
0.045454
0.045184
0.044915
0.044647
0.044382
0.044117
0.043855
0.043594
0.043334
0.043076
0.042820
0.042565
0.042312
0.042060
0.041810
0.041561
0.041313
0.041067
0.040823
0.040580
0.040339
0.040099
0.039860
0.039623
0.039387
0.039153
0.038920
0.038688
0.038458
0.038229
0.038002
0.037776
0.037551
0.037328
0.037106
0.036885
0.036666
0.036448
0.036231
0.036015
0.035801
0.035588
0.035377
0.035166
0.034957
0.034749
0.034543
0.034337
0.034133
0.033930
0.033728
0.033528
0.033329
0.033130
0.032933
0.032738
0.032543
0.032350
0.032157
0.031966
0.031776
0.031587
0.031400
0.031213
0.031027
0.030843
0.030660
0.030477
0.030296
0.030116
0.029937
0.029759
0.029583
0.029407
0.029232
0.029058
0.028886
0.028714
0.028544
0.028374
0.028205
0.028038
0.027871
0.027706
0.027541
0.027378
0.027215
0.027053
0.026893
0.026733
0.026574
0.026416
0.026259
0.026104
0.025949
0.025794
0.025641
0.025489
0.025338
0.025187
0.025038
0.024889
0.024741
0.024594
0.024448
0.024303
0.024159
0.024016
0.023873
0.023731
0.023590
0.023450
0.023311
0.023173
0.023035
0.022899
0.022763
0.022628
0.022493
0.022360
0.022227
0.022095
0.021964
0.021834
0.021704
0.021575
0.021447
0.021320
0.021194
0.021068
0.020943
0.020819
0.020695
0.020572
0.020450
0.020329
0.020208
0.020089
0.019969
0.019851
0.019733
0.019616
0.019500
0.019384
0.019269
0.019155
0.019041
0.018928
0.018816
0.018705
0.018594
0.018483
0.018374
0.018265
0.018157
0.018049
0.017942
0.017836
0.017730
0.017625
0.017520
0.017416
0.017313
0.017211
0.017109
0.017007
0.016906
0.016806
0.016707
0.016608
0.016509
0.016411
0.016314
0.016217
0.016121
0.016026
0.015931
0.015836
0.015743
0.015649
0.015557
0.015464
0.015373
0.015282
0.015191
0.015101
0.015012
0.014923
0.014834
0.014746
0.014659
0.014572
0.014486
0.014400
0.014315
0.014230
0.014146
0.014062
0.013979
0.013896
0.013814
0.013732
0.013651
0.013570
0.013489
0.013410
0.013330
0.013251
0.013173
0.013095
0.013017
0.012940
0.012864
0.012787
0.012712
0.012636
0.012562
0.012487
0.012413
0.012340
0.012267
0.012194
0.012122
0.012050
0.011979
0.011908
0.011838
0.011768
0.011698
0.011629
0.011560
0.011492
0.011424
0.011356
0.011289
0.011222
0.011156
0.011090
0.011024
0.010959
0.010894
0.010829
0.010765
0.010702
0.010638
0.010575
0.010513
0.010451
0.010389
0.010327
0.010266
0.010206
0.010145
0.010085
0.010026
0.009966
0.009907
0.009849
0.009791
0.009733
0.009675
0.009618
0.009561
0.009505
0.009448
0.009393
0.009337
0.009282
0.009227
0.009172
0.009118
0.009064
0.009011
0.008957
0.008904
0.008852
0.008800
0.008747
0.008696
0.008644
0.008593
0.008543
0.008492
0.008442
0.008392
0.008342
0.008293
0.008244
0.008195
0.008147
0.008099
0.008051
0.008003
0.007956
0.007909
0.007862
0.007816
0.007770
0.007724
0.007678
0.007633
0.007588
0.007543
0.007498
0.007454
0.007410
0.007366
0.007323
0.007280
0.007237
0.007194
0.007151
0.007109
0.007067
0.007025
0.006984
0.006943
0.006902
0.006861
0.006820
0.006780
0.006740
0.006700
0.006661
0.006621
0.006582
0.006544
0.006505
0.006466
0.006428
0.006390
0.006353
0.006315
0.006278
0.006241
0.006204
0.006167
0.006131
0.006095
0.006059
0.006023
0.005988
0.005952
0.005917
0.005882
0.005847
0.005813
0.005779
0.005745
0.005711
0.005677
0.005643
0.005610
0.005577
0.005544
0.005511
0.005479
0.005447
0.005414
0.005383
0.005351
0.005319
0.005288
0.005257
0.005226
0.005195
0.005164
0.005134
0.005103
0.005073
0.005043
0.005014
0.004984
0.004955
0.004926
0.004897
0.004868
0.004839
0.004810
0.004782
0.004754
0.004726
0.004698
0.004670
0.004643
0.004615
0.004588
0.004561
0.004534
0.004508
0.004481
0.004455
0.004428
0.004402
0.004376
0.004350
0.004325
0.004299
0.004274
0.004249
0.004224
0.004199
0.004174
0.004150
0.004125
0.004101
0.004077
0.004053
0.004029
0.004005
0.003981
0.003958
0.003935
0.003911
0.003888
0.003865
0.003843
0.003820
0.003798
0.003775
0.003753
0.003731
0.003709
0.003687
0.003665
0.003644
0.003622
0.003601
0.003580
0.003559
0.003538
0.003517
0.003496
0.003476
0.003455
0.003435
0.003415
0.003394
0.003374
0.003355
0.003335
0.003315
0.003296
0.003276
0.003257
0.003238
0.003219
0.003200
0.003181
0.003162
0.003144
0.003125
0.003107
0.003088
0.003070
0.003052
0.003034
0.003016
0.002999
0.002981
0.002963
0.002946
0.002929
0.002911
0.002894
0.002877
0.002860
0.002843
0.002827
0.002810
0.002794
0.002777
0.002761
0.002745
0.002728
0.002712
0.002696
0.002681
0.002665
0.002649
0.002634
0.002618
0.002603
0.002587
0.002572
0.002557
0.002542
0.002527
0.002512
0.002497
0.002483
0.002468
0.002454
0.002439
0.002425
0.002411
0.002396
0.002382
0.002368
0.002354
0.002340
0.002327
0.002313
0.002299
0.002286
0.002272
0.002259
0.002246
0.002233
0.002220
0.002206
0.002194
0.002181
0.002168
0.002155
0.002142
0.002130
0.002117
0.002105
0.002092
0.002080
0.002068
0.002056
0.002044
0.002032
0.002020
0.002008
0.001996
0.001984
0.001973
0.001961
0.001950
0.001938
0.001927
0.001915
0.001904
0.001893
0.001882
0.001871
0.001860
0.001849
0.001838
0.001827
0.001816
0.001806
0.001795
0.001785
0.001774
0.001764
0.001753
0.001743
0.001733
0.001723
0.001713
0.001703
0.001693
0.001683
0.001673
0.001663
0.001653
0.001643
0.001634
0.001624
0.001615
0.001605
0.001596
0.001586
0.001577
0.001568
0.001559
0.001549
0.001540
0.001531
0.001522
0.001513
0.001504
0.001496
0.001487
0.001478
0.001469
0.001461
0.001452
0.001444
0.001435
0.001427
0.001418
0.001410
0.001402
0.001394
0.001385
0.001377
0.001369
0.001361
0.001353
0.001345
0.001337
0.001330
0.001322
0.001314
0.001306
0.001299
0.001291
0.001283
0.001276
0.001268
0.001261
0.001254
0.001246
0.001239
0.001232
0.001224
0.001217
0.001210
0.001203
0.001196
0.001189
0.001182
0.001175
0.001168
0.001161
0.001154
0.001148
0.001141
0.001134
0.001128
0.001121
0.001114
0.001108
0.001101
0.001095
0.001089
0.001082
0.001076
0.001070
0.001063
0.001057
0.001051
0.001045
0.001039
0.001032
0.001026
0.001020
0.001014
0.001008
0.001003
0.000997
0.000991
0.000985
0.000979
0.000973
0.000968
0.000962
0.000956
0.000951
0.000945
0.000940
0.000934
0.000929
0.000923
0.000918
0.000913
0.000907
0.000902
0.000897
0.000891
0.000886
0.000881
0.000876
0.000871
0.000866
0.000860
0.000855
0.000850
0.000845
0.000840
0.000836
0.000831
0.000826
0.000821
0.000816
0.000811
0.000807
0.000802
0.000797
0.000793
0.000788
0.000783
0.000779
0.000774
0.000770
0.000765
0.000761
0.000756
0.000752
0.000747
0.000743
0.000739
0.000734
0.000730
0.000726
0.000721
0.000717
0.000713
0.000709
0.000705
0.000701
0.000696
0.000692
0.000688
0.000684
0.000680
0.000676
0.000672
0.000668
0.000665
0.000661
0.000657
0.000653
0.000649
0.000645
0.000642
0.000638
0.000634
0.000630
0.000627
0.000623
0.000619
0.000616
0.000612
0.000609
0.000605
0.000601
0.000598
0.000594
0.000591
0.000587
0.000584
0.000581
0.000577
0.000574
0.000570
0.000567
0.000564
0.000561
0.000557
0.000554
0.000551
0.000548
0.000544
0.000541
0.000538
0.000535
0.000532
0.000529
0.000526
0.000522
0.000519
0.000516
0.000513
0.000510
0.000507
0.000504
0.000501
0.000498
0.000496
0.000493
0.000490
0.000487
0.000484
0.000481
0.000478
0.000476
0.000473
0.000470
0.000467
0.000465
0.000462
0.000459
0.000457
0.000454
0.000451
0.000449
0.000446
0.000443
0.000441
0.000438
0.000436
0.000433
0.000431
0.000428
0.000426
0.000423
0.000421
0.000418
0.000416
0.000413
0.000411
0.000408
0.000406
0.000404
0.000401
0.000399
0.000397
0.000394
0.000392
0.000390
0.000387
0.000385
0.000383
0.000381
0.000378
0.000376
0.000374
0.000372
0.000370
0.000368
0.000365
0.000363
0.000361
0.000359
0.000357
0.000355
0.000353
0.000351
0.000349
0.000347
0.000345
0.000343
0.000341
0.000339
0.000337
0.000335
0.000333
0.000331
0.000329
0.000327
0.000325
0.000323
0.000321
0.000319
0.000317
0.000316
0.000314
0.000312
0.000310
0.000308
0.000306
0.000305
0.000303
0.000301
0.000299
0.000298
0.000296
0.000294
0.000292
0.000291
0.000289
0.000287
0.000286
0.000284
0.000282
0.000281
0.000279
0.000277
0.000276
0.000274
0.000273
0.000271
0.000269
0.000268
0.000266
0.000265
0.000263
0.000262
0.000260
0.000259
0.000257
0.000256
0.000254
0.000253
0.000251
0.000250
0.000248
0.000247
0.000245
0.000244
0.000243
0.000241
0.000240
0.000238
0.000237
0.000236
0.000234
0.000233
0.000231
0.000230
0.000229
0.000227
0.000226
0.000225
0.000223
0.000222
0.000221
0.000220
0.000218
0.000217
0.000216
0.000214
0.000213
0.000212
0.000211
0.000210
0.000208
0.000207
0.000206
0.000205
0.000203
0.000202
0.000201
0.000200
0.000199
0.000198
0.000196
0.000195
0.000194
0.000193
0.000192
0.000191
0.000190
0.000189
0.000187
0.000186
0.000185
0.000184
0.000183
0.000182
0.000181
0.000180
0.000179
0.000178
0.000177
0.000176
0.000175
0.000174
0.000173
0.000172
0.000171
0.000170
0.000169
0.000168
0.000167
0.000166
0.000165
0.000164
0.000163
0.000162
0.000161
0.000160
0.000159
0.000158
0.000157
0.000156
0.000156
0.000155
0.000154
0.000153
0.000152
0.000151
0.000150
0.000149
0.000148
0.000148
0.000147
0.000146
0.000145
0.000144
0.000143
0.000142
0.000142
0.000141
0.000140
0.000139
0.000138
0.000138
0.000137
0.000136
0.000135
0.000134
0.000134
0.000133
0.000132
0.000131
0.000131
0.000130
0.000129
0.000128
0.000128
0.000127
0.000126
0.000125
0.000125
0.000124
0.000123
0.000122
0.000122
0.000121
0.000120
0.000120
0.000119
0.000118
0.000117
0.000117
0.000116
0.000115
0.000115
0.000114
0.000113
0.000113
0.000112
0.000111
0.000111
0.000110
0.000110
0.000109
0.000108
0.000108
0.000107
0.000106
0.000106
0.000105
0.000105
0.000104
0.000103
0.000103
0.000102
0.000102
0.000101
0.000100
0.000100
0.000099
0.000099
0.000098
0.000097
0.000097
0.000096
0.000096
0.000095
0.000095
0.000094
0.000094
0.000093
0.000092
0.000092
0.000091
0.000091
0.000090
0.000090
0.000089
0.000089
0.000088
0.000088
0.000087
0.000087
0.000086
0.000086
0.000085
0.000085
0.000084
0.000084
0.000083
0.000083
0.000082
0.000082
0.000081
0.000081
0.000080
0.000080
0.000079
0.000079
0.000079
0.000078
0.000078
0.000077
0.000077
0.000076
0.000076
0.000075
0.000075
0.000075
0.000074
0.000074
0.000073
0.000073
0.000072
0.000072
0.000072
0.000071
0.000071
0.000070
0.000070
0.000070
0.000069
0.000069
0.000068
0.000068
0.000068
0.000067
0.000067
0.000066
0.000066
0.000066
0.000065
0.000065
0.000064
0.000064
0.000064
0.000063
0.000063
0.000063
0.000062
0.000062
0.000062
0.000061
0.000061
0.000060
0.000060
0.000060
0.000059
0.000059
0.000059
0.000058
0.000058
0.000058
0.000057
0.000057
0.000057
0.000056
0.000056
0.000056
0.000055
0.000055
0.000055
0.000054
0.000054
0.000054
0.000053
0.000053
0.000053
0.000053
0.000052
0.000052
0.000052
0.000051
0.000051
0.000051
0.000050
0.000050
0.000050
0.000050
0.000049
0.000049
0.000049
0.000048
0.000048
0.000048
0.000048
0.000047
0.000047
0.000047
0.000047
0.000046
0.000046
0.000046
0.000045
0.000045
0.000045
0.000045
0.000044
0.000044
0.000044
0.000044
0.000043
0.000043
0.000043
0.000043
0.000042
0.000042
0.000042
0.000042
0.000041
0.000041
0.000041
0.000041
0.000040
0.000040
0.000040
0.000040
0.000040
0.000039
0.000039
0.000039
0.000039
0.000038
0.000038
0.000038
0.000038
0.000037
0.000037
0.000037
0.000037
0.000037
0.000036
0.000036
0.000036
0.000036
0.000036
0.000035
0.000035
0.000035
0.000035
0.000035
0.000034
0.000034
0.000034
0.000034
0.000034
0.000033
0.000033
0.000033
0.000033
0.000033
0.000032
0.000032
0.000032
0.000032
0.000032
0.000031
0.000031
0.000031
0.000031
0.000031
0.000031
0.000030
0.000030
0.000030
0.000030
0.000030
0.000030
0.000029
0.000029
0.000029
0.000029
0.000029
0.000029
0.000028
0.000028
0.000028
0.000028
0.000028
0.000028
0.000027
0.000027
0.000027
0.000027
0.000027
0.000027
0.000026
0.000026
0.000026
0.000026
0.000026
0.000026
0.000026
0.000025
0.000025
0.000025
0.000025
0.000025
0.000025
0.000025
0.000024
0.000024
0.000024
0.000024
0.000024
0.000024
0.000024
0.000023
0.000023
0.000023
0.000023
0.000023
0.000023
0.000023
0.000022
0.000022
0.000022
0.000022
0.000022
0.000022
0.000022
0.000022
0.000021
0.000021
0.000021
0.000021
0.000021
0.000021
0.000021
0.000021
0.000020
0.000020
0.000020
0.000020
0.000020
0.000020
0.000020
0.000020
0.000020
0.000019
0.000019
0.000019
0.000019
0.000019
0.000019
0.000019
0.000019
0.000019
0.000018
0.000018
0.000018
0.000018
0.000018
0.000018
0.000018
0.000018
0.000018
0.000018
0.000017
0.000017
0.000017
0.000017
0.000017
0.000017
0.000017
0.000017
0.000017
0.000017
0.000016
0.000016
0.000016
0.000016
0.000016
0.000016
0.000016
0.000016
0.000016
0.000016
0.000015
0.000015
0.000015
0.000015
0.000015
0.000015
0.000015
0.000015
0.000015
0.000015
0.000015
0.000015
0.000014
0.000014
0.000014
0.000014
0.000014
0.000014
0.000014
0.000014
0.000014
0.000014
0.000014
0.000014
0.000013
0.000013
0.000013
0.000013
0.000013
0.000013
0.000013
0.000013
0.000013
0.000013
0.000013
0.000013
0.000013
0.000013
0.000012
0.000012
0.000012
0.000012
0.000012
0.000012
0.000012
0.000012
0.000012
0.000012
0.000012
0.000012
0.000012
0.000012
0.000011
0.000011
0.000011
0.000011
0.000011
0.000011
0.000011
0.000011
0.000011
0.000011
0.000011
0.000011
0.000011
0.000011
0.000011
0.000011
0.000010
0.000010
0.000010
0.000010
0.000010
0.000010
0.000010
0.000010
0.000010
0.000010
0.000010
0.000010
0.000010
0.000010
0.000010
0.000010
0.000010
0.000009
0.000009
0.000009
0.000009
0.000009
0.000009
0.000009
0.000009
0.000009
0.000009
0.000009
0.000009
0.000009
0.000009
0.000009
0.000009
0.000009
0.000009
0.000009
0.000008
0.000008
0.000008
0.000008
0.000008
0.000008
0.000008
0.000008
0.000008
0.000008
0.000008
0.000008
0.000008
0.000008
0.000008
0.000008
0.000008
0.000008
0.000008
0.000008
0.000008
0.000008
0.000007
0.000007
0.000007
0.000007
0.000007
0.000007
0.000007
0.000007
0.000007
0.000007
0.000007
0.000007
0.000007
0.000007
0.000007
0.000007
0.000007
0.000007
0.000007
0.000007
0.000007
0.000007
0.000007
0.000007
0.000006
0.000006
0.000006
0.000006
0.000006
0.000006
0.000006
0.000006
0.000006
0.000006
0.000006
0.000006
0.000006
0.000006
0.000006
0.000006
0.000006
0.000006
0.000006
0.000006
0.000006
0.000006
0.000006
0.000006
0.000006
0.000006
0.000006
0.000006
0.000006
0.000005
0.000005
0.000005
0.000005
0.000005
0.000005
0.000005
0.000005
0.000005
0.000005
0.000005
0.000005
0.000005
0.000005
0.000005
0.000005
0.000005
0.000005
0.000005
0.000005
0.000005
0.000005
0.000005
0.000005
0.000005
0.000005
0.000005
0.000005
0.000005
0.000005
0.000005
0.000005
0.000005
0.000005
0.000005
0.000004
0.000004
0.000004
0.000004
0.000004
0.000004
0.000004
0.000004
0.000004
0.000004
0.000004
0.000004
0.000004
0.000004
0.000004
0.000004
0.000004
0.000004
0.000004
0.000004
0.000004
0.000004
0.000004
0.000004
0.000004
0.000004
0.000004
0.000004
0.000004
0.000004
0.000004
0.000004
0.000004
0.000004
0.000004
0.000004
0.000004
0.000004
0.000004
0.000004
0.000004
0.000004
0.000004
0.000003
0.000003
0.000003
0.000003
0.000003
0.000003
0.000003
0.000003
0.000003
0.000003
0.000003
0.000003
0.000003
0.000003
0.000003
0.000003
0.000003
0.000003
0.000003
0.000003
0.000003
0.000003
0.000003
0.000003
0.000003
0.000003
0.000003
0.000003
0.000003
0.000003
0.000003
0.000003
0.000003
0.000003
0.000003
0.000003
0.000003
0.000003
0.000003
0.000003
0.000003
0.000003
0.000003
0.000003
0.000003
0.000003
0.000003
0.000003
0.000003
0.000003
0.000003
0.000003
0.000003
0.000003
0.000003
0.000003
0.000003
0.000003
0.000003
0.000002
0.000002
0.000002
0.000002
0.000002
0.000002
0.000002
0.000002
0.000002
0.000002
0.000002
0.000002
0.000002
0.000002
0.000002
0.000002
0.000002
0.000002
0.000002
0.000002
0.000002
0.000002
0.000002
0.000002
0.000002
0.000002
0.000002
0.000002
0.000002
0.000002
0.000002
0.000002
0.000002
0.000002
0.000002
0.000002
0.000002
0.000002
0.000002
0.000002
0.000002
0.000002
0.000002
0.000002
0.000002
0.000002
0.000002
0.000002
0.000002
0.000002
0.000002
0.000002
0.000002
0.000002
0.000002
0.000002
0.000002
0.000002
0.000002
0.000002
0.000002
0.000002
0.000002
0.000002
0.000002
0.000002
0.000002
0.000002
0.000002
0.000002
0.000002
0.000002
0.000002
0.000002
0.000002
0.000002
0.000002
0.000002
0.000002
0.000002
0.000002
0.000002
0.000002
0.000002
0.000002
0.000002
0.000002
0.000002
0.000001
0.000001
0.000001
0.000001
0.000001
0.000001
0.000001
0.000001
0.000001
0.000001
0.000001
0.000001
0.000001
0.000001
0.000001
0.000001
0.000001
0.000001
0.000001
0.000001
0.000001
0.000001
0.000001
0.000001
0.000001
0.000001
0.000001
0.000001
0.000001
0.000001
0.000001
0.000001
0.000001
0.000001
0.000001
0.000001
0.000001
0.000001
0.000001
0.000001
0.000001
0.000001
0.000001
0.000001
0.000001
0.000001
0.000001
0.000001
0.000001
0.000001
0.000001
0.000001
0.000001
0.000001
0.000001
0.000001
0.000001
0.000001
0.000001
0.000001
0.000001
0.000001
0.000001
0.000001
0.000001
0.000001
0.000001
0.000001
0.000001
0.000001
0.000001
0.000001
0.000001
0.000001
0.000001
0.000001
0.000001
0.000001
0.000001
0.000001
0.000001
0.000001
0.000001
0.000001
0.000001
0.000001
0.000001
0.000001
0.000001
0.000001
0.000001
0.000001
0.000001
0.000001
0.000001
0.000001
0.000001
0.000001
0.000001
0.000001
0.000001
0.000001
0.000001
0.000001
0.000001
0.000001
0.000001
0.000001
0.000001
0.000001
0.000001
0.000001
0.000001
0.000001
0.000001
0.000001
0.000001
0.000001
0.000001
0.000001
0.000001
0.000001
0.000001
0.000001
0.000001
0.000001
0.000001
0.000001
0.000001
0.000001
0.000001
0.000001
0.000001
0.000001
0.000001
0.000001
0.000001
0.000001
0.000001
0.000001
0.000001
0.000001
0.000001
0.000001
0.000001
0.000001
0.000001
0.000001
0.000001
0.000001
0.000001
0.000001
0.000001
0.000001
0.000001
0.000001
0.000001
0.000001
0.000001
0.000001
0.000001
0.000001
0.000001
0.000001
0.000001
0.000001
0.000001
0.000001
0.000001
0.000001
0.000001
0.000001
0.000001
0.000001
0.000001
0.000001
0.000001
0.000001
0.000001
0.000001
0.000001
0.000001
0.000001
0.000001
0.000001
0.000001
0.000001
0.000001
0.000001
0.000001
0.000001
0.000000
0.000000
0.000000
0.000000
0.000000
0.000000
0.000000
0.000000
0.000000
0.000000
0.000000
0.000000
0.000000
0.000000
0.000000
0.000000
0.000000
0.000000
0.000000
0.000000
0.000000
0.000000
0.000000
0.000000
0.000000
0.000000
0.000000
0.000000
0.000000
0.000000
0.000000
0.000000
0.000000
0.000000
0.000000
0.000000
0.000000
0.000000
0.000000
0.000000
0.000000
0.000000
0.000000
0.000000
0.000000
0.000000
0.000000
0.000000
0.000000
0.000000
0.000000
0.000000
0.000000
0.000000
0.000000
0.000000
0.000000
0.000000
0.000000
0.000000
0.000000
0.000000
0.000000
0.000000
0.000000
0.000000
0.000000
0.000000
0.000000
0.000000
0.000000
0.000000
0.000000
0.000000
0.000000
0.000000
0.000000
0.000000
0.000000
0.000000
0.000000
0.000000
0.000000
0.000000
0.000000
0.000000
0.000000
0.000000
0.000000
0.000000
0.000000
0.000000
0.000000
0.000000
0.000000
0.000000
0.000000
0.000000
0.000000
0.000000
0.000000
0.000000
0.000000
0.000000
0.000000
0.000000
0.000000
0.000000
0.000000
0.000000
0.000000
0.000000
0.000000
0.000000
0.000000
0.000000
0.000000
0.000000
0.000000
0.000000
0.000000
0.000000
0.000000
0.000000
0.000000
0.000000
0.000000
0.000000
0.000000
0.000000
0.000000
0.000000
0.000000
0.000000
0.000000
0.000000
0.000000
0.000000
0.000000
0.000000
0.000000
0.000000
0.000000
0.000000
0.000000
0.000000
0.000000
0.000000
0.000000
0.000000
0.000000
0.000000
0.000000
0.000000
0.000000
0.000000
0.000000
0.000000
0.000000
0.000000
0.000000
0.000000
0.000000
0.000000
0.000000
0.000000
0.000000
0.000000
0.000000
0.000000
0.000000
0.000000
0.000000
0.000000
0.000000
0.000000
0.000000
0.000000
0.000000
0.000000
0.000000
0.000000
0.000000
0.000000
0.000000
0.000000
0.000000
0.000000
0.000000
0.000000
0.000000
0.000000
0.000000
0.000000
0.000000
0.000000
0.000000
0.000000
0.000000
0.000000
0.000000
0.000000
0.000000
0.000000
0.000000
0.000000
0.000000
0.000000
0.000000
0.000000
0.000000
0.000000
0.000000
0.000000
0.000000
0.000000
0.000000
0.000000
0.000000
0.000000
0.000000
0.000000
0.000000
0.000000
0.000000
0.000000
0.000000
0.000000
0.000000
0.000000
0.000000
0.000000
0.000000
0.000000
0.000000
0.000000
0.000000
0.000000
0.000000
0.000000
0.000000
0.000000
0.000000
0.000000
0.000000
0.000000
0.000000
0.000000
0.000000
0.000000
0.000000
0.000000
0.000000
0.000000
0.000000
0.000000
0.000000
0.000000
0.000000
0.000000
0.000000
0.000000
0.000000
0.000000
0.000000
0.000000
0.000000
0.000000
0.000000
0.000000
0.000000
0.000000
0.000000
0.000000
0.000000
0.000000
0.000000
0.000000
0.000000
0.000000
0.000000
0.000000
0.000000
0.000000
0.000000
0.000000
0.000000
0.000000
0.000000
0.000000
0.000000
0.000000
0.000000
0.000000
0.000000
0.000000
0.000000
0.000000
0.000000
0.000000
0.000000
0.000000
0.000000
0.000000
0.000000
0.000000
0.000000
0.000000
0.000000
0.000000
0.000000
0.000000
0.000000
0.000000
0.000000
0.000000
0.000000
0.000000
0.000000
0.000000
0.000000
0.000000
0.000000
0.000000
0.000000
0.000000
0.000000
0.000000
0.000000
0.000000
0.000000
0.000000
0.000000
0.000000
0.000000
0.000000
0.000000
0.000000
0.000000
0.000000
0.000000
0.000000
0.000000
0.000000
0.000000
0.000000
0.000000
0.000000
0.000000
0.000000
0.000000
0.000000
0.000000
0.000000
0.000000
0.000000
0.000000
0.000000
0.000000
0.000000
0.000000
0.000000
0.000000
0.000000
0.000000
0.000000
0.000000
0.000000
0.000000
0.000000
0.000000
0.000000
0.000000
0.000000
0.000000
0.000000
0.000000
0.000000
0.000000
0.000000
0.000000
0.000000
0.000000
0.000000
0.000000
0.000000
0.000000
0.000000
0.000000
0.000000
0.000000
0.000000
0.000000
0.000000
0.000000
0.000000
0.000000
0.000000
0.000000
0.000000
0.000000
0.000000
0.000000
0.000000
0.000000
0.000000
0.000000
0.000000
0.000000
0.000000
0.000000
0.000000
0.000000
0.000000
0.000000
0.000000
0.000000
0.000000
0.000000
0.000000
0.000000
0.000000
0.000000
0.000000
0.000000
0.000000
0.000000
0.000000
0.000000
0.000000
0.000000
0.000000
0.000000
0.000000
0.000000
0.000000
0.000000
0.000000
0.000000
0.000000
0.000000
0.000000
0.000000
0.000000
0.000000
0.000000
0.000000
0.000000
0.000000
0.000000
0.000000
0.000000
0.000000
0.000000
0.000000
0.000000
0.000000
0.000000
0.000000
0.000000
0.000000
0.000000
0.000000
0.000000
0.000000
0.000000
0.000000
0.000000
0.000000
0.000000
0.000000
0.000000
0.000000
0.000000
0.000000
0.000000
0.000000
0.000000
0.000000
0.000000
0.000000
0.000000
0.000000
0.000000
0.000000
0.000000
0.000000
0.000000
0.000000
0.000000
0.000000
0.000000
0.000000
0.000000
0.000000
0.000000
0.000000
0.000000
0.000000
0.000000
0.000000
0.000000
0.000000
0.000000
0.000000
0.000000
0.000000
0.000000
0.000000
0.000000
0.000000
0.000000
0.000000
0.000000
0.000000
0.000000
0.000000
0.000000
0.000000
0.000000
0.000000
0.000000
0.000000
0.000000
0.000000
0.000000
0.000000
0.000000
0.000000
0.000000
0.000000
0.000000
0.000000
0.000000
0.000000
0.000000
0.000000
0.000000
0.000000
0.000000
0.000000
0.000000
0.000000
0.000000
0.000000
0.000000
0.000000
0.000000
0.000000
0.000000
0.000000
0.000000
0.000000
0.000000
0.000000
0.000000
0.000000
0.000000
0.000000
0.000000
0.000000
0.000000
0.000000
0.000000
0.000000
0.000000
0.000000
0.000000
0.000000
0.000000
0.000000
0.000000
0.000000
0.000000
0.000000
0.000000
0.000000
0.000000
0.000000
0.000000
0.000000
0.000000
0.000000
0.000000
0.000000
0.000000
0.000000
0.000000
0.000000
0.000000
0.000000
0.000000
0.000000
0.000000
0.000000
0.000000
0.000000
0.000000
0.000000
0.000000
0.000000
0.000000
0.000000
0.000000
0.000000
0.000000
0.000000
0.000000
0.000000
0.000000
0.000000
0.000000
0.000000
0.000000
0.000000
0.000000
0.000000
0.000000
0.000000
0.000000
0.000000
0.000000
0.000000
0.000000
0.000000
0.000000
0.000000
0.000000
0.000000
0.000000
0.000000
0.000000
0.000000
0.000000
0.000000
0.000000
0.000000
0.000000
0.000000
0.000000
0.000000
0.000000
0.000000
0.000000
0.000000
0.000000
0.000000
0.000000
0.000000
0.000000
0.000000
0.000000
0.000000
0.000000
0.000000
0.000000
0.000000
0.000000
0.000000
0.000000
0.000000
0.000000
0.000000
0.000000
0.000000
0.000000
0.000000
0.000000
0.000000
0.000000
0.000000
0.000000
0.000000
0.000000
0.000000
0.000000
0.000000
0.000000
0.000000
0.000000
0.000000
0.000000
0.000000
0.000000
0.000000
0.000000
0.000000
0.000000
0.000000
0.000000
0.000000
0.000000
0.000000
0.000000
0.000000
0.000000
0.000000
0.000000
0.000000
0.000000
0.000000
0.000000
0.000000
0.000000
0.000000
0.000000
0.000000
0.000000
0.000000
0.000000
0.000000
0.000000
0.000000
0.000000
0.000000
0.000000
0.000000
0.000000
0.000000
0.000000
0.000000
0.000000
0.000000
0.000000
0.000000
0.000000
0.000000
0.000000
0.000000
0.000000
0.000000
0.000000
0.000000
0.000000
0.000000
0.000000
0.000000
0.000000
0.000000
0.000000
0.000000
0.000000
0.000000
0.000000
0.000000
0.000000
0.000000
0.000000
0.000000
0.000000
0.000000
0.000000
0.000000
0.000000
0.000000
0.000000
0.000000
0.000000
0.000000
0.000000
0.000000
0.000000
0.000000
0.000000
0.000000
0.000000
0.000000
0.000000
0.000000
0.000000
0.000000
0.000000
0.000000
0.000000
0.000000
0.000000
0.000000
0.000000
0.000000
0.000000
0.000000
0.000000
0.000000
0.000000
0.000000
0.000000
0.000000
0.000000
0.000000
0.000000
0.000000
0.000000
0.000000
0.000000
0.000000
0.000000
0.000000
0.000000
0.000000
0.000000
0.000000
0.000000
0.000000
0.000000
0.000000
0.000000
0.000000
0.000000
0.000000
0.000000
0.000000
0.000000
0.000000
0.000000
0.000000
0.000000
0.000000
0.000000
0.000000
0.000000
0.000000
0.000000
0.000000
0.000000
0.000000
0.000000
0.000000
0.000000
0.000000
0.000000
0.000000
0.000000
0.000000
0.000000
0.000000
0.000000
0.000000
0.000000
0.000000
0.000000
0.000000
0.000000
0.000000
0.000000
0.000000
0.000000
0.000000
0.000000
0.000000
0.000000
0.000000
0.000000
0.000000
0.000000
0.000000
0.000000
0.000000
0.000000
0.000000
0.000000
0.000000
0.000000
0.000000
0.000000
0.000000
0.000000
0.000000
0.000000
0.000000
0.000000
0.000000
0.000000
0.000000
0.000000
0.000000
0.000000
0.000000
0.000000
0.000000
0.000000
0.000000
0.000000
0.000000
0.000000
0.000000
0.000000
0.000000
0.000000
0.000000
0.000000
0.000000
0.000000
0.000000
0.000000
0.000000
0.000000
0.000000
0.000000
0.000000
0.000000
0.000000
0.000000
0.000000
0.000000
0.000000
0.000000
0.000000
0.000000
0.000000
0.000000
0.000000
0.000000
0.000000
0.000000
0.000000
0.000000
0.000000
0.000000
0.000000
0.000000
0.000000
0.000000
0.000000
0.000000
0.000000
0.000000
0.000000
0.000000
0.000000
0.000000
0.000000
0.000000
0.000000
0.000000
0.000000
0.000000
0.000000
0.000000
0.000000
0.000000
0.000000
0.000000
0.000000
0.000000
0.000000
0.000000
0.000000
0.000000
0.000000
0.000000
0.000000
0.000000
0.000000
0.000000
0.000000
0.000000
0.000000
0.000000
0.000000
0.000000
0.000000
0.000000
0.000000
0.000000
0.000000
0.000000
0.000000
0.000000
0.000000
0.000000
0.000000
0.000000
0.000000
0.000000
0.000000
0.000000
0.000000
0.000000
0.000000
0.000000
0.000000
0.000000
0.000000
0.000000
0.000000
0.000000
0.000000
0.000000
0.000000
0.000000
0.000000
0.000000
0.000000
0.000000
0.000000
0.000000
0.000000
0.000000
0.000000
0.000000
0.000000
0.000000
0.000000
0.000000
0.000000
0.000000
0.000000
0.000000
0.000000
0.000000
0.000000
0.000000
0.000000
0.000000
0.000000
0.000000
0.000000
0.000000
0.000000
0.000000
0.000000
0.000000
0.000000
0.000000
0.000000
0.000000
0.000000
0.000000
0.000000
0.000000
0.000000
0.000000
0.000000
0.000000
0.000000
0.000000
0.000000
0.000000
0.000000
0.000000
0.000000
0.000000
0.000000
0.000000
0.000000
0.000000
0.000000
0.000000
0.000000
0.000000
0.000000
0.000000
0.000000
0.000000
0.000000
0.000000
0.000000
0.000000
0.000000
0.000000
0.000000
0.000000
0.000000
0.000000
0.000000
0.000000
0.000000
0.000000
0.000000
0.000000
0.000000
0.000000
0.000000
0.000000
0.000000
0.000000
0.000000
0.000000
0.000000
0.000000
0.000000
0.000000
0.000000
0.000000
0.000000
0.000000
0.000000
0.000000
0.000000
0.000000
0.000000
0.000000
0.000000
0.000000
0.000000
0.000000
0.000000
0.000000
0.000000
0.000000
0.000000
0.000000
0.000000
0.000000
0.000000
0.000000
0.000000
0.000000
0.000000
0.000000
0.000000
0.000000
0.000000
0.000000
0.000000
0.000000
0.000000
0.000000
0.000000
0.000000
0.000000
0.000000
0.000000
0.000000
0.000000
0.000000
0.000000
0.000000
0.000000
0.000000
0.000000
0.000000
0.000000
0.000000
0.000000
0.000000
0.000000
0.000000
0.000000
0.000000
0.000000
0.000000
0.000000
0.000000
0.000000
0.000000
0.000000
0.000000
0.000000
0.000000
0.000000
0.000000
0.000000
0.000000
0.000000
0.000000
0.000000
0.000000
0.000000
0.000000
0.000000
0.000000
0.000000
0.000000
0.000000
0.000000
0.000000
0.000000
0.000000
0.000000
0.000000
0.000000
0.000000
0.000000
0.000000
0.000000
0.000000
0.000000
0.000000
0.000000
0.000000
0.000000
0.000000
0.000000
0.000000
0.000000
0.000000
0.000000
0.000000
0.000000
0.000000
0.000000
0.000000
0.000000
0.000000
0.000000
0.000000
0.000000
0.000000
0.000000
0.000000
0.000000
0.000000
0.000000
0.000000
0.000000
0.000000
0.000000
0.000000
0.000000
0.000000
0.000000
0.000000
0.000000
0.000000
0.000000
0.000000
0.000000
0.000000
0.000000
0.000000
0.000000
0.000000
0.000000
0.000000
0.000000
0.000000
0.000000
0.000000
0.000000
0.000000
0.000000
0.000000
0.000000
0.000000
0.000000
0.000000
0.000000
0.000000
0.000000
0.000000
0.000000
0.000000
0.000000
0.000000
0.000000
0.000000
0.000000
0.000000
0.000000
0.000000
0.000000
0.000000
0.000000
0.000000
0.000000
0.000000
0.000000
0.000000
0.000000
0.000000
0.000000
0.000000
0.000000
0.000000
0.000000
0.000000
0.000000
0.000000
0.000000
0.000000
0.000000
0.000000
0.000000
0.000000
0.000000
0.000000
0.000000
0.000000
0.000000
0.000000
0.000000
0.000000
0.000000
0.000000
0.000000
0.000000
0.000000
0.000000
0.000000
0.000000
0.000000
0.000000
0.000000
0.000000
0.000000
0.000000
0.000000
0.000000
0.000000
0.000000
0.000000
0.000000
0.000000
0.000000
0.000000
0.000000
0.000000
0.000000
0.000000
0.000000
0.000000
0.000000
0.000000
0.000000
0.000000
0.000000
0.000000
0.000000
0.000000
0.000000
0.000000
0.000000
0.000000
0.000000
0.000000
0.000000
0.000000
0.000000
0.000000
0.000000
0.000000
0.000000
0.000000
0.000000
0.000000
0.000000
0.000000
0.000000
0.000000
0.000000
0.000000
0.000000
0.000000
0.000000
0.000000
0.000000
0.000000
0.000000
0.000000
0.000000
0.000000
0.000000
0.000000
0.000000
0.000000
0.000000
0.000000
0.000000
0.000000
0.000000
0.000000
0.000000
0.000000
0.000000
0.000000
0.000000
0.000000
0.000000
0.000000
0.000000
0.000000
0.000000
0.000000
0.000000
0.000000
0.000000
0.000000
0.000000
0.000000
0.000000
0.000000
0.000000
0.000000
0.000000
0.000000
0.000000
0.000000
0.000000
0.000000
0.000000
0.000000
0.000000
0.000000
0.000000
0.000000
0.000000
0.000000
0.000000
0.000000
0.000000
0.000000
0.000000
0.000000
0.000000
0.000000
0.000000
0.000000
0.000000
0.000000
0.000000
0.000000
0.000000
0.000000
0.000000
0.000000
0.000000
0.000000
0.000000
0.000000
0.000000
0.000000
0.000000
0.000000
0.000000
0.000000
0.000000
0.000000
0.000000
0.000000
0.000000
0.000000
0.000000
0.000000
0.000000
0.000000
0.000000
0.000000
0.000000
0.000000
0.000000
0.000000
0.000000
0.000000
0.000000
0.000000
0.000000
0.000000
0.000000
0.000000
0.000000
0.000000
0.000000
0.000000
0.000000
0.000000
0.000000
0.000000
0.000000
0.000000
0.000000
0.000000
0.000000
0.000000
0.000000
0.000000
0.000000
0.000000
0.000000
0.000000
0.000000
0.000000
0.000000
0.000000
0.000000
0.000000
0.000000
0.000000
0.000000
0.000000
0.000000
0.000000
0.000000
0.000000
0.000000
0.000000
0.000000
0.000000
0.000000
0.000000
0.000000
0.000000
0.000000
0.000000
0.000000
0.000000
0.000000
0.000000
0.000000
0.000000
0.000000
0.000000
0.000000
0.000000
0.000000
0.000000
0.000000
0.000000
0.000000
0.000000
0.000000
0.000000
0.000000
0.000000
0.000000
0.000000
0.000000
0.000000
0.000000
0.000000
0.000000
0.000000
0.000000
0.000000
0.000000
0.000000
0.000000
0.000000
0.000000
0.000000
0.000000
0.000000
0.000000
0.000000
0.000000
0.000000
0.000000
0.000000
0.000000
0.000000
0.000000
0.000000
0.000000
0.000000
0.000000
0.000000
0.000000
0.000000
0.000000
0.000000
0.000000
0.000000
0.000000
0.000000
0.000000
0.000000
0.000000
0.000000
0.000000
0.000000
0.000000
0.000000
0.000000
0.000000
0.000000
0.000000
