1.000000
1.108846
0.270945
0.271088
0.271187
0.271286
0.271384
0.271481
0.271579
0.271676
0.271772
0.271869
0.271965
0.272060
0.272155
0.272250
0.272344
0.272439
0.272532
0.272626
0.272718
0.272811
0.272903
0.272995
0.273086
0.273178
0.273268
0.273359
0.273448
0.273538
0.273627
0.273716
0.273804
0.273892
0.273980
0.274067
0.274154
0.274241
0.274327
0.274413
0.274498
0.274583
0.274668
0.274752
0.274836
0.274919
0.275002
0.275085
0.275167
0.275249
0.275330
0.275412
0.275492
0.275573
0.275653
0.275732
0.275811
0.275890
0.275968
0.276046
0.276124
0.276201
0.276278
0.276354
0.276430
0.276506
0.276581
0.276656
0.276730
0.276804
0.276878
0.276951
0.277024
0.277096
0.277168
0.277240
0.277311
0.277382
0.277452
0.277522
0.277592
0.277661
0.277730
0.277798
0.277866
0.277934
0.278001
0.278068
0.278134
0.278200
0.278266
0.278331
0.278396
0.278460
0.278524
0.278588
0.278651
0.278713
0.278776
0.278838
0.278899
0.278960
0.279021
0.279081
0.279141
0.279200
0.279259
0.279318
0.279376
0.279434
0.279491
0.279548
0.279604
0.279660
0.279716
0.279771
0.279826
0.279881
0.279935
0.279988
0.280041
0.280094
0.280146
0.280198
0.280250
0.280301
0.280352
0.280402
0.280452
0.280501
0.280550
0.280599
0.280647
0.280694
0.280742
0.280789
0.280835
0.280881
0.280927
0.280972
0.281017
0.281061
0.281105
0.281148
0.281191
0.281234
0.281276
0.281318
0.281359
0.281400
0.281441
0.281481
0.281520
0.281560
0.281598
0.281637
0.281675
0.281712
0.281749
0.281786
0.281822
0.281858
0.281893
0.281928
0.281963
0.281997
0.282030
0.282064
0.282096
0.282129
0.282161
0.282192
0.282223
0.282254
0.282284
0.282314
0.282343
0.282372
0.282401
0.282429
0.282456
0.282483
0.282510
0.282537
0.282562
0.282588
0.282613
0.282637
0.282662
0.282685
0.282709
0.282732
0.282754
0.282776
0.282797
0.282819
0.282839
0.282860
0.282879
0.282899
0.282918
0.282936
0.282954
0.282972
0.282989
0.283006
0.283022
0.283038
0.283054
0.283069
0.283083
0.283098
0.283111
0.283125
0.283137
0.283150
0.283162
0.283173
0.283185
0.283195
0.283206
0.283215
0.283225
0.283234
0.283242
0.283250
0.283258
0.283265
0.283272
0.283278
0.283284
0.283290
0.283295
0.283299
0.283304
0.283307
0.283311
0.283313
0.283316
0.283318
0.283319
0.283321
0.283321
0.283322
0.283321
0.283321
0.283320
0.283318
0.283316
0.283314
0.283311
0.283308
0.283304
0.283300
0.283296
0.283291
0.283285
0.283280
0.283273
0.283267
0.283259
0.283252
0.283244
0.283236
0.283227
0.283217
0.283208
0.283198
0.283187
0.283176
0.283165
0.283153
0.283140
0.283128
0.283114
0.283101
0.283087
0.283072
0.283057
0.283042
0.283026
0.283010
0.282994
0.282976
0.282959
0.282941
0.282923
0.282904
0.282885
0.282865
0.282845
0.282825
0.282804
0.282782
0.282761
0.282738
0.282716
0.282693
0.282669
0.282645
0.282621
0.282596
0.282571
0.282546
0.282520
0.282493
0.282466
0.282439
0.282411
0.282383
0.282354
0.282325
0.282296
0.282266
0.282236
0.282205
0.282174
0.282143
0.282111
0.282078
0.282045
0.282012
0.281978
0.281944
0.281910
0.281875
0.281840
0.281804
0.281768
0.281731
0.281694
0.281657
0.281619
0.281581
0.281542
0.281503
0.281463
0.281423
0.281383
0.281342
0.281301
0.281260
0.281218
0.281175
0.281132
0.281089
0.281045
0.281001
0.280957
0.280912
0.280867
0.280821
0.280775
0.280728
0.280681
0.280634
0.280586
0.280538
0.280490
0.280441
0.280391
0.280341
0.280291
0.280241
0.280189
0.280138
0.280086
0.280034
0.279981
0.279928
0.279875
0.279821
0.279767
0.279712
0.279657
0.279601
0.279546
0.279489
0.279433
0.279376
0.279318
0.279260
0.279202
0.279143
0.279084
0.279025
0.278965
0.278905
0.278844
0.278783
0.278722
0.278660
0.278598
0.278535
0.278472
0.278408
0.278345
0.278280
0.278216
0.278151
0.278086
0.278020
0.277954
0.277887
0.277820
0.277753
0.277685
0.277617
0.277549
0.277480
0.277411
0.277341
0.277271
0.277201
0.277130
0.277059
0.276987
0.276915
0.276843
0.276770
0.276697
0.276624
0.276550
0.276476
0.276401
0.276326
0.276251
0.276175
0.276099
0.276023
0.275946
0.275869
0.275791
0.275713
0.275635
0.275556
0.275477
0.275398
0.275318
0.275238
0.275157
0.275076
0.274995
0.274913
0.274831
0.274749
0.274666
0.274583
0.274500
0.274416
0.274332
0.274247
0.274162
0.274077
0.273991
0.273905
0.273819
0.273732
0.273645
0.273558
0.273470
0.273382
0.273293
0.273205
0.273115
0.273026
0.272936
0.272846
0.272755
0.272664
0.272573
0.272481
0.272389
0.272297
0.272204
0.272111
0.272018
0.271924
0.271830
0.271735
0.271641
0.271545
0.271450
0.271354
0.271258
0.271162
0.271065
0.270968
0.270870
0.270772
0.270674
0.270575
0.270477
0.270377
0.270278
0.270178
0.270078
0.269977
0.269876
0.269775
0.269674
0.269572
0.269470
0.269367
0.269264
0.269161
0.269058
0.268954
0.268850
0.268745
0.268641
0.268535
0.268430
0.268324
0.268218
0.268112
0.268005
0.267898
0.267791
0.267683
0.267575
0.267467
0.267358
0.267249
0.267140
0.267030
0.266921
0.266810
0.266700
0.266589
0.266478
0.266367
0.266255
0.266143
0.266031
0.265918
0.265805
0.265692
0.265578
0.265464
0.265350
0.265236
0.265121
0.265006
0.264890
0.264775
0.264659
0.264543
0.264426
0.264309
0.264192
0.264075
0.263957
0.263839
0.263721
0.263602
0.263483
0.263364
0.263244
0.263125
0.263005
0.262884
0.262764
0.262643
0.262521
0.262400
0.262278
0.262156
0.262034
0.261911
0.261788
0.261665
0.261542
0.261418
0.261294
0.261170
0.261045
0.260920
0.260795
0.260670
0.260544
0.260418
0.260292
0.260166
0.260039
0.259912
0.259785
0.259657
0.259530
0.259402
0.259273
0.259145
0.259016
0.258887
0.258757
0.258628
0.258498
0.258368
0.258237
0.258107
0.257976
0.257845
0.257713
0.257581
0.257449
0.257317
0.257185
0.257052
0.256919
0.256786
0.256653
0.256519
0.256385
0.256251
0.256116
0.255982
0.255847
0.255712
0.255576
0.255441
0.255305
0.255168
0.255032
0.254896
0.254759
0.254622
0.254484
0.254347
0.254209
0.254071
0.253933
0.253794
0.253655
0.253517
0.253377
0.253238
0.253098
0.252958
0.252818
0.252678
0.252537
0.252397
0.252256
0.252114
0.251973
0.251831
0.251690
0.251547
0.251405
0.251263
0.251120
0.250977
0.250834
0.250690
0.250547
0.250403
0.250259
0.250114
0.249970
0.249825
0.249680
0.249535
0.249390
0.249245
0.249099
0.248953
0.248807
0.248660
0.248514
0.248367
0.248220
0.248073
0.247926
0.247778
0.247631
0.247483
0.247334
0.247186
0.247038
0.246889
0.246740
0.246591
0.246442
0.246292
0.246142
0.245993
0.245842
0.245692
0.245542
0.245391
0.245240
0.245089
0.244938
0.244787
0.244635
0.244484
0.244332
0.244180
0.244027
0.243875
0.243722
0.243570
0.243417
0.243263
0.243110
0.242957
0.242803
0.242649
0.242495
0.242341
0.242186
0.242032
0.241877
0.241722
0.241567
0.241412
0.241257
0.241101
0.240946
0.240790
0.240634
0.240478
0.240321
0.240165
0.240008
0.239851
0.239694
0.239537
0.239380
0.239222
0.239065
0.238907
0.238749
0.238591
0.238433
0.238274
0.238116
0.237957
0.237798
0.237639
0.237480
0.237321
0.237162
0.237002
0.236842
0.236683
0.236523
0.236363
0.236202
0.236042
0.235881
0.235721
0.235560
0.235399
0.235238
0.235077
0.234915
0.234754
0.234592
0.234430
0.234268
0.234106
0.233944
0.233782
0.233620
0.233457
0.233294
0.233132
0.232969
0.232806
0.232642
0.232479
0.232316
0.232152
0.231989
0.231825
0.231661
0.231497
0.231333
0.231168
0.231004
0.230840
0.230675
0.230510
0.230345
0.230180
0.230015
0.229850
0.229685
0.229519
0.229354
0.229188
0.229023
0.228857
0.228691
0.228525
0.228359
0.228192
0.228026
0.227860
0.227693
0.227526
0.227360
0.227193
0.227026
0.226859
0.226691
0.226524
0.226357
0.226189
0.226022
0.225854
0.225686
0.225519
0.225351
0.225183
0.225014
0.224846
0.224678
0.224510
0.224341
0.224172
0.224004
0.223835
0.223666
0.223497
0.223328
0.223159
0.222990
0.222821
0.222652
0.222482
0.222313
0.222143
0.221973
0.221804
0.221634
0.221464
0.221294
0.221124
0.220954
0.220784
0.220613
0.220443
0.220273
0.220102
0.219932
0.219761
0.219590
0.219420
0.219249
0.219078
0.218907
0.218736
0.218565
0.218394
0.218223
0.218051
0.217880
0.217708
0.217537
0.217365
0.217194
0.217022
0.216851
0.216679
0.216507
0.216335
0.216163
0.215991
0.215819
0.215647
0.215475
0.215303
0.215130
0.214958
0.214786
0.214613
0.214441
0.214268
0.214096
0.213923
0.213750
0.213578
0.213405
0.213232
0.213059
0.212886
0.212713
0.212540
0.212367
0.212194
0.212021
0.211848
0.211675
0.211502
0.211328
0.211155
0.210982
0.210808
0.210635
0.210462
0.210288
0.210115
0.209941
0.209767
0.209594
0.209420
0.209246
0.209073
0.208899
0.208725
0.208551
0.208377
0.208204
0.208030
0.207856
0.207682
0.207508
0.207334
0.207160
0.206986
0.206812
0.206638
0.206464
0.206289
0.206115
0.205941
0.205767
0.205593
0.205418
0.205244
0.205070
0.204896
0.204721
0.204547
0.204373
0.204198
0.204024
0.203849
0.203675
0.203501
0.203326
0.203152
0.202977
0.202803
0.202628
0.202454
0.202279
0.202105
0.201930
0.201756
0.201581
0.201407
0.201232
0.201058
0.200883
0.200709
0.200534
0.200360
0.200185
0.200010
0.199836
0.199661
0.199487
0.199312
0.199138
0.198963
0.198789
0.198614
0.198439
0.198265
0.198090
0.197916
0.197741
0.197567
0.197392
0.197218
0.197043
0.196869
0.196694
0.196520
0.196345
0.196171
0.195996
0.195822
0.195647
0.195473
0.195298
0.195124
0.194950
0.194775
0.194601
0.194426
0.194252
0.194078
0.193904
0.193729
0.193555
0.193381
0.193206
0.193032
0.192858
0.192684
0.192510
0.192335
0.192161
0.191987
0.191813
0.191639
0.191465
0.191291
0.191117
0.190943
0.190769
0.190595
0.190421
0.190247
0.190073
0.189900
0.189726
0.189552
0.189378
0.189205
0.189031
0.188857
0.188684
0.188510
0.188336
0.188163
0.187989
0.187816
0.187642
0.187469
0.187296
0.187122
0.186949
0.186776
0.186602
0.186429
0.186256
0.186083
0.185910
0.185737
0.185564
0.185391
0.185218
0.185045
0.184872
0.184699
0.184526
0.184354
0.184181
0.184008
0.183835
0.183663
0.183490
0.183318
0.183145
0.182973
0.182801
0.182628
0.182456
0.182284
0.182111
0.181939
0.181767
0.181595
0.181423
0.181251
0.181079
0.180907
0.180735
0.180564
0.180392
0.180220
0.180049
0.179877
0.179705
0.179534
0.179363
0.179191
0.179020
0.178849
0.178677
0.178506
0.178335
0.178164
0.177993
0.177822
0.177651
0.177480
0.177309
0.177139
0.176968
0.176797
0.176627
0.176456
0.176286
0.176115
0.175945
0.175775
0.175605
0.175434
0.175264
0.175094
0.174924
0.174754
0.174585
0.174415
0.174245
0.174075
0.173906
0.173736
0.173567
0.173397
0.173228
0.173059
0.172889
0.172720
0.172551
0.172382
0.172213
0.172044
0.171875
0.171707
0.171538
0.171369
0.171201
0.171032
0.170864
0.170695
0.170527
0.170359
0.170191
0.170023
0.169855
0.169687
0.169519
0.169351
0.169183
0.169016
0.168848
0.168680
0.168513
0.168346
0.168178
0.168011
0.167844
0.167677
0.167510
0.167343
0.167176
0.167009
0.166843
0.166676
0.166509
0.166343
0.166176
0.166010
0.165844
0.165678
0.165512
0.165346
0.165180
0.165014
0.164848
0.164682
0.164517
0.164351
0.164186
0.164020
0.163855
0.163690
0.163525
0.163360
0.163195
0.163030
0.162865
0.162700
0.162535
0.162371
0.162206
0.162042
0.161878
0.161713
0.161549
0.161385
0.161221
0.161057
0.160893
0.160730
0.160566
0.160402
0.160239
0.160076
0.159912
0.159749
0.159586
0.159423
0.159260
0.159097
0.158934
0.158771
0.158609
0.158446
0.158284
0.158122
0.157959
0.157797
0.157635
0.157473
0.157311
0.157149
0.156988
0.156826
0.156664
0.156503
0.156342
0.156180
0.156019
0.155858
0.155697
0.155536
0.155375
0.155215
0.155054
0.154893
0.154733
0.154573
0.154412
0.154252
0.154092
0.153932
0.153772
0.153613
0.153453
0.153293
0.153134
0.152974
0.152815
0.152656
0.152497
0.152338
0.152179
0.152020
0.151861
0.151703
0.151544
0.151386
0.151227
0.151069
0.150911
0.150753
0.150595
0.150437
0.150279
0.150122
0.149964
0.149807
0.149649
0.149492
0.149335
0.149178
0.149021
0.148864
0.148707
0.148551
0.148394
0.148237
0.148081
0.147925
0.147769
0.147613
0.147457
0.147301
0.147145
0.146989
0.146834
0.146678
0.146523
0.146368
0.146213
0.146058
0.145903
0.145748
0.145593
0.145438
0.145284
0.145130
0.144975
0.144821
0.144667
0.144513
0.144359
0.144205
0.144052
0.143898
0.143744
0.143591
0.143438
0.143285
0.143132
0.142979
0.142826
0.142673
0.142520
0.142368
0.142215
0.142063
0.141911
0.141759
0.141607
0.141455
0.141303
0.141151
0.141000
0.140848
0.140697
0.140546
0.140395
0.140244
0.140093
0.139942
0.139791
0.139640
0.139490
0.139340
0.139189
0.139039
0.138889
0.138739
0.138589
0.138440
0.138290
0.138140
0.137991
0.137842
0.137693
0.137543
0.137394
0.137246
0.137097
0.136948
0.136800
0.136651
0.136503
0.136355
0.136207
0.136059
0.135911
0.135763
0.135615
0.135468
0.135321
0.135173
0.135026
0.134879
0.134732
0.134585
0.134438
0.134292
0.134145
0.133999
0.133852
0.133706
0.133560
0.133414
0.133268
0.133123
0.132977
0.132831
0.132686
0.132541
0.132396
0.132251
0.132106
0.131961
0.131816
0.131671
0.131527
0.131383
0.131238
0.131094
0.130950
0.130806
0.130662
0.130519
0.130375
0.130232
0.130088
0.129945
0.129802
0.129659
0.129516
0.129373
0.129230
0.129088
0.128945
0.128803
0.128661
0.128519
0.128377
0.128235
0.128093
0.127952
0.127810
0.127669
0.127527
0.127386
0.127245
0.127104
0.126963
0.126823
0.126682
0.126541
0.126401
0.126261
0.126121
0.125981
0.125841
0.125701
0.125561
0.125422
0.125282
0.125143
0.125004
0.124865
0.124726
0.124587
0.124448
0.124309
0.124171
0.124032
0.123894
0.123756
0.123618
0.123480
0.123342
0.123204
0.123067
0.122929
0.122792
0.122655
0.122518
0.122381
0.122244
0.122107
0.121970
0.121834
0.121697
0.121561
0.121425
0.121289
0.121153
0.121017
0.120881
0.120746
0.120610
0.120475
0.120340
0.120205
0.120070
0.119935
0.119800
0.119665
0.119531
0.119396
0.119262
0.119128
0.118994
0.118860
0.118726
0.118592
0.118459
0.118325
0.118192
0.118058
0.117925
0.117792
0.117659
0.117527
0.117394
0.117261
0.117129
0.116997
0.116865
0.116732
0.116600
0.116469
0.116337
0.116205
0.116074
0.115942
0.115811
0.115680
0.115549
0.115418
0.115287
0.115157
0.115026
0.114896
0.114765
0.114635
0.114505
0.114375
0.114245
0.114116
0.113986
0.113857
0.113727
0.113598
0.113469
0.113340
0.113211
0.113082
0.112954
0.112825
0.112697
0.112568
0.112440
0.112312
0.112184
0.112056
0.111929
0.111801
0.111673
0.111546
0.111419
0.111292
0.111165
0.111038
0.110911
0.110784
0.110658
0.110531
0.110405
0.110279
0.110153
0.110027
0.109901
0.109775
0.109650
0.109524
0.109399
0.109274
0.109149
0.109024
0.108899
0.108774
0.108649
0.108525
0.108400
0.108276
0.108152
0.108028
0.107904
0.107780
0.107656
0.107533
0.107409
0.107286
0.107163
0.107040
0.106917
0.106794
0.106671
0.106548
0.106426
0.106303
0.106181
0.106059
0.105937
0.105815
0.105693
0.105571
0.105450
0.105328
0.105207
0.105085
0.104964
0.104843
0.104722
0.104602
0.104481
0.104360
0.104240
0.104120
0.103999
0.103879
0.103759
0.103640
0.103520
0.103400
0.103281
0.103161
0.103042
0.102923
0.102804
0.102685
0.102566
0.102447
0.102329
0.102210
0.102092
0.101974
0.101856
0.101738
0.101620
0.101502
0.101385
0.101267
0.101150
0.101032
0.100915
0.100798
0.100681
0.100564
0.100448
0.100331
0.100214
0.100098
0.099982
0.099866
0.099750
0.099634
0.099518
0.099402
0.099287
0.099171
0.099056
0.098941
0.098826
0.098711
0.098596
0.098481
0.098366
0.098252
0.098138
0.098023
0.097909
0.097795
0.097681
0.097567
0.097453
0.097340
0.097226
0.097113
0.097000
0.096887
0.096774
0.096661
0.096548
0.096435
0.096323
0.096210
0.096098
0.095985
0.095873
0.095761
0.095649
0.095538
0.095426
0.095314
0.095203
0.095092
0.094980
0.094869
0.094758
0.094648
0.094537
0.094426
0.094316
0.094205
0.094095
0.093985
0.093875
0.093765
0.093655
0.093545
0.093435
0.093326
0.093216
0.093107
0.092998
0.092889
0.092780
0.092671
0.092562
0.092454
0.092345
0.092237
0.092129
0.092020
0.091912
0.091804
0.091697
0.091589
0.091481
0.091374
0.091266
0.091159
0.091052
0.090945
0.090838
0.090731
0.090624
0.090518
0.090411
0.090305
0.090199
0.090093
0.089987
0.089881
0.089775
0.089669
0.089563
0.089458
0.089353
0.089247
0.089142
0.089037
0.088932
0.088827
0.088723
0.088618
0.088513
0.088409
0.088305
0.088201
0.088097
0.087993
0.087889
0.087785
0.087681
0.087578
0.087474
0.087371
0.087268
0.087165
0.087062
0.086959
0.086856
0.086754
0.086651
0.086549
0.086446
0.086344
0.086242
0.086140
0.086038
0.085936
0.085835
0.085733
0.085632
0.085530
0.085429
0.085328
0.085227
0.085126
0.085025
0.084925
0.084824
0.084724
0.084623
0.084523
0.084423
0.084323
0.084223
0.084123
0.084023
0.083924
0.083824
0.083725
0.083626
0.083526
0.083427
0.083328
0.083229
0.083131
0.083032
0.082933
0.082835
0.082737
0.082638
0.082540
0.082442
0.082344
0.082247
0.082149
0.082051
0.081954
0.081856
0.081759
0.081662
0.081565
0.081468
0.081371
0.081274
0.081178
0.081081
0.080985
0.080888
0.080792
0.080696
0.080600
0.080504
0.080408
0.080313
0.080217
0.080121
0.080026
0.079931
0.079836
0.079741
0.079646
0.079551
0.079456
0.079361
0.079267
0.079172
0.079078
0.078984
0.078889
0.078795
0.078701
0.078608
0.078514
0.078420
0.078327
0.078233
0.078140
0.078047
0.077954
0.077861
0.077768
0.077675
0.077582
0.077490
0.077397
0.077305
0.077212
0.077120
0.077028
0.076936
0.076844
0.076752
0.076661
0.076569
0.076478
0.076386
0.076295
0.076204
0.076113
0.076022
0.075931
0.075840
0.075749
0.075659
0.075568
0.075478
0.075388
0.075297
0.075207
0.075117
0.075028
0.074938
0.074848
0.074759
0.074669
0.074580
0.074490
0.074401
0.074312
0.074223
0.074134
0.074045
0.073957
0.073868
0.073780
0.073691
0.073603
0.073515
0.073427
0.073339
0.073251
0.073163
0.073075
0.072988
0.072900
0.072813
0.072726
0.072638
0.072551
0.072464
0.072377
0.072291
0.072204
0.072117
0.072031
0.071944
0.071858
0.071772
0.071686
0.071600
0.071514
0.071428
0.071342
0.071256
0.071171
0.071085
0.071000
0.070915
0.070830
0.070744
0.070660
0.070575
0.070490
0.070405
0.070321
0.070236
0.070152
0.070067
0.069983
0.069899
0.069815
0.069731
0.069647
0.069564
0.069480
0.069396
0.069313
0.069230
0.069146
0.069063
0.068980
0.068897
0.068814
0.068731
0.068649
0.068566
0.068484
0.068401
0.068319
0.068237
0.068154
0.068072
0.067990
0.067909
0.067827
0.067745
0.067664
0.067582
0.067501
0.067419
0.067338
0.067257
0.067176
0.067095
0.067014
0.066934
0.066853
0.066772
0.066692
0.066612
0.066531
0.066451
0.066371
0.066291
0.066211
0.066131
0.066052
0.065972
0.065892
0.065813
0.065734
0.065654
0.065575
0.065496
0.065417
0.065338
0.065259
0.065181
0.065102
0.065023
0.064945
0.064867
0.064788
0.064710
0.064632
0.064554
0.064476
0.064398
0.064321
0.064243
0.064165
0.064088
0.064011
0.063933
0.063856
0.063779
0.063702
0.063625
0.063548
0.063471
0.063395
0.063318
0.063242
0.063165
0.063089
0.063013
0.062937
0.062861
0.062785
0.062709
0.062633
0.062557
0.062482
0.062406
0.062331
0.062255
0.062180
0.062105
0.062030
0.061955
0.061880
0.061805
0.061730
0.061656
0.061581
0.061507
0.061432
0.061358
0.061284
0.061210
0.061136
0.061062
0.060988
0.060914
0.060840
0.060767
0.060693
0.060620
0.060546
0.060473
0.060400
0.060327
0.060254
0.060181
0.060108
0.060035
0.059962
0.059890
0.059817
0.059745
0.059673
0.059600
0.059528
0.059456
0.059384
0.059312
0.059240
0.059169
0.059097
0.059025
0.058954
0.058882
0.058811
0.058740
0.058669
0.058598
0.058527
0.058456
0.058385
0.058314
0.058243
0.058173
0.058102
0.058032
0.057962
0.057891
0.057821
0.057751
0.057681
0.057611
0.057541
0.057471
0.057402
0.057332
0.057263
0.057193
0.057124
0.057055
0.056985
0.056916
0.056847
0.056778
0.056709
0.056641
0.056572
0.056503
0.056435
0.056366
0.056298
0.056230
0.056161
0.056093
0.056025
0.055957
0.055889
0.055822
0.055754
0.055686
0.055619
0.055551
0.055484
0.055416
0.055349
0.055282
0.055215
0.055148
0.055081
0.055014
0.054947
0.054880
0.054814
0.054747
0.054681
0.054614
0.054548
0.054482
0.054416
0.054350
0.054284
0.054218
0.054152
0.054086
0.054020
0.053955
0.053889
0.053824
0.053758
0.053693
0.053628
0.053563
0.053498
0.053433
0.053368
0.053303
0.053238
0.053173
0.053109
0.053044
0.052980
0.052916
0.052851
0.052787
0.052723
0.052659
0.052595
0.052531
0.052467
0.052403
0.052340
0.052276
0.052212
0.052149
0.052086
0.052022
0.051959
0.051896
0.051833
0.051770
0.051707
0.051644
0.051581
0.051518
0.051456
0.051393
0.051331
0.051268
0.051206
0.051144
0.051081
0.051019
0.050957
0.050895
0.050833
0.050772
0.050710
0.050648
0.050587
0.050525
0.050464
0.050402
0.050341
0.050280
0.050218
0.050157
0.050096
0.050035
0.049975
0.049914
0.049853
0.049792
0.049732
0.049671
0.049611
0.049550
0.049490
0.049430
0.049370
0.049310
0.049250
0.049190
0.049130
0.049070
0.049010
0.048951
0.048891
0.048832
0.048772
0.048713
0.048654
0.048594
0.048535
0.048476
0.048417
0.048358
0.048299
0.048241
0.048182
0.048123
0.048065
0.048006
0.047948
0.047889
0.047831
0.047773
0.047715
0.047656
0.047598
0.047540
0.047483
0.047425
0.047367
0.047309
0.047252
0.047194
0.047137
0.047079
0.047022
0.046965
0.046908
0.046850
0.046793
0.046736
0.046679
0.046623
0.046566
0.046509
0.046452
0.046396
0.046339
0.046283
0.046227
0.046170
0.046114
0.046058
0.046002
0.045946
0.045890
0.045834
0.045778
0.045722
0.045667
0.045611
0.045555
0.045500
0.045444
0.045389
0.045334
0.045278
0.045223
0.045168
0.045113
0.045058
0.045003
0.044948
0.044894
0.044839
0.044784
0.044730
0.044675
0.044621
0.044567
0.044512
0.044458
0.044404
0.044350
0.044296
0.044242
0.044188
0.044134
0.044080
0.044026
0.043973
0.043919
0.043866
0.043812
0.043759
0.043705
0.043652
0.043599
0.043546
0.043493
0.043440
0.043387
0.043334
0.043281
0.043228
0.043176
0.043123
0.043070
0.043018
0.042966
0.042913
0.042861
0.042809
0.042756
0.042704
0.042652
0.042600
0.042548
0.042496
0.042445
0.042393
0.042341
0.042290
0.042238
0.042187
0.042135
0.042084
0.042032
0.041981
0.041930
0.041879
0.041828
0.041777
0.041726
0.041675
0.041624
0.041574
0.041523
0.041472
0.041422
0.041371
0.041321
0.041270
0.041220
0.041170
0.041120
0.041069
0.041019
0.040969
0.040919
0.040869
0.040820
0.040770
0.040720
0.040671
0.040621
0.040571
0.040522
0.040473
0.040423
0.040374
0.040325
0.040275
0.040226
0.040177
0.040128
0.040079
0.040031
0.039982
0.039933
0.039884
0.039836
0.039787
0.039739
0.039690
0.039642
0.039593
0.039545
0.039497
0.039449
0.039401
0.039353
0.039305
0.039257
0.039209
0.039161
0.039113
0.039065
0.039018
0.038970
0.038923
0.038875
0.038828
0.038780
0.038733
0.038686
0.038639
0.038592
0.038545
0.038498
0.038451
0.038404
0.038357
0.038310
0.038263
0.038217
0.038170
0.038124
0.038077
0.038031
0.037984
0.037938
0.037892
0.037846
0.037799
0.037753
0.037707
0.037661
0.037615
0.037569
0.037524
0.037478
0.037432
0.037387
0.037341
0.037295
0.037250
0.037204
0.037159
0.037114
0.037069
0.037023
0.036978
0.036933
0.036888
0.036843
0.036798
0.036753
0.036708
0.036664
0.036619
0.036574
0.036530
0.036485
0.036441
0.036396
0.036352
0.036308
0.036263
0.036219
0.036175
0.036131
0.036087
0.036043
0.035999
0.035955
0.035911
0.035867
0.035823
0.035780
0.035736
0.035693
0.035649
0.035606
0.035562
0.035519
0.035475
0.035432
0.035389
0.035346
0.035303
0.035260
0.035217
0.035174
0.035131
0.035088
0.035045
0.035003
0.034960
0.034917
0.034875
0.034832
0.034790
0.034747
0.034705
0.034663
0.034620
0.034578
0.034536
0.034494
0.034452
0.034410
0.034368
0.034326
0.034284
0.034242
0.034200
0.034159
0.034117
0.034076
0.034034
0.033993
0.033951
0.033910
0.033868
0.033827
0.033786
0.033745
0.033703
0.033662
0.033621
0.033580
0.033539
0.033499
0.033458
0.033417
0.033376
0.033335
0.033295
0.033254
0.033214
0.033173
0.033133
0.033092
0.033052
0.033012
0.032972
0.032931
0.032891
0.032851
0.032811
0.032771
0.032731
0.032691
0.032651
0.032612
0.032572
0.032532
0.032492
0.032453
0.032413
0.032374
0.032334
0.032295
0.032256
0.032216
0.032177
0.032138
0.032099
0.032059
0.032020
0.031981
0.031942
0.031903
0.031865
0.031826
0.031787
0.031748
0.031710
0.031671
0.031632
0.031594
0.031555
0.031517
0.031478
0.031440
0.031402
0.031363
0.031325
0.031287
0.031249
0.031211
0.031173
0.031135
0.031097
0.031059
0.031021
0.030983
0.030946
0.030908
0.030870
0.030833
0.030795
0.030758
0.030720
0.030683
0.030645
0.030608
0.030571
0.030533
0.030496
0.030459
0.030422
0.030385
0.030348
0.030311
0.030274
0.030237
0.030200
0.030163
0.030127
0.030090
0.030053
0.030017
0.029980
0.029944
0.029907
0.029871
0.029834
0.029798
0.029762
0.029725
0.029689
0.029653
0.029617
0.029581
0.029545
0.029509
0.029473
0.029437
0.029401
0.029365
0.029330
0.029294
0.029258
0.029223
0.029187
0.029151
0.029116
0.029081
0.029045
0.029010
0.028974
0.028939
0.028904
0.028869
0.028834
0.028798
0.028763
0.028728
0.028693
0.028658
0.028624
0.028589
0.028554
0.028519
0.028484
0.028450
0.028415
0.028380
0.028346
0.028311
0.028277
0.028243
0.028208
0.028174
0.028140
0.028105
0.028071
0.028037
0.028003
0.027969
0.027935
0.027901
0.027867
0.027833
0.027799
0.027765
0.027731
0.027697
0.027664
0.027630
0.027596
0.027563
0.027529
0.027496
0.027462
0.027429
0.027396
0.027362
0.027329
0.027296
0.027262
0.027229
0.027196
0.027163
0.027130
0.027097
0.027064
0.027031
0.026998
0.026965
0.026933
0.026900
0.026867
0.026834
0.026802
0.026769
0.026737
0.026704
0.026672
0.026639
0.026607
0.026574
0.026542
0.026510
0.026477
0.026445
0.026413
0.026381
0.026349
0.026317
0.026285
0.026253
0.026221
0.026189
0.026157
0.026125
0.026094
0.026062
0.026030
0.025998
0.025967
0.025935
0.025904
0.025872
0.025841
0.025809
0.025778
0.025747
0.025715
0.025684
0.025653
0.025622
0.025590
0.025559
0.025528
0.025497
0.025466
0.025435
0.025404
0.025373
0.025343
0.025312
0.025281
0.025250
0.025220
0.025189
0.025158
0.025128
0.025097
0.025067
0.025036
0.025006
0.024975
0.024945
0.024915
0.024884
0.024854
0.024824
0.024794
0.024764
0.024734
0.024704
0.024674
0.024644
0.024614
0.024584
0.024554
0.024524
0.024494
0.024464
0.024435
0.024405
0.024375
0.024346
0.024316
0.024287
0.024257
0.024228
0.024198
0.024169
0.024139
0.024110
0.024081
0.024052
0.024022
0.023993
0.023964
0.023935
0.023906
0.023877
0.023848
0.023819
0.023790
0.023761
0.023732
0.023703
0.023674
0.023646
0.023617
0.023588
0.023560
0.023531
0.023503
0.023474
0.023445
0.023417
0.023389
0.023360
0.023332
0.023303
0.023275
0.023247
0.023219
0.023190
0.023162
0.023134
0.023106
0.023078
0.023050
0.023022
0.022994
0.022966
0.022938
0.022910
0.022883
0.022855
0.022827
0.022799
0.022772
0.022744
0.022717
0.022689
0.022661
0.022634
0.022606
0.022579
0.022552
0.022524
0.022497
0.022470
0.022442
0.022415
0.022388
0.022361
0.022334
0.022307
0.022279
0.022252
0.022225
0.022198
0.022172
0.022145
0.022118
0.022091
0.022064
0.022037
0.022011
0.021984
0.021957
0.021931
0.021904
0.021877
0.021851
0.021824
0.021798
0.021771
0.021745
0.021719
0.021692
0.021666
0.021640
0.021614
0.021587
0.021561
0.021535
0.021509
0.021483
0.021457
0.021431
0.021405
0.021379
0.021353
0.021327
0.021301
0.021275
0.021250
0.021224
0.021198
0.021172
0.021147
0.021121
0.021095
0.021070
0.021044
0.021019
0.020993
0.020968
0.020942
0.020917
0.020892
0.020866
0.020841
0.020816
0.020791
0.020765
0.020740
0.020715
0.020690
0.020665
0.020640
0.020615
0.020590
0.020565
0.020540
0.020515
0.020490
0.020465
0.020441
0.020416
0.020391
0.020366
0.020342
0.020317
0.020293
0.020268
0.020243
0.020219
0.020194
0.020170
0.020146
0.020121
0.020097
0.020072
0.020048
0.020024
0.020000
0.019975
0.019951
0.019927
0.019903
0.019879
0.019855
0.019831
0.019807
0.019783
0.019759
0.019735
0.019711
0.019687
0.019663
0.019639
0.019616
0.019592
0.019568
0.019544
0.019521
0.019497
0.019474
0.019450
0.019426
0.019403
0.019379
0.019356
0.019333
0.019309
0.019286
0.019262
0.019239
0.019216
0.019193
0.019169
0.019146
0.019123
0.019100
0.019077
0.019054
0.019031
0.019008
0.018985
0.018962
0.018939
0.018916
0.018893
0.018870
0.018847
0.018824
0.018802
0.018779
0.018756
0.018734
0.018711
0.018688
0.018666
0.018643
0.018620
0.018598
0.018575
0.018553
0.018531
0.018508
0.018486
0.018463
0.018441
0.018419
0.018397
0.018374
0.018352
0.018330
0.018308
0.018286
0.018263
0.018241
0.018219
0.018197
0.018175
0.018153
0.018131
0.018109
0.018088
0.018066
0.018044
0.018022
0.018000
0.017979
0.017957
0.017935
0.017913
0.017892
0.017870
0.017849
0.017827
0.017805
0.017784
0.017762
0.017741
0.017720
0.017698
0.017677
0.017655
0.017634
0.017613
0.017592
0.017570
0.017549
0.017528
0.017507
0.017486
0.017464
0.017443
0.017422
0.017401
0.017380
0.017359
0.017338
0.017317
0.017296
0.017275
0.017255
0.017234
0.017213
0.017192
0.017171
0.017151
0.017130
0.017109
0.017089
0.017068
0.017047
0.017027
0.017006
0.016986
0.016965
0.016945
0.016924
0.016904
0.016883
0.016863
0.016843
0.016822
0.016802
0.016782
0.016762
0.016741
0.016721
0.016701
0.016681
0.016661
0.016641
0.016620
0.016600
0.016580
0.016560
0.016540
0.016520
0.016500
0.016481
0.016461
0.016441
0.016421
0.016401
0.016381
0.016362
0.016342
0.016322
0.016302
0.016283
0.016263
0.016244
0.016224
0.016204
0.016185
0.016165
0.016146
0.016126
0.016107
0.016088
0.016068
0.016049
0.016029
0.016010
0.015991
0.015971
0.015952
0.015933
0.015914
0.015895
0.015875
0.015856
0.015837
0.015818
0.015799
0.015780
0.015761
0.015742
0.015723
0.015704
0.015685
0.015666
0.015647
0.015628
0.015610
0.015591
0.015572
0.015553
0.015535
0.015516
0.015497
0.015478
0.015460
0.015441
0.015423
0.015404
0.015385
0.015367
0.015348
0.015330
0.015311
0.015293
0.015275
0.015256
0.015238
0.015219
0.015201
0.015183
0.015164
0.015146
0.015128
0.015110
0.015092
0.015073
0.015055
0.015037
0.015019
0.015001
0.014983
0.014965
0.014947
0.014929
0.014911
0.014893
0.014875
0.014857
0.014839
0.014821
0.014803
0.014786
0.014768
0.014750
0.014732
0.014715
0.014697
0.014679
0.014661
0.014644
0.014626
0.014609
0.014591
0.014573
0.014556
0.014538
0.014521
0.014503
0.014486
0.014469
0.014451
0.014434
0.014416
0.014399
0.014382
0.014364
0.014347
0.014330
0.014313
0.014295
0.014278
0.014261
0.014244
0.014227
0.014210
0.014193
0.014176
0.014158
0.014141
0.014124
0.014107
0.014091
0.014074
0.014057
0.014040
0.014023
0.014006
0.013989
0.013972
0.013956
0.013939
0.013922
0.013905
0.013889
0.013872
0.013855
0.013839
0.013822
0.013805
0.013789
0.013772
0.013756
0.013739
0.013723
0.013706
0.013690
0.013673
0.013657
0.013640
0.013624
0.013608
0.013591
0.013575
0.013559
0.013542
0.013526
0.013510
0.013493
0.013477
0.013461
0.013445
0.013429
0.013413
0.013397
0.013380
0.013364
0.013348
0.013332
0.013316
0.013300
0.013284
0.013268
0.013252
0.013236
0.013221
0.013205
0.013189
0.013173
0.013157
0.013141
0.013126
0.013110
0.013094
0.013078
0.013063
0.013047
0.013031
0.013016
0.013000
0.012984
0.012969
0.012953
0.012938
0.012922
0.012907
0.012891
0.012876
0.012860
0.012845
0.012829
0.012814
0.012799
0.012783
0.012768
0.012753
0.012737
0.012722
0.012707
0.012692
0.012676
0.012661
0.012646
0.012631
0.012616
0.012601
0.012585
0.012570
0.012555
0.012540
0.012525
0.012510
0.012495
0.012480
0.012465
0.012450
0.012435
0.012420
0.012405
0.012391
0.012376
0.012361
0.012346
0.012331
0.012317
0.012302
0.012287
0.012272
0.012258
0.012243
0.012228
0.012214
0.012199
0.012184
0.012170
0.012155
0.012141
0.012126
0.012111
0.012097
0.012082
0.012068
0.012053
0.012039
0.012025
0.012010
0.011996
0.011981
0.011967
0.011953
0.011938
0.011924
0.011910
0.011896
0.011881
0.011867
0.011853
0.011839
0.011824
0.011810
0.011796
0.011782
0.011768
0.011754
0.011740
0.011726
0.011712
0.011698
0.011684
0.011670
0.011656
0.011642
0.011628
0.011614
0.011600
0.011586
0.011572
0.011558
0.011544
0.011531
0.011517
0.011503
0.011489
0.011476
0.011462
0.011448
0.011434
0.011421
0.011407
0.011393
0.011380
0.011366
0.011353
0.011339
0.011325
0.011312
0.011298
0.011285
0.011271
0.011258
0.011244
0.011231
0.011217
0.011204
0.011191
0.011177
0.011164
0.011151
0.011137
0.011124
0.011111
0.011097
0.011084
0.011071
0.011057
0.011044
0.011031
0.011018
0.011005
0.010992
0.010978
0.010965
0.010952
0.010939
0.010926
0.010913
0.010900
0.010887
0.010874
0.010861
0.010848
0.010835
0.010822
0.010809
0.010796
0.010783
0.010770
0.010757
0.010745
0.010732
0.010719
0.010706
0.010693
0.010680
0.010668
0.010655
0.010642
0.010630
0.010617
0.010604
0.010591
0.010579
0.010566
0.010554
0.010541
0.010528
0.010516
0.010503
0.010491
0.010478
0.010466
0.010453
0.010441
0.010428
0.010416
0.010403
0.010391
0.010378
0.010366
0.010354
0.010341
0.010329
0.010317
0.010304
0.010292
0.010280
0.010267
0.010255
0.010243
0.010231
0.010218
0.010206
0.010194
0.010182
0.010170
0.010158
0.010146
0.010133
0.010121
0.010109
0.010097
0.010085
0.010073
0.010061
0.010049
0.010037
0.010025
0.010013
0.010001
0.009989
0.009977
0.009965
0.009954
0.009942
0.009930
0.009918
0.009906
0.009894
0.009882
0.009871
0.009859
0.009847
0.009835
0.009824
0.009812
0.009800
0.009789
0.009777
0.009765
0.009754
0.009742
0.009730
0.009719
0.009707
0.009696
0.009684
0.009672
0.009661
0.009649
0.009638
0.009626
0.009615
0.009603
0.009592
0.009581
0.009569
0.009558
0.009546
0.009535
0.009524
0.009512
0.009501
0.009490
0.009478
0.009467
0.009456
0.009444
0.009433
0.009422
0.009411
0.009400
0.009388
0.009377
0.009366
0.009355
0.009344
0.009333
0.009321
0.009310
0.009299
0.009288
0.009277
0.009266
0.009255
0.009244
0.009233
0.009222
0.009211
0.009200
0.009189
0.009178
0.009167
0.009156
0.009145
0.009135
0.009124
0.009113
0.009102
0.009091
0.009080
0.009069
0.009059
0.009048
0.009037
0.009026
0.009016
0.009005
0.008994
0.008983
0.008973
0.008962
0.008951
0.008941
0.008930
0.008919
0.008909
0.008898
0.008888
0.008877
0.008867
0.008856
0.008845
0.008835
0.008824
0.008814
0.008803
0.008793
0.008782
0.008772
0.008762
0.008751
0.008741
0.008730
0.008720
0.008710
0.008699
0.008689
0.008679
0.008668
0.008658
0.008648
0.008637
0.008627
0.008617
0.008607
0.008596
0.008586
0.008576
0.008566
0.008556
0.008545
0.008535
0.008525
0.008515
0.008505
0.008495
0.008485
0.008475
0.008464
0.008454
0.008444
0.008434
0.008424
0.008414
0.008404
0.008394
0.008384
0.008374
0.008364
0.008354
0.008345
0.008335
0.008325
0.008315
0.008305
0.008295
0.008285
0.008275
0.008266
0.008256
0.008246
0.008236
0.008226
0.008217
0.008207
0.008197
0.008187
0.008178
0.008168
0.008158
0.008149
0.008139
0.008129
0.008120
0.008110
0.008100
0.008091
0.008081
0.008071
0.008062
0.008052
0.008043
0.008033
0.008024
0.008014
0.008005
0.007995
0.007986
0.007976
0.007967
0.007957
0.007948
0.007938
0.007929
0.007920
0.007910
0.007901
0.007891
0.007882
0.007873
0.007863
0.007854
0.007845
0.007835
0.007826
0.007817
0.007807
0.007798
0.007789
0.007780
0.007770
0.007761
0.007752
0.007743
0.007734
0.007725
0.007715
0.007706
0.007697
0.007688
0.007679
0.007670
0.007661
0.007652
0.007642
0.007633
0.007624
0.007615
0.007606
0.007597
0.007588
0.007579
0.007570
0.007561
0.007552
0.007543
0.007534
0.007526
0.007517
0.007508
0.007499
0.007490
0.007481
0.007472
0.007463
0.007454
0.007446
0.007437
0.007428
0.007419
0.007410
0.007402
0.007393
0.007384
0.007375
0.007367
0.007358
0.007349
0.007340
0.007332
0.007323
0.007314
0.007306
0.007297
0.007288
0.007280
0.007271
0.007263
0.007254
0.007245
0.007237
0.007228
0.007220
0.007211
0.007203
0.007194
0.007186
0.007177
0.007169
0.007160
0.007152
0.007143
0.007135
0.007126
0.007118
0.007109
0.007101
0.007093
0.007084
0.007076
0.007067
0.007059
0.007051
0.007042
0.007034
0.007026
0.007017
0.007009
0.007001
0.006992
0.006984
0.006976
0.006968
0.006959
0.006951
0.006943
0.006935
0.006927
0.006918
0.006910
0.006902
0.006894
0.006886
0.006878
0.006869
0.006861
0.006853
0.006845
0.006837
0.006829
0.006821
0.006813
0.006805
0.006797
0.006789
0.006781
0.006773
0.006765
0.006757
0.006749
0.006741
0.006733
0.006725
0.006717
0.006709
0.006701
0.006693
0.006685
0.006677
0.006669
0.006661
0.006653
0.006646
0.006638
0.006630
0.006622
0.006614
0.006606
0.006599
0.006591
0.006583
0.006575
0.006567
0.006560
0.006552
0.006544
0.006536
0.006529
0.006521
0.006513
0.006506
0.006498
0.006490
0.006483
0.006475
0.006467
0.006460
0.006452
0.006444
0.006437
0.006429
0.006422
0.006414
0.006406
0.006399
0.006391
0.006384
0.006376
0.006369
0.006361
0.006354
0.006346
0.006339
0.006331
0.006324
0.006316
0.006309
0.006301
0.006294
0.006286
0.006279
0.006272
0.006264
0.006257
0.006249
0.006242
0.006235
0.006227
0.006220
0.006213
0.006205
0.006198
0.006191
0.006183
0.006176
0.006169
0.006162
0.006154
0.006147
0.006140
0.006133
0.006125
0.006118
0.006111
0.006104
0.006096
0.006089
0.006082
0.006075
0.006068
0.006061
0.006053
0.006046
0.006039
0.006032
0.006025
0.006018
0.006011
0.006004
0.005997
0.005989
0.005982
0.005975
0.005968
0.005961
0.005954
0.005947
0.005940
0.005933
0.005926
0.005919
0.005912
0.005905
0.005898
0.005891
0.005884
0.005878
0.005871
0.005864
0.005857
0.005850
0.005843
0.005836
0.005829
0.005822
0.005815
0.005809
0.005802
0.005795
0.005788
0.005781
0.005775
0.005768
0.005761
0.005754
0.005747
0.005741
0.005734
0.005727
0.005720
0.005714
0.005707
0.005700
0.005693
0.005687
0.005680
0.005673
0.005667
0.005660
0.005653
0.005647
0.005640
0.005633
0.005627
0.005620
0.005613
0.005607
0.005600
0.005594
0.005587
0.005581
0.005574
0.005567
0.005561
0.005554
0.005548
0.005541
0.005535
0.005528
0.005522
0.005515
0.005509
0.005502
0.005496
0.005489
0.005483
0.005476
0.005470
0.005463
0.005457
0.005451
0.005444
0.005438
0.005431
0.005425
0.005419
0.005412
0.005406
0.005400
0.005393
0.005387
0.005381
0.005374
0.005368
0.005362
0.005355
0.005349
0.005343
0.005336
0.005330
0.005324
0.005318
0.005311
0.005305
0.005299
0.005293
0.005286
0.005280
0.005274
0.005268
0.005262
0.005255
0.005249
0.005243
0.005237
0.005231
0.005225
0.005218
0.005212
0.005206
0.005200
0.005194
0.005188
0.005182
0.005176
0.005170
0.005164
0.005157
0.005151
0.005145
0.005139
0.005133
0.005127
0.005121
0.005115
0.005109
0.005103
0.005097
0.005091
0.005085
0.005079
0.005073
0.005067
0.005061
0.005055
0.005049
0.005044
0.005038
0.005032
0.005026
0.005020
0.005014
0.005008
0.005002
0.004996
0.004990
0.004985
0.004979
0.004973
0.004967
0.004961
0.004955
0.004950
0.004944
0.004938
0.004932
0.004926
0.004921
0.004915
0.004909
0.004903
0.004898
0.004892
0.004886
0.004880
0.004875
0.004869
0.004863
0.004857
0.004852
0.004846
0.004840
0.004835
0.004829
0.004823
0.004818
0.004812
0.004806
0.004801
0.004795
0.004790
0.004784
0.004778
0.004773
0.004767
0.004762
0.004756
0.004750
0.004745
0.004739
0.004734
0.004728
0.004723
0.004717
0.004712
0.004706
0.004700
0.004695
0.004689
0.004684
0.004678
0.004673
0.004668
0.004662
0.004657
0.004651
0.004646
0.004640
0.004635
0.004629
0.004624
0.004618
0.004613
0.004608
0.004602
0.004597
0.004591
0.004586
0.004581
0.004575
0.004570
0.004565
0.004559
0.004554
0.004549
0.004543
0.004538
0.004533
0.004527
0.004522
0.004517
0.004511
0.004506
0.004501
0.004496
0.004490
0.004485
0.004480
0.004475
0.004469
0.004464
0.004459
0.004454
0.004448
0.004443
0.004438
0.004433
0.004428
0.004422
0.004417
0.004412
0.004407
0.004402
0.004397
0.004391
0.004386
0.004381
0.004376
0.004371
0.004366
0.004361
0.004356
0.004351
0.004345
0.004340
0.004335
0.004330
0.004325
0.004320
0.004315
0.004310
0.004305
0.004300
0.004295
0.004290
0.004285
0.004280
0.004275
0.004270
0.004265
0.004260
0.004255
0.004250
0.004245
0.004240
0.004235
0.004230
0.004225
0.004220
0.004215
0.004210
0.004205
0.004200
0.004195
0.004191
0.004186
0.004181
0.004176
0.004171
0.004166
0.004161
0.004156
0.004152
0.004147
0.004142
0.004137
0.004132
0.004127
0.004123
0.004118
0.004113
0.004108
0.004103
0.004098
0.004094
0.004089
0.004084
0.004079
0.004075
0.004070
0.004065
0.004060
0.004056
0.004051
0.004046
0.004041
0.004037
0.004032
0.004027
0.004023
0.004018
0.004013
0.004008
0.004004
0.003999
0.003994
0.003990
0.003985
0.003980
0.003976
0.003971
0.003966
0.003962
0.003957
0.003953
0.003948
0.003943
0.003939
0.003934
0.003930
0.003925
0.003920
0.003916
0.003911
0.003907
0.003902
0.003898
0.003893
0.003888
0.003884
0.003879
0.003875
0.003870
0.003866
0.003861
0.003857
0.003852
0.003848
0.003843
0.003839
0.003834
0.003830
0.003825
0.003821
0.003816
0.003812
0.003808
0.003803
0.003799
0.003794
0.003790
0.003785
0.003781
0.003777
0.003772
0.003768
0.003763
0.003759
0.003755
0.003750
0.003746
0.003741
0.003737
0.003733
0.003728
0.003724
0.003720
0.003715
0.003711
0.003707
0.003702
0.003698
0.003694
0.003689
0.003685
0.003681
0.003677
0.003672
0.003668
0.003664
0.003659
0.003655
0.003651
0.003647
0.003642
0.003638
0.003634
0.003630
0.003625
0.003621
0.003617
0.003613
0.003609
0.003604
0.003600
0.003596
0.003592
0.003588
0.003583
0.003579
0.003575
0.003571
0.003567
0.003563
0.003558
0.003554
0.003550
0.003546
0.003542
0.003538
0.003534
0.003530
0.003525
0.003521
0.003517
0.003513
0.003509
0.003505
0.003501
0.003497
0.003493
0.003489
0.003485
0.003480
0.003476
0.003472
0.003468
0.003464
0.003460
0.003456
0.003452
0.003448
0.003444
0.003440
0.003436
0.003432
0.003428
0.003424
0.003420
0.003416
0.003412
0.003408
0.003404
0.003400
0.003396
0.003392
0.003388
0.003385
0.003381
0.003377
0.003373
0.003369
0.003365
0.003361
0.003357
0.003353
0.003349
0.003345
0.003341
0.003338
0.003334
0.003330
0.003326
0.003322
0.003318
0.003314
0.003310
0.003307
0.003303
0.003299
0.003295
0.003291
0.003287
0.003284
0.003280
0.003276
0.003272
0.003268
0.003265
0.003261
0.003257
0.003253
0.003249
0.003246
0.003242
0.003238
0.003234
0.003231
0.003227
0.003223
0.003219
0.003216
0.003212
0.003208
0.003204
0.003201
0.003197
0.003193
0.003189
0.003186
0.003182
0.003178
0.003175
0.003171
0.003167
0.003164
0.003160
0.003156
0.003153
0.003149
0.003145
0.003142
0.003138
0.003134
0.003131
0.003127
0.003123
0.003120
0.003116
0.003113
0.003109
0.003105
0.003102
0.003098
0.003094
0.003091
0.003087
0.003084
0.003080
0.003077
0.003073
0.003069
0.003066
0.003062
0.003059
0.003055
0.003052
0.003048
0.003045
0.003041
0.003037
0.003034
0.003030
0.003027
0.003023
0.003020
0.003016
0.003013
0.003009
0.003006
0.003002
0.002999
0.002995
0.002992
0.002988
0.002985
0.002982
0.002978
0.002975
0.002971
0.002968
0.002964
0.002961
0.002957
0.002954
0.002951
0.002947
0.002944
0.002940
0.002937
0.002933
0.002930
0.002927
0.002923
0.002920
0.002916
0.002913
0.002910
0.002906
0.002903
0.002900
0.002896
0.002893
0.002890
0.002886
0.002883
0.002879
0.002876
0.002873
0.002869
0.002866
0.002863
0.002860
0.002856
0.002853
0.002850
0.002846
0.002843
0.002840
0.002836
0.002833
0.002830
0.002827
0.002823
0.002820
0.002817
0.002813
0.002810
0.002807
0.002804
0.002800
0.002797
0.002794
0.002791
0.002787
0.002784
0.002781
0.002778
0.002775
0.002771
0.002768
0.002765
0.002762
0.002759
0.002755
0.002752
0.002749
0.002746
0.002743
0.002739
0.002736
0.002733
0.002730
0.002727
0.002724
0.002720
0.002717
0.002714
0.002711
0.002708
0.002705
0.002702
0.002698
0.002695
0.002692
0.002689
0.002686
0.002683
0.002680
0.002677
0.002674
0.002670
0.002667
0.002664
0.002661
0.002658
0.002655
0.002652
0.002649
0.002646
0.002643
0.002640
0.002637
0.002634
0.002631
0.002627
0.002624
0.002621
0.002618
0.002615
0.002612
0.002609
0.002606
0.002603
0.002600
0.002597
0.002594
0.002591
0.002588
0.002585
0.002582
0.002579
0.002576
0.002573
0.002570
0.002567
0.002564
0.002561
0.002558
0.002555
0.002552
0.002550
0.002547
0.002544
0.002541
0.002538
0.002535
0.002532
0.002529
0.002526
0.002523
0.002520
0.002517
0.002514
0.002511
0.002509
0.002506
0.002503
0.002500
0.002497
0.002494
0.002491
0.002488
0.002485
0.002483
0.002480
0.002477
0.002474
0.002471
0.002468
0.002465
0.002463
0.002460
0.002457
0.002454
0.002451
0.002448
0.002446
0.002443
0.002440
0.002437
0.002434
0.002431
0.002429
0.002426
0.002423
0.002420
0.002417
0.002415
0.002412
0.002409
0.002406
0.002403
0.002401
0.002398
0.002395
0.002392
0.002390
0.002387
0.002384
0.002381
0.002379
0.002376
0.002373
0.002370
0.002368
0.002365
0.002362
0.002359
0.002357
0.002354
0.002351
0.002349
0.002346
0.002343
0.002340
0.002338
0.002335
0.002332
0.002330
0.002327
0.002324
0.002322
0.002319
0.002316
0.002314
0.002311
0.002308
0.002306
0.002303
0.002300
0.002298
0.002295
0.002292
0.002290
0.002287
0.002284
0.002282
0.002279
0.002276
0.002274
0.002271
0.002269
0.002266
0.002263
0.002261
0.002258
0.002255
0.002253
0.002250
0.002248
0.002245
0.002243
0.002240
0.002237
0.002235
0.002232
0.002230
0.002227
0.002224
0.002222
0.002219
0.002217
0.002214
0.002212
0.002209
0.002207
0.002204
0.002201
0.002199
0.002196
0.002194
0.002191
0.002189
0.002186
0.002184
0.002181
0.002179
0.002176
0.002174
0.002171
0.002169
0.002166
0.002164
0.002161
0.002159
0.002156
0.002154
0.002151
0.002149
0.002146
0.002144
0.002141
0.002139
0.002136
0.002134
0.002131
0.002129
0.002127
0.002124
0.002122
0.002119
0.002117
0.002114
0.002112
0.002109
0.002107
0.002105
0.002102
0.002100
0.002097
0.002095
0.002093
0.002090
0.002088
0.002085
0.002083
0.002081
0.002078
0.002076
0.002073
0.002071
0.002069
0.002066
0.002064
0.002061
0.002059
0.002057
0.002054
0.002052
0.002050
0.002047
0.002045
0.002042
0.002040
0.002038
0.002035
0.002033
0.002031
0.002028
0.002026
0.002024
0.002021
0.002019
0.002017
0.002014
0.002012
0.002010
0.002007
0.002005
0.002003
0.002001
0.001998
0.001996
0.001994
0.001991
0.001989
0.001987
0.001985
0.001982
0.001980
0.001978
0.001975
0.001973
0.001971
0.001969
0.001966
0.001964
0.001962
0.001960
0.001957
0.001955
0.001953
0.001951
0.001948
0.001946
0.001944
0.001942
0.001939
0.001937
0.001935
0.001933
0.001930
0.001928
0.001926
0.001924
0.001922
0.001919
0.001917
0.001915
0.001913
0.001911
0.001908
0.001906
0.001904
0.001902
0.001900
0.001897
0.001895
0.001893
0.001891
0.001889
0.001887
0.001884
0.001882
0.001880
0.001878
0.001876
0.001874
0.001871
0.001869
0.001867
0.001865
0.001863
0.001861
0.001859
0.001856
0.001854
0.001852
0.001850
0.001848
0.001846
0.001844
0.001841
0.001839
0.001837
0.001835
0.001833
0.001831
0.001829
0.001827
0.001825
0.001823
0.001820
0.001818
0.001816
0.001814
0.001812
0.001810
0.001808
0.001806
0.001804
0.001802
0.001800
0.001798
0.001795
0.001793
0.001791
0.001789
0.001787
0.001785
0.001783
0.001781
0.001779
0.001777
0.001775
0.001773
0.001771
0.001769
0.001767
0.001765
0.001763
0.001761
0.001759
0.001757
0.001755
0.001753
0.001751
0.001749
0.001747
0.001745
0.001743
0.001741
0.001739
0.001737
0.001735
0.001733
0.001731
0.001729
0.001727
0.001725
0.001723
0.001721
0.001719
0.001717
0.001715
0.001713
0.001711
0.001709
0.001707
0.001705
0.001703
0.001701
0.001699
0.001697
0.001695
0.001693
0.001691
0.001689
0.001688
0.001686
0.001684
0.001682
0.001680
0.001678
0.001676
0.001674
0.001672
0.001670
0.001668
0.001666
0.001664
0.001663
0.001661
0.001659
0.001657
0.001655
0.001653
0.001651
0.001649
0.001647
0.001645
0.001644
0.001642
0.001640
0.001638
0.001636
0.001634
0.001632
0.001630
0.001629
0.001627
0.001625
0.001623
0.001621
0.001619
0.001617
0.001616
0.001614
0.001612
0.001610
0.001608
0.001606
0.001604
0.001603
0.001601
0.001599
0.001597
0.001595
0.001593
0.001592
0.001590
0.001588
0.001586
0.001584
0.001583
0.001581
0.001579
0.001577
0.001575
0.001573
0.001572
0.001570
0.001568
0.001566
0.001564
0.001563
0.001561
0.001559
0.001557
0.001556
0.001554
0.001552
0.001550
0.001548
0.001547
0.001545
0.001543
0.001541
0.001540
0.001538
0.001536
0.001534
0.001533
0.001531
0.001529
0.001527
0.001526
0.001524
0.001522
0.001520
0.001519
0.001517
0.001515
0.001513
0.001512
0.001510
0.001508
0.001506
0.001505
0.001503
0.001501
0.001500
0.001498
0.001496
0.001494
0.001493
0.001491
0.001489
0.001488
0.001486
0.001484
0.001482
0.001481
0.001479
0.001477
0.001476
0.001474
0.001472
0.001471
0.001469
0.001467
0.001466
0.001464
0.001462
0.001461
0.001459
0.001457
0.001456
0.001454
0.001452
0.001451
0.001449
0.001447
0.001446
0.001444
0.001442
0.001441
0.001439
0.001437
0.001436
0.001434
0.001432
0.001431
0.001429
0.001428
0.001426
0.001424
0.001423
0.001421
0.001419
0.001418
0.001416
0.001415
0.001413
0.001411
0.001410
0.001408
0.001406
0.001405
0.001403
0.001402
0.001400
0.001398
0.001397
0.001395
0.001394
0.001392
0.001390
0.001389
0.001387
0.001386
0.001384
0.001383
0.001381
0.001379
0.001378
0.001376
0.001375
0.001373
0.001371
0.001370
0.001368
0.001367
0.001365
0.001364
0.001362
0.001361
0.001359
0.001357
0.001356
0.001354
0.001353
0.001351
0.001350
0.001348
0.001347
0.001345
0.001344
0.001342
0.001340
0.001339
0.001337
0.001336
0.001334
0.001333
0.001331
0.001330
0.001328
0.001327
0.001325
0.001324
0.001322
0.001321
0.001319
0.001318
0.001316
0.001315
0.001313
0.001312
0.001310
0.001309
0.001307
0.001306
0.001304
0.001303
0.001301
0.001300
0.001298
0.001297
0.001295
0.001294
0.001292
0.001291
0.001289
0.001288
0.001286
0.001285
0.001284
0.001282
0.001281
0.001279
0.001278
0.001276
0.001275
0.001273
0.001272
0.001270
0.001269
0.001268
0.001266
0.001265
0.001263
0.001262
0.001260
0.001259
0.001257
0.001256
0.001255
0.001253
0.001252
0.001250
0.001249
0.001247
0.001246
0.001245
0.001243
0.001242
0.001240
0.001239
0.001237
0.001236
0.001235
0.001233
0.001232
0.001230
0.001229
0.001228
0.001226
0.001225
0.001223
0.001222
0.001221
0.001219
0.001218
0.001217
0.001215
0.001214
0.001212
0.001211
0.001210
0.001208
0.001207
0.001205
0.001204
0.001203
0.001201
0.001200
0.001199
0.001197
0.001196
0.001195
0.001193
0.001192
0.001190
0.001189
0.001188
0.001186
0.001185
0.001184
0.001182
0.001181
0.001180
0.001178
0.001177
0.001176
0.001174
0.001173
0.001172
0.001170
0.001169
0.001168
0.001166
0.001165
0.001164
0.001162
0.001161
0.001160
0.001158
0.001157
0.001156
0.001154
0.001153
0.001152
0.001150
0.001149
0.001148
0.001146
0.001145
0.001144
0.001143
0.001141
0.001140
0.001139
0.001137
0.001136
0.001135
0.001133
0.001132
0.001131
0.001130
0.001128
0.001127
0.001126
0.001124
0.001123
0.001122
0.001121
0.001119
0.001118
0.001117
0.001116
0.001114
0.001113
0.001112
0.001110
0.001109
0.001108
0.001107
0.001105
0.001104
0.001103
0.001102
0.001100
0.001099
0.001098
0.001097
0.001095
0.001094
0.001093
0.001092
0.001090
0.001089
0.001088
0.001087
0.001085
0.001084
0.001083
0.001082
0.001081
0.001079
0.001078
0.001077
0.001076
0.001074
0.001073
0.001072
0.001071
0.001070
0.001068
0.001067
0.001066
0.001065
0.001063
0.001062
0.001061
0.001060
0.001059
0.001057
0.001056
0.001055
0.001054
0.001053
0.001051
0.001050
0.001049
0.001048
0.001047
0.001045
0.001044
0.001043
0.001042
0.001041
0.001040
0.001038
0.001037
0.001036
0.001035
0.001034
0.001032
0.001031
0.001030
0.001029
0.001028
0.001027
0.001025
0.001024
0.001023
0.001022
0.001021
0.001020
0.001018
0.001017
0.001016
0.001015
0.001014
0.001013
0.001012
0.001010
0.001009
0.001008
0.001007
0.001006
0.001005
0.001004
0.001002
0.001001
0.001000
0.000999
0.000998
0.000997
0.000996
0.000994
0.000993
0.000992
0.000991
0.000990
0.000989
0.000988
0.000987
0.000985
0.000984
0.000983
0.000982
0.000981
0.000980
0.000979
0.000978
0.000977
0.000975
0.000974
0.000973
0.000972
0.000971
0.000970
0.000969
0.000968
0.000967
0.000965
0.000964
0.000963
0.000962
0.000961
0.000960
0.000959
0.000958
0.000957
0.000956
0.000955
0.000953
0.000952
0.000951
0.000950
0.000949
0.000948
0.000947
0.000946
0.000945
0.000944
0.000943
0.000942
0.000941
0.000940
0.000938
0.000937
0.000936
0.000935
0.000934
0.000933
0.000932
0.000931
0.000930
0.000929
0.000928
0.000927
0.000926
0.000925
0.000924
0.000923
0.000922
0.000921
0.000919
0.000918
0.000917
0.000916
0.000915
0.000914
0.000913
0.000912
0.000911
0.000910
0.000909
0.000908
0.000907
0.000906
0.000905
0.000904
0.000903
0.000902
0.000901
0.000900
0.000899
0.000898
0.000897
0.000896
0.000895
0.000894
0.000893
0.000892
0.000891
0.000890
0.000889
0.000888
0.000887
0.000886
0.000885
0.000884
0.000883
0.000882
0.000881
0.000880
0.000879
0.000878
0.000877
0.000876
0.000875
0.000874
0.000873
0.000872
0.000871
0.000870
0.000869
0.000868
0.000867
0.000866
0.000865
0.000864
0.000863
0.000862
0.000861
0.000860
0.000859
0.000858
0.000857
0.000856
0.000855
0.000854
0.000853
0.000852
0.000851
0.000850
0.000849
0.000848
0.000847
0.000846
0.000845
0.000844
0.000844
0.000843
0.000842
0.000841
0.000840
0.000839
0.000838
0.000837
0.000836
0.000835
0.000834
0.000833
0.000832
0.000831
0.000830
0.000829
0.000828
0.000827
0.000827
0.000826
0.000825
0.000824
0.000823
0.000822
0.000821
0.000820
0.000819
0.000818
0.000817
0.000816
0.000815
0.000814
0.000813
0.000813
0.000812
0.000811
0.000810
0.000809
0.000808
0.000807
0.000806
0.000805
0.000804
0.000803
0.000803
0.000802
0.000801
0.000800
0.000799
0.000798
0.000797
0.000796
0.000795
0.000794
0.000793
0.000793
0.000792
0.000791
0.000790
0.000789
0.000788
0.000787
0.000786
0.000785
0.000785
0.000784
0.000783
0.000782
0.000781
0.000780
0.000779
0.000778
0.000777
0.000777
0.000776
0.000775
0.000774
0.000773
0.000772
0.000771
0.000770
0.000770
0.000769
0.000768
0.000767
0.000766
0.000765
0.000764
0.000764
0.000763
0.000762
0.000761
0.000760
0.000759
0.000758
0.000757
0.000757
0.000756
0.000755
0.000754
0.000753
0.000752
0.000752
0.000751
0.000750
0.000749
0.000748
0.000747
0.000746
0.000746
0.000745
0.000744
0.000743
0.000742
0.000741
0.000741
0.000740
0.000739
0.000738
0.000737
0.000736
0.000736
0.000735
0.000734
0.000733
0.000732
0.000731
0.000731
0.000730
0.000729
0.000728
0.000727
0.000726
0.000726
0.000725
0.000724
0.000723
0.000722
0.000722
0.000721
0.000720
0.000719
0.000718
0.000717
0.000717
0.000716
0.000715
0.000714
0.000713
0.000713
0.000712
0.000711
0.000710
0.000709
0.000709
0.000708
0.000707
0.000706
0.000705
0.000705
0.000704
0.000703
0.000702
0.000701
0.000701
0.000700
0.000699
0.000698
0.000697
0.000697
0.000696
0.000695
0.000694
0.000694
0.000693
0.000692
0.000691
0.000690
0.000690
0.000689
0.000688
0.000687
0.000687
0.000686
0.000685
0.000684
0.000683
0.000683
0.000682
0.000681
0.000680
0.000680
0.000679
0.000678
0.000677
0.000677
0.000676
0.000675
0.000674
0.000673
0.000673
0.000672
0.000671
0.000670
0.000670
0.000669
0.000668
0.000667
0.000667
0.000666
0.000665
0.000664
0.000664
0.000663
0.000662
0.000661
0.000661
0.000660
0.000659
0.000658
0.000658
0.000657
0.000656
0.000655
0.000655
0.000654
0.000653
0.000653
0.000652
0.000651
0.000650
0.000650
0.000649
0.000648
0.000647
0.000647
0.000646
0.000645
0.000644
0.000644
0.000643
0.000642
0.000642
0.000641
0.000640
0.000639
0.000639
0.000638
0.000637
0.000637
0.000636
0.000635
0.000634
0.000634
0.000633
0.000632
0.000632
0.000631
0.000630
0.000629
0.000629
0.000628
0.000627
0.000627
0.000626
0.000625
0.000624
0.000624
0.000623
0.000622
0.000622
0.000621
0.000620
0.000620
0.000619
0.000618
0.000617
0.000617
0.000616
0.000615
0.000615
0.000614
0.000613
0.000613
0.000612
0.000611
0.000611
0.000610
0.000609
0.000608
0.000608
0.000607
0.000606
0.000606
0.000605
0.000604
0.000604
0.000603
0.000602
0.000602
0.000601
0.000600
0.000600
0.000599
0.000598
0.000598
0.000597
0.000596
0.000596
0.000595
0.000594
0.000594
0.000593
0.000592
0.000592
0.000591
0.000590
0.000590
0.000589
0.000588
0.000588
0.000587
0.000586
0.000586
0.000585
0.000584
0.000584
0.000583
0.000582
0.000582
0.000581
0.000580
0.000580
0.000579
0.000578
0.000578
0.000577
0.000576
0.000576
0.000575
0.000574
0.000574
