38673716724466.523438
64694221.315216
4523041.683772
4493301.083730
4463300.411742
4433501.095861
4403902.459339
4374503.140125
4345301.784639
4316297.048562
4287487.596785
4258872.103334
4230449.251317
4202217.732854
4174176.249020
4146323.509778
4118658.233922
4091179.149016
4063884.991331
4036774.505784
4009846.445884
3983099.573666
3956532.659639
3930144.482719
3903933.830181
3877899.497593
3852040.288763
3826355.015681
3800842.498464
3775501.565298
3750331.052383
3725329.803878
3700496.671846
3675830.516201
3651330.204651
3626994.612647
3602822.623326
3578813.127463
3554965.023415
3531277.217070
3507748.621793
3484378.158378
3461164.754994
3438107.347137
3415204.877574
3392456.296300
3369860.560483
3347416.634418
3325123.489474
3302980.104050
3280985.463523
3259138.560200
3237438.393275
3215883.968773
3194474.299512
3173208.405051
3152085.311645
3131104.052196
3110263.666215
3089563.199767
3069001.705432
3048578.242258
3028291.875719
3008141.677666
2988126.726287
2968246.106062
2948498.907721
2928884.228199
2909401.170593
2890048.844124
2870826.364089
2851732.851823
2832767.434657
2813929.245875
2795217.424675
2776631.116127
2758169.471133
2739831.646388
2721616.804339
2703524.113144
2685552.746638
2667701.884286
2649970.711153
2632358.417856
2614864.200537
2597487.260814
2580226.805751
2563082.047818
2546052.204852
2529136.500024
2512334.161799
2495644.423901
2479066.525276
2462599.710060
2446243.227536
2429996.332106
2413858.283251
2397828.345499
2381905.788387
2366089.886432
2350379.919090
2334775.170728
2319274.930587
2303878.492750
2288585.156106
2273394.224323
2258305.005808
2243316.813679
2228428.965731
2213640.784405
2198951.596756
2184360.734418
2169867.533579
2155471.334944
2141171.483706
2126967.329516
2112858.226452
2098843.532987
2084922.611960
2071094.830550
2057359.560237
2043716.176781
2030164.060190
2016702.594689
2003331.168693
1990049.174778
1976856.009651
1963751.074124
1950733.773086
1937803.515471
1924959.714235
1912201.786325
1899529.152655
1886941.238075
1874437.471348
1862017.285119
1849680.115891
1837425.403999
1825252.593582
1813161.132557
1801150.472596
1789220.069096
1777369.381156
1765597.871552
1753905.006711
1742290.256684
1730753.095125
1719292.999264
1707909.449883
1696601.931291
1685369.931303
1674212.941209
1663130.455759
1652121.973132
1641186.994917
1630325.026088
1619535.574979
1608818.153267
1598172.275941
1587597.461286
1577093.230856
1566659.109455
1556294.625111
1545999.309059
1535772.695715
1525614.322654
1515523.730591
1505500.463358
1495544.067885
1485654.094172
1475830.095278
1466071.627292
1456378.249315
1446749.523440
1437185.014731
1427684.291204
1418246.923803
1408872.486385
1399560.555695
1390310.711351
1381122.535821
1371995.614405
1362929.535215
1353923.889157
1344978.269911
1336092.273909
1327265.500324
1318497.551043
1309788.030653
1301136.546421
1292542.708277
1284006.128794
1275526.423173
1267103.209219
1258736.107331
1250424.740478
1242168.734185
1233967.716514
1225821.318047
1217729.171869
1209690.913550
1201706.181130
1193774.615101
1185895.858388
1178069.556337
1170295.356694
1162572.909592
1154901.867533
1147281.885372
1139712.620301
1132193.731833
1124724.881786
1117305.734269
1109935.955663
1102615.214608
1095343.181988
1088119.530913
1080943.936707
1073816.076890
1066735.631165
1059702.281403
1052715.711626
1045775.607996
1038881.658798
1032033.554424
1025230.987363
1018473.652182
1011761.245517
1005093.466053
998470.014515
991890.593650
985354.908217
978862.664972
972413.572652
966007.341964
959643.685573
953322.318084
947042.956033
940805.317872
934609.123955
928454.096528
922339.959713
916266.439498
910233.263721
904240.162061
898286.866022
892373.108924
886498.625888
880663.153825
874866.431422
869108.199133
863388.199165
857706.175465
852061.873711
846455.041299
840885.427329
835352.782598
829856.859583
824397.412435
818974.196963
813586.970627
808235.492521
802919.523369
797638.825508
792393.162880
787182.301020
782006.007047
776864.049650
771756.199079
766682.227135
761641.907160
756635.014024
751661.324115
746720.615332
741812.667071
736937.260216
732094.177131
727283.201645
722504.119048
717756.716076
713040.780903
708356.103135
703702.473792
699079.685306
694487.531509
689925.807620
685394.310243
680892.837348
676421.188272
671979.163701
667566.565665
663183.197531
658828.863987
654503.371040
650206.526005
645938.137492
641698.015404
637485.970923
633301.816504
629145.365863
625016.433975
620914.837059
616840.392571
612792.919197
608772.236847
604778.166640
600810.530901
596869.153152
592953.858103
589064.471643
585200.820836
581362.733907
577550.040239
573762.570365
570000.155955
566262.629815
562549.825875
558861.579183
555197.725898
551558.103279
547942.549682
544350.904551
540783.008409
537238.702851
533717.830541
530220.235197
526745.761593
523294.255542
519865.563899
516459.534545
513076.016386
509714.859343
506375.914348
503059.033333
499764.069226
496490.875946
493239.308392
490009.222437
486800.474926
483612.923665
480446.427415
477300.845887
474176.039734
471071.870547
467988.200844
464924.894070
461881.814586
458858.827665
455855.799484
452872.597120
449909.088542
446965.142606
444040.629050
441135.418485
438249.382392
435382.393116
432534.323857
429705.048669
426894.442448
424102.380934
421328.740699
418573.399143
415836.234490
413117.125782
410415.952872
407732.596419
405066.937884
402418.859522
399788.244380
397174.976288
394578.939857
392000.020471
389438.104282
386893.078210
384364.829928
381853.247866
379358.221201
376879.639854
374417.394484
371971.376483
369541.477972
367127.591795
364729.611512
362347.431402
359980.946448
357630.052339
355294.645464
352974.622904
350669.882432
348380.322506
346105.842263
343846.341518
341601.720755
339371.881128
337156.724450
334956.153194
332770.070486
330598.380099
328440.986454
326297.794611
324168.710264
322053.639740
319952.489994
317865.168604
315791.583767
313731.644292
311685.259602
309652.339726
307632.795294
305626.537535
303633.478271
301653.529917
299686.605472
297732.618519
295791.483216
293863.114300
291947.427075
290044.337414
288153.761752
286275.617082
284409.820956
282556.291472
280714.947281
278885.707576
277068.492091
275263.221095
273469.815393
271688.196318
269918.285730
268160.006010
266413.280060
264678.031296
262954.183646
261241.661549
259540.389945
257850.294279
256171.300494
254503.335026
252846.324805
251200.197248
249564.880258
247940.302217
246326.391990
244723.078915
243130.292800
241547.963926
239976.023037
238414.401341
236863.030505
235321.842651
233790.770357
232269.746650
230758.705004
229257.579338
227766.304010
226284.813820
224813.044001
223350.930217
221898.408566
220455.415568
219021.888169
217597.763736
216182.980052
214777.475319
213381.188147
211994.057558
210616.022982
209247.024251
207887.001599
206535.895660
205193.647462
203860.198427
202535.490370
201219.465491
199912.066377
198613.235998
197322.917703
196041.055222
194767.592655
193502.474481
192245.645543
190997.051057
189756.636601
188524.348116
187300.131905
186083.934628
184875.703300
183675.385289
182482.928316
181298.280448
180121.390098
178952.206025
177790.677327
176636.753443
175490.384146
174351.519548
173220.110089
172096.106542
170979.460007
169870.121908
168768.043996
167673.178340
166585.477331
165504.893673
164431.380390
163364.890815
162305.378593
161252.797677
160207.102328
159168.247110
158136.186890
157110.876835
156092.272410
155080.329379
154075.003796
153076.252011
152084.030663
151098.296680
150119.007276
149146.119950
148179.592484
147219.382939
146265.449658
145317.751258
144376.246635
143440.894953
142511.655653
141588.488442
140671.353296
139760.210458
138855.020435
137955.743995
137062.342169
136174.776245
135293.007770
134416.998546
133546.710628
132682.106324
131823.148193
130969.799041
130122.021924
129279.780140
128443.037234
127611.756991
126785.903437
125965.440839
125150.333697
124340.546752
123536.044975
122736.793572
121942.757979
121153.903862
120370.197114
119591.603856
118818.090433
118049.623414
117286.169589
116527.695969
115774.169784
115025.558482
114281.829725
113542.951393
112808.891575
112079.618576
111355.100908
110635.307295
109920.206664
109209.768153
108503.961102
107802.755055
107106.119757
106414.025156
105726.441398
105043.338826
104364.687981
103690.459600
103020.624611
102355.154139
101694.019496
101037.192188
100384.643908
99736.346536
99092.272141
98452.392974
97816.681472
97185.110254
96557.652120
95934.280052
95314.967209
94699.686928
94088.412724
93481.118286
92877.777479
92278.364340
91682.853078
91091.218072
90503.433873
89919.475198
89339.316934
88762.934132
88190.302009
87621.395947
87056.191489
86494.664342
85936.790373
85382.545609
84831.906234
84284.848592
83741.349183
83201.384661
82664.931836
82131.967672
81602.469283
81076.413937
80553.779051
80034.542192
79518.681075
79006.173562
78496.997663
77991.131532
77488.553468
76989.241913
76493.175452
76000.332812
75510.692861
75024.234605
74540.937191
74060.779901
73583.742157
73109.803515
72638.943668
72171.142440
71706.379793
71244.635817
70785.890736
70330.124904
69877.318806
69427.453053
68980.508387
68536.465677
68095.305916
67657.010225
67221.559850
66788.936158
66359.120641
65932.094914
65507.840712
65086.339891
64667.574428
64251.526416
63838.178070
63427.511719
63019.509811
62614.154910
62211.429692
61811.316952
61413.799594
61018.860639
60626.483216
60236.650569
59849.346049
59464.553121
59082.255355
58702.436433
58325.080141
57950.170376
57577.691137
57207.626532
56839.960772
56474.678172
56111.763153
55751.200235
55392.974042
55037.069300
54683.470835
54332.163572
53983.132537
53636.362854
53291.839746
52949.548532
52609.474628
52271.603546
51935.920895
51602.412378
51271.063791
50941.861025
50614.790064
50289.836983
49966.987951
49646.229225
49327.547156
49010.928182
48696.358832
48383.825723
48073.315561
47764.815139
47458.311336
47153.791119
46851.241540
46550.649736
46252.002929
45955.288427
45660.493617
45367.605974
45076.613052
44787.502489
44500.262002
44214.879392
43931.342538
43649.639399
43369.758013
43091.686499
42815.413052
42540.925945
42268.213527
41997.264226
41728.066546
41460.609064
41194.880434
40930.869385
40668.564720
40407.955313
40149.030116
39891.778149
39636.188507
39382.250356
39129.952932
38879.285544
38630.237570
38382.798457
38136.957722
37892.704952
37650.029802
37408.921994
37169.371318
36931.367631
36694.900857
36459.960986
36226.538074
35994.622242
35764.203676
35535.272626
35307.819408
35081.834398
34857.308038
34634.230833
34412.593348
34192.386213
33973.600116
33756.225809
33540.254104
33325.675873
33112.482048
32900.663619
32690.211638
32481.117215
32273.371516
32066.965768
31861.891253
31658.139312
31455.701343
31254.568798
31054.733188
30856.186079
30658.919090
30462.923898
30268.192233
30074.715880
29882.486676
29691.496515
29501.737340
29313.201151
29125.879997
28939.765981
28754.851257
28571.128032
28388.588561
28207.225153
28027.030165
27847.996005
27670.115133
27493.380053
27317.783324
27143.317550
26969.975385
26797.749531
26626.632737
26456.617799
26287.697563
26119.864920
25953.112807
25787.434208
25622.822153
25459.269717
25296.770022
25135.316233
24974.901561
24815.519260
24657.162631
24499.825017
24343.499804
24188.180421
24033.860343
23880.533085
23728.192205
23576.831303
23426.444021
23277.024044
23128.565097
22981.060945
22834.505395
22688.892296
22544.215535
22400.469039
22257.646776
22115.742753
21974.751016
21834.665650
21695.480778
21557.190564
21419.789206
21283.270944
21147.630054
21012.860847
20878.957676
20745.914928
20613.727026
20482.388431
20351.893640
20222.237186
20093.413637
19965.417597
19838.243705
19711.886636
19586.341098
19461.601835
19337.663626
19214.521282
19092.169648
18970.603606
18849.818067
18729.807978
18610.568319
18492.094100
18374.380368
18257.422199
18141.214702
18025.753018
17911.032319
17797.047811
17683.794729
17571.268340
17459.463940
17348.376859
17238.002456
17128.336118
17019.373266
16911.109348
16803.539843
16696.660260
16590.466135
16484.953037
16380.116559
16275.952327
16172.455993
16069.623238
15967.449772
15865.931332
15765.063684
15664.842619
15565.263959
15466.323550
15368.017268
15270.341013
15173.290713
15076.862324
14981.051826
14885.855227
14791.268559
14697.287883
14603.909281
14511.128866
14418.942772
14327.347161
14236.338218
14145.912154
14056.065203
13966.793627
13878.093710
13789.961759
13702.394107
13615.387111
13528.937150
13443.040629
13357.693974
13272.893637
13188.636089
13104.917828
13021.735373
12939.085266
12856.964071
12775.368375
12694.294787
12613.739937
12533.700480
12454.173090
12375.154462
12296.641315
12218.630389
12141.118443
12064.102259
11987.578640
11911.544409
11835.996410
11760.931506
11686.346584
11612.238548
11538.604323
11465.440855
11392.745109
11320.514069
11248.744740
11177.434146
11106.579330
11036.177355
10966.225301
10896.720271
10827.659382
10759.039773
10690.858601
10623.113041
10555.800287
10488.917549
10422.462059
10356.431064
10290.821829
10225.631638
10160.857793
10096.497612
10032.548431
9969.007604
9905.872501
9843.140509
9780.809034
9718.875497
9657.337336
9596.192006
9535.436978
9475.069740
9415.087797
9355.488668
9296.269890
9237.429015
9178.963612
9120.871265
9063.149572
9005.796151
8948.808631
8892.184658
8835.921895
8780.018017
8724.470716
8669.277699
8614.436688
8559.945418
8505.801640
8452.003121
8398.547640
8345.432992
8292.656985
8240.217443
8188.112201
8136.339113
8084.896042
8033.780867
7982.991481
7932.525790
7882.381714
7832.557187
7783.050154
7733.858577
7684.980428
7636.413693
7588.156373
7540.206479
7492.562036
7445.221084
7398.181671
7351.441863
7304.999734
7258.853374
7213.000882
7167.440372
7122.169969
7077.187811
7032.492047
6988.080838
6943.952358
6900.104793
6856.536338
6813.245203
6770.229607
6727.487783
6685.017974
6642.818433
6600.887428
6559.223235
6517.824141
6476.688448
6435.814464
6395.200511
6354.844921
6314.746036
6274.902211
6235.311810
6195.973207
6156.884788
6118.044948
6079.452094
6041.104642
6003.001018
5965.139660
5927.519015
5890.137539
5852.993699
5816.085972
5779.412846
5742.972816
5706.764388
5670.786079
5635.036414
5599.513928
5564.217166
5529.144680
5494.295035
5459.666803
5425.258566
5391.068914
5357.096447
5323.339775
5289.797515
5256.468295
5223.350750
5190.443524
5157.745272
5125.254655
5092.970343
5060.891016
5029.015362
4997.342078
4965.869867
4934.597442
4903.523526
4872.646847
4841.966144
4811.480163
4781.187656
4751.087387
4721.178126
4691.458650
4661.927746
4632.584206
4603.426834
4574.454437
4545.665832
4517.059845
4488.635307
4460.391058
4432.325945
4404.438823
4376.728553
4349.194005
4321.834056
4294.647589
4267.633495
4240.790672
4214.118026
4187.614469
4161.278920
4135.110305
4109.107559
4083.269620
4057.595436
4032.083960
4006.734153
3981.544983
3956.515421
3931.644451
3906.931057
3882.374234
3857.972981
3833.726306
3809.633220
3785.692743
3761.903901
3738.265725
3714.777253
3691.437530
3668.245606
3645.200536
3622.301385
3599.547219
3576.937115
3554.470152
3532.145416
3509.962001
3487.919004
3466.015530
3444.250687
3422.623591
3401.133365
3379.779133
3358.560029
3337.475191
3316.523762
3295.704891
3275.017734
3254.461449
3234.035202
3213.738164
3193.569511
3173.528424
3153.614090
3133.825700
3114.162453
3094.623549
3075.208197
3055.915608
3036.745001
3017.695597
2998.766625
2979.957316
2961.266908
2942.694644
2924.239770
2905.901539
2887.679208
2869.572038
2851.579294
2833.700250
2815.934179
2798.280363
2780.738087
2763.306640
2745.985316
2728.773414
2711.670238
2694.675094
2677.787295
2661.006158
2644.331003
2627.761156
2611.295946
2594.934707
2578.676778
2562.521501
2546.468222
2530.516293
2514.665068
2498.913906
2483.262172
2467.709231
2452.254456
2436.897222
2421.636908
2406.472899
2391.404580
2376.431344
2361.552586
2346.767704
2332.076103
2317.477188
2302.970370
2288.555063
2274.230687
2259.996661
2245.852413
2231.797371
2217.830968
2203.952640
2190.161829
2176.457977
2162.840531
2149.308944
2135.862668
2122.501162
2109.223887
2096.030308
2082.919894
2069.892115
2056.946446
2044.082367
2031.299358
2018.596905
2005.974497
1993.431624
1980.967781
1968.582467
1956.275183
1944.045433
1931.892725
1919.816570
1907.816482
1895.891978
1884.042578
1872.267804
1860.567185
1848.940248
1837.386526
1825.905554
1814.496871
1803.160018
1791.894539
1780.699982
1769.575895
1758.521832
1747.537349
1736.622004
1725.775359
1714.996978
1704.286428
1693.643278
1683.067101
1672.557472
1662.113970
1651.736174
1641.423669
1631.176040
1620.992876
1610.873768
1600.818310
1590.826098
1580.896732
1571.029813
1561.224945
1551.481735
1541.799793
1532.178729
1522.618159
1513.117698
1503.676966
1494.295584
1484.973177
1475.709370
1466.503793
1457.356076
1448.265854
1439.232761
1430.256436
1421.336519
1412.472653
1403.664484
1394.911658
1386.213824
1377.570636
1368.981746
1360.446811
1351.965490
1343.537442
1335.162331
1326.839821
1318.569580
1310.351277
1302.184583
1294.069171
1286.004717
1277.990898
1270.027394
1262.113887
1254.250060
1246.435599
1238.670192
1230.953527
1223.285298
1215.665197
1208.092920
1200.568165
1193.090630
1185.660018
1178.276032
1170.938377
1163.646759
1156.400888
1149.200475
1142.045231
1134.934872
1127.869114
1120.847675
1113.870274
1106.936634
1100.046477
1093.199529
1086.395517
1079.634170
1072.915217
1066.238391
1059.603427
1053.010058
1046.458023
1039.947060
1033.476911
1027.047316
1020.658020
1014.308769
1007.999309
1001.729389
995.498760
989.307173
983.154382
977.040142
970.964209
964.926342
958.926299
952.963844
947.038737
941.150744
935.299630
929.485162
923.707109
917.965242
912.259331
906.589151
900.954475
895.355079
889.790741
884.261240
878.766356
873.305870
867.879566
862.487227
857.128640
851.803592
846.511872
841.253268
836.027573
830.834578
825.674077
820.545867
815.449742
810.385501
805.352942
800.351867
795.382076
790.443372
785.535560
780.658444
775.811831
770.995529
766.209348
761.453096
756.726586
752.029630
747.362042
742.723636
738.114230
733.533640
728.981684
724.458184
719.962958
715.495829
711.056621
706.645157
702.261262
697.904764
693.575489
689.273266
684.997924
680.749295
676.527211
672.331504
668.162007
664.018557
659.900989
655.809141
651.742850
647.701955
643.686297
639.695718
635.730058
631.789162
627.872873
623.981037
620.113500
616.270109
612.450712
608.655158
604.883298
601.134982
597.410061
593.708390
590.029822
586.374211
582.741413
579.131285
575.543684
571.978469
568.435499
564.914633
561.415733
557.938662
554.483281
551.049454
547.637047
544.245923
540.875950
537.526995
534.198926
530.891610
527.604919
524.338722
521.092891
517.867297
514.661814
511.476315
508.310675
505.164768
502.038472
498.931662
495.844217
492.776015
489.726935
486.696857
483.685661
480.693230
477.719444
474.764189
471.827346
468.908800
466.008437
463.126142
460.261802
457.415304
454.586537
451.775388
448.981749
446.205507
443.446556
440.704785
437.980087
435.272355
432.581483
429.907365
427.249896
424.608971
421.984487
419.376340
416.784428
414.208649
411.648902
409.105087
406.577104
404.064852
401.568235
399.087153
396.621510
394.171208
391.736151
389.316244
386.911393
384.521501
382.146477
379.786225
377.440655
375.109674
372.793191
370.491114
368.203354
365.929820
363.670424
361.425078
359.193692
356.976180
354.772455
352.582430
350.406020
348.243139
346.093703
343.957627
341.834828
339.725222
337.628728
335.545263
333.474745
331.417093
329.372227
327.340067
325.320533
323.313546
321.319028
319.336900
317.367086
315.409507
313.464088
311.530753
309.609425
307.700030
305.802493
303.916740
302.042697
300.180290
298.329448
296.490098
294.662167
292.845585
291.040280
289.246183
287.463222
285.691328
283.930432
282.180466
280.441361
278.713048
276.995462
275.288533
273.592197
271.906386
270.231035
268.566079
266.911453
265.267091
263.632930
262.008906
260.394957
258.791017
257.197027
255.612922
254.038642
252.474125
250.919309
249.374136
247.838543
246.312472
244.795863
243.288656
241.790794
240.302217
238.822868
237.352689
235.891623
234.439613
232.996603
231.562536
230.137356
228.721008
227.313437
225.914588
224.524407
223.142839
221.769831
220.405329
219.049280
217.701632
216.362333
215.031329
213.708569
212.394002
211.087577
209.789243
208.498949
207.216646
205.942283
204.675811
203.417181
202.166344
200.923251
199.687853
198.460104
197.239955
196.027359
194.822269
193.624637
192.434418
191.251566
190.076034
188.907776
187.746748
186.592905
185.446201
184.306592
183.174033
182.048482
180.929894
179.818226
178.713435
177.615478
176.524312
175.439895
174.362185
173.291140
172.226719
171.168880
170.117583
169.072787
168.034451
167.002534
165.976998
164.957802
163.944907
162.938274
161.937863
160.943636
159.955555
158.973580
157.997675
157.027801
156.063921
155.105997
154.153993
153.207871
152.267595
151.333129
150.404436
149.481481
148.564228
147.652641
146.746685
145.846325
144.951526
144.062254
143.178475
142.300153
141.427256
140.559749
139.697599
138.840773
137.989237
137.142959
136.301905
135.466044
134.635344
133.809771
132.989295
132.173883
131.363504
130.558127
129.757720
128.962253
128.171696
127.386017
126.605186
125.829173
125.057949
124.291482
123.529745
122.772707
122.020340
121.272614
120.529500
119.790970
119.056995
118.327548
117.602599
116.882121
116.166086
115.454467
114.747237
114.044367
113.345831
112.651602
111.961653
111.275958
110.594490
109.917223
109.244131
108.575188
107.910368
107.249646
106.592996
105.940393
105.291812
104.647227
104.006615
103.369950
102.737208
102.108365
101.483396
100.862278
100.244986
99.631497
99.021787
98.415832
97.813610
97.215098
96.620271
96.029108
95.441586
94.857682
94.277373
93.700638
93.127454
92.557800
91.991653
91.428991
90.869793
90.314038
89.761704
89.212770
88.667215
88.125017
87.586157
87.050614
86.518366
85.989394
85.463677
84.941195
84.421928
83.905856
83.392959
82.883218
82.376613
81.873124
81.372733
80.875420
80.381166
79.889952
79.401760
78.916570
78.434364
77.955124
77.478830
77.005466
76.535012
76.067452
75.602766
75.140937
74.681947
74.225779
73.772416
73.321839
72.874033
72.428978
71.986660
71.547060
71.110161
70.675948
70.244403
69.815510
69.389253
68.965615
68.544580
68.126132
67.710255
67.296933
66.886150
66.477890
66.072139
65.668880
65.268097
64.869777
64.473903
64.080460
63.689434
63.300809
62.914570
62.530703
62.149193
61.770026
61.393187
61.018661
60.646435
60.276494
59.908824
59.543411
59.180240
58.819299
58.460574
58.104050
57.749714
57.397553
57.047553
56.699701
56.353983
56.010386
55.668898
55.329505
54.992194
54.656953
54.323768
53.992628
53.663518
53.336427
53.011343
52.688252
52.367144
52.048004
51.730822
51.415584
51.102280
50.790897
50.481424
50.173847
49.868157
49.564341
49.262388
48.962285
48.664022
48.367588
48.072971
47.780159
47.489143
47.199910
46.912449
46.626750
46.342802
46.060594
45.780116
45.501356
45.224304
44.948949
44.675282
44.403291
44.132966
43.864298
43.597275
43.331888
43.068126
42.805980
42.545440
42.286495
42.029136
41.773353
41.519136
41.266476
41.015364
40.765788
40.517741
40.271213
40.026194
39.782674
39.540646
39.300099
39.061025
38.823414
38.587257
38.352546
38.119271
37.887424
37.656996
37.427978
37.200361
36.974137
36.749297
36.525833
36.303736
36.082998
35.863611
35.645565
35.428854
35.213468
34.999399
34.786640
34.575182
34.365018
34.156139
33.948537
33.742205
33.537134
33.333318
33.130748
32.929416
32.729315
32.530438
32.332777
32.136324
31.941072
31.747013
31.554141
31.362447
31.171926
30.982569
30.794369
30.607319
30.421412
30.236641
30.053000
29.870481
29.689076
29.508781
29.329586
29.151487
28.974476
28.798546
28.623690
28.449903
28.277178
28.105507
27.934885
27.765305
27.596761
27.429246
27.262754
27.097279
26.932814
26.769353
26.606891
26.445420
26.284935
26.125431
25.966899
25.809336
25.652734
25.497089
25.342393
25.188642
25.035829
24.883949
24.732996
24.582964
24.433847
24.285640
24.138338
23.991935
23.846425
23.701803
23.558063
23.415200
23.273208
23.132083
22.991819
22.852410
22.713852
22.576139
22.439265
22.303227
22.168018
22.033634
21.900069
21.767319
21.635378
21.504242
21.373905
21.244363
21.115611
20.987644
20.860456
20.734045
20.608403
20.483528
20.359414
20.236056
20.113451
19.991592
19.870476
19.750099
19.630454
19.511539
19.393349
19.275879
19.159124
19.043081
18.927745
18.813111
18.699176
18.585935
18.473384
18.361518
18.250334
18.139827
18.029993
17.920828
17.812328
17.704489
17.597306
17.490776
17.384895
17.279658
17.175063
17.071104
16.967778
16.865081
16.763009
16.661559
16.560726
16.460507
16.360899
16.261896
16.163496
16.065695
15.968489
15.871875
15.775848
15.680407
15.585545
15.491261
15.397551
15.304411
15.211838
15.119828
15.028377
14.937483
14.847142
14.757350
14.668105
14.579403
14.491240
14.403613
14.316519
14.229955
14.143917
14.058403
13.973408
13.888931
13.804967
13.721513
13.638567
13.556125
13.474185
13.392743
13.311795
13.231340
13.151374
13.071894
12.992897
12.914380
12.836341
12.758776
12.681682
12.605056
12.528897
12.453200
12.377963
12.303183
12.228858
12.154984
12.081559
12.008580
11.936045
11.863950
11.792293
11.721071
11.650282
11.579923
11.509991
11.440484
11.371399
11.302734
11.234486
11.166652
11.099230
11.032218
10.965612
10.899411
10.833611
10.768212
10.703209
10.638601
10.574385
10.510559
10.447120
10.384067
10.321396
10.259105
10.197193
10.135656
10.074493
10.013701
9.953278
9.893221
9.833529
9.774199
9.715230
9.656617
9.598361
9.540458
9.482906
9.425704
9.368848
9.312337
9.256169
9.200342
9.144853
9.089701
9.034883
8.980398
8.926244
8.872417
8.818917
8.765742
8.712889
8.660356
8.608142
8.556244
8.504661
8.453391
8.402432
8.351781
8.301438
8.251399
8.201664
8.152231
8.103097
8.054261
8.005720
7.957474
7.909521
7.861858
7.814483
7.767396
7.720594
7.674076
7.627840
7.581883
7.536205
7.490804
7.445678
7.400825
7.356244
7.311933
7.267890
7.224114
7.180603
7.137356
7.094371
7.051646
7.009179
6.966970
6.925016
6.883317
6.841870
6.800673
6.759727
6.719028
6.678575
6.638368
6.598404
6.558681
6.519200
6.479957
6.440951
6.402182
6.363648
6.325346
6.287277
6.249437
6.211827
6.174444
6.137288
6.100356
6.063648
6.027162
5.990897
5.954851
5.919023
5.883412
5.848016
5.812834
5.777866
5.743108
5.708561
5.674223
5.640093
5.606169
5.572450
5.538935
5.505622
5.472512
5.439601
5.406889
5.374375
5.342058
5.309936
5.278008
5.246274
5.214731
5.183378
5.152216
5.121241
5.090454
5.059853
5.029437
4.999205
4.969155
4.939287
4.909600
4.880092
4.850762
4.821610
4.792633
4.763832
4.735205
4.706750
4.678468
4.650356
4.622415
4.594642
4.567036
4.539598
4.512325
4.485217
4.458273
4.431491
4.404871
4.378412
4.352113
4.325973
4.299990
4.274164
4.248495
4.222980
4.197619
4.172411
4.147356
4.122452
4.097698
4.073093
4.048637
4.024329
4.000168
3.976152
3.952281
3.928554
3.904971
3.881530
3.858230
3.835071
3.812051
3.789171
3.766428
3.743823
3.721354
3.699021
3.676823
3.654758
3.632827
3.611027
3.589360
3.567823
3.546416
3.525138
3.503988
3.482966
3.462071
3.441301
3.420657
3.400138
3.379742
3.359469
3.339319
3.319289
3.299381
3.279593
3.259924
3.240373
3.220941
3.201626
3.182427
3.163343
3.144375
3.125521
3.106781
3.088154
3.069639
3.051235
3.032943
3.014761
2.996688
2.978724
2.960868
2.943120
2.925479
2.907945
2.890516
2.873191
2.855972
2.838856
2.821843
2.804932
2.788124
2.771417
2.754810
2.738303
2.721896
2.705588
2.689377
2.673265
2.657249
2.641330
2.625507
2.609779
2.594146
2.578607
2.563161
2.547808
2.532548
2.517380
2.502303
2.487317
2.472421
2.457615
2.442897
2.428269
2.413728
2.399275
2.384909
2.370629
2.356436
2.342328
2.328304
2.314365
2.300510
2.286738
2.273050
2.259443
2.245918
2.232475
2.219113
2.205831
2.192629
2.179506
2.166462
2.153497
2.140610
2.127800
2.115067
2.102411
2.089831
2.077326
2.064897
2.052543
2.040263
2.028056
2.015923
2.003863
1.991876
1.979960
1.968117
1.956344
1.944642
1.933011
1.921449
1.909957
1.898534
1.887180
1.875894
1.864676
1.853525
1.842441
1.831424
1.820473
1.809588
1.798769
1.788014
1.777324
1.766698
1.756136
1.745637
1.735202
1.724829
1.714519
1.704270
1.694083
1.683957
1.673893
1.663888
1.653944
1.644059
1.634234
1.624468
1.614760
1.605111
1.595519
1.585985
1.576509
1.567089
1.557726
1.548419
1.539169
1.529973
1.520833
1.511748
1.502717
1.493740
1.484818
1.475948
1.467133
1.458370
1.449659
1.441001
1.432395
1.423841
1.415337
1.406885
1.398484
1.390133
1.381832
1.373581
1.365380
1.357227
1.349124
1.341069
1.333063
1.325104
1.317193
1.309330
1.301514
1.293745
1.286022
1.278346
1.270716
1.263132
1.255593
1.248099
1.240650
1.233246
1.225886
1.218571
1.211299
1.204071
1.196886
1.189745
1.182646
1.175589
1.168575
1.161603
1.154673
1.147785
1.140937
1.134131
1.127366
1.120641
1.113956
1.107312
1.100707
1.094142
1.087616
1.081129
1.074682
1.068272
1.061902
1.055569
1.049275
1.043018
1.036798
1.030616
1.024471
1.018363
1.012291
1.006256
1.000256
0.994293
0.988366
0.982474
0.976617
0.970795
0.965009
0.959257
0.953539
0.947855
0.942206
0.936591
0.931009
0.925460
0.919945
0.914463
0.909013
0.903596
0.898212
0.892860
0.887540
0.882252
0.876995
0.871770
0.866576
0.861414
0.856282
0.851181
0.846110
0.841070
0.836060
0.831080
0.826129
0.821209
0.816318
0.811456
0.806623
0.801819
0.797044
0.792297
0.787579
0.782889
0.778227
0.773593
0.768987
0.764408
0.759857
0.755333
0.750836
0.746365
0.741922
0.737505
0.733115
0.728751
0.724413
0.720100
0.715814
0.711553
0.707318
0.703108
0.698924
0.694764
0.690629
0.686519
0.682433
0.678372
0.674336
0.670323
0.666334
0.662369
0.658428
0.654511
0.650616
0.646746
0.642898
0.639073
0.635271
0.631492
0.627735
0.624001
0.620289
0.616600
0.612932
0.609286
0.605663
0.602060
0.598480
0.594920
0.591382
0.587865
0.584369
0.580894
0.577440
0.574007
0.570593
0.567201
0.563828
0.560476
0.557144
0.553831
0.550539
0.547266
0.544012
0.540778
0.537564
0.534368
0.531192
0.528034
0.524896
0.521776
0.518675
0.515592
0.512528
0.509482
0.506454
0.503444
0.500453
0.497479
0.494523
0.491584
0.488663
0.485760
0.482874
0.480005
0.477153
0.474318
0.471500
0.468699
0.465915
0.463147
0.460396
0.457661
0.454942
0.452240
0.449554
0.446884
0.444230
0.441591
0.438969
0.436362
0.433770
0.431194
0.428634
0.426089
0.423558
0.421043
0.418543
0.416058
0.413588
0.411132
0.408691
0.406265
0.403853
0.401456
0.399072
0.396703
0.394348
0.392008
0.389681
0.387368
0.385069
0.382783
0.380511
0.378253
0.376008
0.373776
0.371558
0.369353
0.367161
0.364983
0.362817
0.360664
0.358524
0.356397
0.354282
0.352180
0.350091
0.348014
0.345949
0.343897
0.341856
0.339828
0.337813
0.335809
0.333817
0.331837
0.329868
0.327912
0.325967
0.324034
0.322112
0.320202
0.318303
0.316415
0.314539
0.312673
0.310819
0.308976
0.307144
0.305323
0.303513
0.301713
0.299924
0.298146
0.296379
0.294621
0.292875
0.291139
0.289413
0.287697
0.285992
0.284297
0.282611
0.280936
0.279271
0.277616
0.275971
0.274335
0.272709
0.271093
0.269487
0.267890
0.266302
0.264724
0.263155
0.261596
0.260046
0.258505
0.256974
0.255451
0.253938
0.252433
0.250938
0.249451
0.247974
0.246505
0.245044
0.243593
0.242150
0.240716
0.239290
0.237873
0.236464
0.235063
0.233671
0.232287
0.230911
0.229544
0.228185
0.226833
0.225490
0.224155
0.222828
0.221508
0.220197
0.218893
0.217597
0.216309
0.215028
0.213755
0.212490
0.211232
0.209981
0.208738
0.207503
0.206274
0.205053
0.203840
0.202633
0.201434
0.200242
0.199057
0.197879
0.196707
0.195543
0.194386
0.193236
0.192092
0.190956
0.189826
0.188703
0.187586
0.186476
0.185373
0.184276
0.183186
0.182102
0.181025
0.179954
0.178889
0.177831
0.176779
0.175733
0.174694
0.173661
0.172633
0.171612
0.170597
0.169588
0.168585
0.167588
0.166597
0.165612
0.164633
0.163659
0.162691
0.161729
0.160773
0.159822
0.158877
0.157938
0.157004
0.156076
0.155153
0.154236
0.153324
0.152418
0.151517
0.150621
0.149731
0.148845
0.147966
0.147091
0.146222
0.145357
0.144498
0.143644
0.142795
0.141951
0.141112
0.140278
0.139449
0.138625
0.137806
0.136992
0.136182
0.135378
0.134578
0.133783
0.132992
0.132206
0.131425
0.130649
0.129877
0.129110
0.128347
0.127589
0.126835
0.126086
0.125341
0.124601
0.123865
0.123133
0.122406
0.121683
0.120964
0.120250
0.119540
0.118834
0.118132
0.117434
0.116741
0.116052
0.115366
0.114685
0.114008
0.113335
0.112666
0.112000
0.111339
0.110682
0.110028
0.109379
0.108733
0.108091
0.107453
0.106819
0.106188
0.105561
0.104938
0.104319
0.103703
0.103091
0.102483
0.101878
0.101276
0.100679
0.100085
0.099494
0.098907
0.098323
0.097743
0.097166
0.096593
0.096023
0.095456
0.094893
0.094333
0.093777
0.093223
0.092673
0.092127
0.091583
0.091043
0.090506
0.089972
0.089441
0.088914
0.088389
0.087868
0.087350
0.086834
0.086322
0.085813
0.085307
0.084804
0.084304
0.083807
0.083312
0.082821
0.082333
0.081847
0.081365
0.080885
0.080408
0.079934
0.079462
0.078994
0.078528
0.078065
0.077605
0.077147
0.076693
0.076241
0.075791
0.075344
0.074900
0.074459
0.074020
0.073584
0.073150
0.072719
0.072290
0.071864
0.071440
0.071019
0.070601
0.070185
0.069771
0.069360
0.068951
0.068545
0.068141
0.067740
0.067340
0.066944
0.066549
0.066157
0.065767
0.065380
0.064995
0.064612
0.064231
0.063853
0.063477
0.063103
0.062731
0.062362
0.061994
0.061629
0.061266
0.060905
0.060546
0.060190
0.059835
0.059483
0.059133
0.058784
0.058438
0.058094
0.057752
0.057412
0.057074
0.056738
0.056404
0.056072
0.055741
0.055413
0.055087
0.054763
0.054440
0.054120
0.053801
0.053484
0.053170
0.052857
0.052545
0.052236
0.051929
0.051623
0.051319
0.051017
0.050717
0.050418
0.050122
0.049827
0.049533
0.049242
0.048952
0.048664
0.048378
0.048093
0.047810
0.047529
0.047249
0.046971
0.046695
0.046420
0.046147
0.045875
0.045605
0.045337
0.045070
0.044805
0.044542
0.044280
0.044019
0.043760
0.043503
0.043247
0.042992
0.042740
0.042488
0.042238
0.041990
0.041743
0.041497
0.041253
0.041011
0.040770
0.040530
0.040291
0.040055
0.039819
0.039585
0.039352
0.039121
0.038891
0.038662
0.038435
0.038209
0.037984
0.037761
0.037539
0.037318
0.037099
0.036881
0.036664
0.036448
0.036234
0.036021
0.035809
0.035599
0.035390
0.035182
0.034975
0.034769
0.034565
0.034362
0.034160
0.033959
0.033760
0.033561
0.033364
0.033168
0.032973
0.032779
0.032587
0.032395
0.032205
0.032016
0.031827
0.031640
0.031455
0.031270
0.031086
0.030903
0.030722
0.030541
0.030362
0.030184
0.030006
0.029830
0.029655
0.029481
0.029308
0.029135
0.028964
0.028794
0.028625
0.028457
0.028290
0.028124
0.027958
0.027794
0.027631
0.027469
0.027308
0.027147
0.026988
0.026829
0.026672
0.026515
0.026359
0.026205
0.026051
0.025898
0.025746
0.025595
0.025444
0.025295
0.025147
0.024999
0.024852
0.024706
0.024561
0.024417
0.024274
0.024131
0.023990
0.023849
0.023709
0.023570
0.023432
0.023294
0.023157
0.023021
0.022886
0.022752
0.022619
0.022486
0.022354
0.022223
0.022092
0.021963
0.021834
0.021706
0.021578
0.021452
0.021326
0.021201
0.021076
0.020953
0.020830
0.020708
0.020586
0.020465
0.020345
0.020226
0.020107
0.019989
0.019872
0.019756
0.019640
0.019525
0.019410
0.019296
0.019183
0.019071
0.018959
0.018848
0.018737
0.018627
0.018518
0.018409
0.018301
0.018194
0.018087
0.017981
0.017876
0.017771
0.017667
0.017563
0.017460
0.017358
0.017256
0.017155
0.017055
0.016955
0.016855
0.016756
0.016658
0.016561
0.016463
0.016367
0.016271
0.016176
0.016081
0.015987
0.015893
0.015800
0.015707
0.015615
0.015524
0.015433
0.015342
0.015252
0.015163
0.015074
0.014986
0.014898
0.014811
0.014724
0.014638
0.014552
0.014467
0.014382
0.014298
0.014214
0.014131
0.014048
0.013965
0.013884
0.013802
0.013722
0.013641
0.013561
0.013482
0.013403
0.013324
0.013246
0.013169
0.013092
0.013015
0.012939
0.012863
0.012788
0.012713
0.012638
0.012564
0.012491
0.012418
0.012345
0.012273
0.012201
0.012129
0.012058
0.011988
0.011917
0.011848
0.011778
0.011709
0.011641
0.011573
0.011505
0.011438
0.011371
0.011304
0.011238
0.011172
0.011107
0.011042
0.010977
0.010913
0.010849
0.010785
0.010722
0.010660
0.010597
0.010535
0.010473
0.010412
0.010351
0.010291
0.010230
0.010171
0.010111
0.010052
0.009993
0.009935
0.009877
0.009819
0.009761
0.009704
0.009647
0.009591
0.009535
0.009479
0.009424
0.009368
0.009314
0.009259
0.009205
0.009151
0.009098
0.009044
0.008992
0.008939
0.008887
0.008835
0.008783
0.008732
0.008681
0.008630
0.008579
0.008529
0.008479
0.008430
0.008380
0.008331
0.008283
0.008234
0.008186
0.008138
0.008091
0.008043
0.007996
0.007950
0.007903
0.007857
0.007811
0.007765
0.007720
0.007675
0.007630
0.007585
0.007541
0.007497
0.007453
0.007409
0.007366
0.007323
0.007280
0.007238
0.007195
0.007153
0.007112
0.007070
0.007029
0.006988
0.006947
0.006906
0.006866
0.006826
0.006786
0.006746
0.006707
0.006668
0.006629
0.006590
0.006551
0.006513
0.006475
0.006437
0.006400
0.006362
0.006325
0.006288
0.006251
0.006215
0.006178
0.006142
0.006106
0.006071
0.006035
0.006000
0.005965
0.005930
0.005896
0.005861
0.005827
0.005793
0.005759
0.005725
0.005692
0.005659
0.005626
0.005593
0.005560
0.005528
0.005495
0.005463
0.005431
0.005400
0.005368
0.005337
0.005306
0.005275
0.005244
0.005213
0.005183
0.005153
0.005122
0.005093
0.005063
0.005033
0.005004
0.004975
0.004946
0.004917
0.004888
0.004860
0.004831
0.004803
0.004775
0.004747
0.004719
0.004692
0.004664
0.004637
0.004610
0.004583
0.004556
0.004530
0.004503
0.004477
0.004451
0.004425
0.004399
0.004374
0.004348
0.004323
0.004297
0.004272
0.004247
0.004223
0.004198
0.004174
0.004149
0.004125
0.004101
0.004077
0.004053
0.004030
0.004006
0.003983
0.003959
0.003936
0.003913
0.003891
0.003868
0.003845
0.003823
0.003801
0.003778
0.003756
0.003734
0.003713
0.003691
0.003670
0.003648
0.003627
0.003606
0.003585
0.003564
0.003543
0.003522
0.003502
0.003481
0.003461
0.003441
0.003421
0.003401
0.003381
0.003361
0.003342
0.003322
0.003303
0.003284
0.003264
0.003245
0.003227
0.003208
0.003189
0.003170
0.003152
0.003134
0.003115
0.003097
0.003079
0.003061
0.003043
0.003026
0.003008
0.002990
0.002973
0.002956
0.002938
0.002921
0.002904
0.002887
0.002870
0.002854
0.002837
0.002821
0.002804
0.002788
0.002772
0.002755
0.002739
0.002723
0.002708
0.002692
0.002676
0.002660
0.002645
0.002630
0.002614
0.002599
0.002584
0.002569
0.002554
0.002539
0.002524
0.002509
0.002495
0.002480
0.002466
0.002452
0.002437
0.002423
0.002409
0.002395
0.002381
0.002367
0.002353
0.002340
0.002326
0.002312
0.002299
0.002286
0.002272
0.002259
0.002246
0.002233
0.002220
0.002207
0.002194
0.002181
0.002169
0.002156
0.002143
0.002131
0.002118
0.002106
0.002094
0.002082
0.002070
0.002058
0.002046
0.002034
0.002022
0.002010
0.001998
0.001987
0.001975
0.001964
0.001952
0.001941
0.001930
0.001918
0.001907
0.001896
0.001885
0.001874
0.001863
0.001852
0.001842
0.001831
0.001820
0.001810
0.001799
0.001789
0.001778
0.001768
0.001758
0.001747
0.001737
0.001727
0.001717
0.001707
0.001697
0.001687
0.001677
0.001668
0.001658
0.001648
0.001639
0.001629
0.001620
0.001610
0.001601
0.001592
0.001582
0.001573
0.001564
0.001555
0.001546
0.001537
0.001528
0.001519
0.001510
0.001501
0.001493
0.001484
0.001475
0.001467
0.001458
0.001450
0.001441
0.001433
0.001425
0.001416
0.001408
0.001400
0.001392
0.001384
0.001376
0.001368
0.001360
0.001352
0.001344
0.001336
0.001328
0.001321
0.001313
0.001305
0.001298
0.001290
0.001283
0.001275
0.001268
0.001260
0.001253
0.001246
0.001239
0.001231
0.001224
0.001217
0.001210
0.001203
0.001196
0.001189
0.001182
0.001175
0.001168
0.001162
0.001155
0.001148
0.001141
0.001135
0.001128
0.001122
0.001115
0.001109
0.001102
0.001096
0.001089
0.001083
0.001077
0.001071
0.001064
0.001058
0.001052
0.001046
0.001040
0.001034
0.001028
0.001022
0.001016
0.001010
0.001004
0.000998
0.000992
0.000987
0.000981
0.000975
0.000970
0.000964
0.000958
0.000953
0.000947
0.000942
0.000936
0.000931
0.000925
0.000920
0.000915
0.000909
0.000904
0.000899
0.000894
0.000888
0.000883
0.000878
0.000873
0.000868
0.000863
0.000858
0.000853
0.000848
0.000843
0.000838
0.000833
0.000829
0.000824
0.000819
0.000814
0.000809
0.000805
0.000800
0.000795
0.000791
0.000786
0.000782
0.000777
0.000773
0.000768
0.000764
0.000759
0.000755
0.000750
0.000746
0.000742
0.000737
0.000733
0.000729
0.000725
0.000720
0.000716
0.000712
0.000708
0.000704
0.000700
0.000696
0.000692
0.000688
0.000684
0.000680
0.000676
0.000672
0.000668
0.000664
0.000660
0.000656
0.000653
0.000649
0.000645
0.000641
0.000638
0.000634
0.000630
0.000627
0.000623
0.000619
0.000616
0.000612
0.000609
0.000605
0.000602
0.000598
0.000595
0.000591
0.000588
0.000584
0.000581
0.000578
0.000574
0.000571
0.000568
0.000564
0.000561
0.000558
0.000554
0.000551
0.000548
0.000545
0.000542
0.000539
0.000535
0.000532
0.000529
0.000526
0.000523
0.000520
0.000517
0.000514
0.000511
0.000508
0.000505
0.000502
0.000499
0.000496
0.000494
0.000491
0.000488
0.000485
0.000482
0.000479
0.000477
0.000474
0.000471
0.000468
0.000466
0.000463
0.000460
0.000458
0.000455
0.000452
0.000450
0.000447
0.000445
0.000442
0.000439
0.000437
0.000434
0.000432
0.000429
0.000427
0.000424
0.000422
0.000419
0.000417
0.000415
0.000412
0.000410
0.000407
0.000405
0.000403
0.000400
0.000398
0.000396
0.000393
0.000391
0.000389
0.000387
0.000384
0.000382
0.000380
0.000378
0.000376
0.000373
0.000371
0.000369
0.000367
0.000365
0.000363
0.000361
0.000359
0.000356
0.000354
0.000352
0.000350
0.000348
0.000346
0.000344
0.000342
0.000340
0.000338
0.000336
0.000334
0.000332
0.000331
0.000329
0.000327
0.000325
0.000323
0.000321
0.000319
0.000317
0.000316
0.000314
0.000312
0.000310
0.000308
0.000306
0.000305
0.000303
0.000301
0.000299
0.000298
0.000296
0.000294
0.000293
0.000291
0.000289
0.000288
0.000286
0.000284
0.000283
0.000281
0.000279
0.000278
0.000276
0.000274
0.000273
0.000271
0.000270
0.000268
0.000267
0.000265
0.000264
0.000262
0.000261
0.000259
0.000258
0.000256
0.000255
0.000253
0.000252
0.000250
0.000249
0.000247
0.000246
0.000244
0.000243
0.000242
0.000240
0.000239
0.000237
0.000236
0.000235
0.000233
0.000232
0.000231
0.000229
0.000228
0.000227
0.000225
0.000224
0.000223
0.000221
0.000220
0.000219
0.000218
0.000216
0.000215
0.000214
0.000213
0.000211
0.000210
0.000209
0.000208
0.000207
0.000205
0.000204
0.000203
0.000202
0.000201
0.000199
0.000198
0.000197
0.000196
0.000195
0.000194
0.000193
0.000192
0.000190
0.000189
0.000188
0.000187
0.000186
0.000185
0.000184
0.000183
0.000182
0.000181
0.000180
0.000179
0.000178
0.000177
0.000176
0.000175
0.000174
0.000173
0.000172
0.000171
0.000170
0.000169
0.000168
0.000167
0.000166
0.000165
0.000164
0.000163
0.000162
0.000161
0.000160
0.000159
0.000158
0.000157
0.000156
0.000155
0.000155
0.000154
0.000153
0.000152
0.000151
0.000150
0.000149
0.000148
0.000148
0.000147
0.000146
0.000145
0.000144
0.000143
0.000143
0.000142
0.000141
0.000140
0.000139
0.000138
0.000138
0.000137
0.000136
0.000135
0.000134
0.000134
0.000133
0.000132
0.000131
0.000131
0.000130
0.000129
0.000128
0.000128
0.000127
0.000126
0.000125
0.000125
0.000124
0.000123
0.000123
0.000122
0.000121
0.000120
0.000120
0.000119
0.000118
0.000118
0.000117
0.000116
0.000116
0.000115
0.000114
0.000114
0.000113
0.000112
0.000112
0.000111
0.000110
0.000110
0.000109
0.000109
0.000108
0.000107
0.000107
0.000106
0.000105
0.000105
0.000104
0.000104
0.000103
0.000102
0.000102
0.000101
0.000101
0.000100
0.000100
0.000099
0.000098
0.000098
0.000097
0.000097
0.000096
0.000096
0.000095
0.000094
0.000094
0.000093
0.000093
0.000092
0.000092
0.000091
0.000091
0.000090
0.000090
0.000089
0.000089
0.000088
0.000088
0.000087
0.000087
0.000086
0.000086
0.000085
0.000085
0.000084
0.000084
0.000083
0.000083
0.000082
0.000082
0.000081
0.000081
0.000080
0.000080
0.000079
0.000079
0.000078
0.000078
0.000078
0.000077
0.000077
0.000076
0.000076
0.000075
0.000075
0.000074
0.000074
0.000074
0.000073
0.000073
0.000072
0.000072
0.000072
0.000071
0.000071
0.000070
0.000070
0.000069
0.000069
0.000069
0.000068
0.000068
0.000068
0.000067
0.000067
0.000066
0.000066
0.000066
0.000065
0.000065
0.000064
0.000064
0.000064
0.000063
0.000063
0.000063
0.000062
0.000062
0.000062
0.000061
0.000061
0.000060
0.000060
0.000060
0.000059
0.000059
0.000059
0.000058
0.000058
0.000058
0.000057
0.000057
0.000057
0.000056
0.000056
0.000056
0.000055
0.000055
0.000055
0.000055
0.000054
0.000054
0.000054
0.000053
0.000053
0.000053
0.000052
0.000052
0.000052
0.000051
0.000051
0.000051
0.000051
0.000050
0.000050
0.000050
0.000049
0.000049
0.000049
0.000049
0.000048
0.000048
0.000048
0.000047
0.000047
0.000047
0.000047
0.000046
0.000046
0.000046
0.000046
0.000045
0.000045
0.000045
0.000045
0.000044
0.000044
0.000044
0.000044
0.000043
0.000043
0.000043
0.000043
0.000042
0.000042
0.000042
0.000042
0.000041
0.000041
0.000041
0.000041
0.000040
0.000040
0.000040
0.000040
0.000039
0.000039
0.000039
0.000039
0.000039
0.000038
0.000038
0.000038
0.000038
0.000037
0.000037
0.000037
0.000037
0.000037
0.000036
0.000036
0.000036
0.000036
0.000036
0.000035
0.000035
0.000035
0.000035
0.000035
0.000034
0.000034
0.000034
0.000034
0.000034
0.000033
0.000033
0.000033
0.000033
0.000033
0.000032
0.000032
0.000032
0.000032
0.000032
0.000031
0.000031
0.000031
0.000031
0.000031
0.000031
0.000030
0.000030
0.000030
0.000030
0.000030
0.000030
0.000029
0.000029
0.000029
0.000029
0.000029
0.000029
0.000028
0.000028
0.000028
0.000028
0.000028
0.000028
0.000027
0.000027
0.000027
0.000027
0.000027
0.000027
0.000026
0.000026
0.000026
0.000026
0.000026
0.000026
0.000026
0.000025
0.000025
0.000025
0.000025
0.000025
0.000025
0.000025
0.000024
0.000024
0.000024
0.000024
0.000024
0.000024
0.000024
0.000023
0.000023
0.000023
0.000023
0.000023
0.000023
0.000023
0.000023
0.000022
0.000022
0.000022
0.000022
0.000022
0.000022
0.000022
0.000022
0.000021
0.000021
0.000021
0.000021
0.000021
0.000021
0.000021
0.000021
0.000020
0.000020
0.000020
0.000020
0.000020
0.000020
0.000020
0.000020
0.000019
0.000019
0.000019
0.000019
0.000019
0.000019
0.000019
0.000019
0.000019
0.000019
0.000018
0.000018
0.000018
0.000018
0.000018
0.000018
0.000018
0.000018
0.000018
0.000017
0.000017
0.000017
0.000017
0.000017
0.000017
0.000017
0.000017
0.000017
0.000017
0.000016
0.000016
0.000016
0.000016
0.000016
0.000016
0.000016
0.000016
0.000016
0.000016
0.000016
0.000015
0.000015
0.000015
0.000015
0.000015
0.000015
0.000015
0.000015
0.000015
0.000015
0.000015
0.000015
0.000014
0.000014
0.000014
0.000014
0.000014
0.000014
0.000014
0.000014
0.000014
0.000014
0.000014
0.000014
0.000013
0.000013
0.000013
0.000013
0.000013
0.000013
0.000013
0.000013
0.000013
0.000013
0.000013
0.000013
0.000013
0.000013
0.000012
0.000012
0.000012
0.000012
0.000012
0.000012
0.000012
0.000012
0.000012
0.000012
0.000012
0.000012
0.000012
0.000012
0.000011
0.000011
0.000011
0.000011
0.000011
0.000011
0.000011
0.000011
0.000011
0.000011
0.000011
0.000011
0.000011
0.000011
0.000011
0.000011
0.000010
0.000010
0.000010
0.000010
0.000010
0.000010
0.000010
0.000010
0.000010
0.000010
0.000010
0.000010
0.000010
0.000010
0.000010
0.000010
0.000010
0.000009
0.000009
0.000009
0.000009
0.000009
0.000009
0.000009
0.000009
0.000009
0.000009
0.000009
0.000009
0.000009
0.000009
0.000009
0.000009
0.000009
0.000009
0.000009
0.000009
0.000008
0.000008
0.000008
0.000008
0.000008
0.000008
0.000008
0.000008
0.000008
0.000008
0.000008
0.000008
0.000008
0.000008
0.000008
0.000008
0.000008
0.000008
0.000008
0.000008
0.000008
0.000007
0.000007
0.000007
0.000007
0.000007
0.000007
0.000007
0.000007
0.000007
0.000007
0.000007
0.000007
0.000007
0.000007
0.000007
0.000007
0.000007
0.000007
0.000007
0.000007
0.000007
0.000007
0.000007
0.000007
0.000007
0.000006
0.000006
0.000006
0.000006
0.000006
0.000006
0.000006
0.000006
0.000006
0.000006
0.000006
0.000006
0.000006
0.000006
0.000006
0.000006
0.000006
0.000006
0.000006
0.000006
0.000006
0.000006
0.000006
0.000006
0.000006
0.000006
0.000006
0.000006
0.000006
0.000005
0.000005
0.000005
0.000005
0.000005
0.000005
0.000005
0.000005
0.000005
0.000005
0.000005
0.000005
0.000005
0.000005
0.000005
0.000005
0.000005
0.000005
0.000005
0.000005
0.000005
0.000005
0.000005
0.000005
0.000005
0.000005
0.000005
0.000005
0.000005
0.000005
0.000005
0.000005
0.000005
0.000005
0.000005
0.000004
0.000004
0.000004
0.000004
0.000004
0.000004
0.000004
0.000004
0.000004
0.000004
0.000004
0.000004
0.000004
0.000004
0.000004
0.000004
0.000004
0.000004
0.000004
0.000004
0.000004
0.000004
0.000004
0.000004
0.000004
0.000004
0.000004
0.000004
0.000004
0.000004
0.000004
0.000004
0.000004
0.000004
0.000004
0.000004
0.000004
0.000004
0.000004
0.000004
0.000004
0.000004
0.000004
0.000004
0.000003
0.000003
0.000003
0.000003
0.000003
0.000003
0.000003
0.000003
0.000003
0.000003
0.000003
0.000003
0.000003
0.000003
0.000003
0.000003
0.000003
0.000003
0.000003
0.000003
0.000003
0.000003
0.000003
0.000003
0.000003
0.000003
0.000003
0.000003
0.000003
0.000003
0.000003
0.000003
0.000003
0.000003
0.000003
0.000003
0.000003
0.000003
0.000003
0.000003
0.000003
0.000003
0.000003
0.000003
0.000003
0.000003
0.000003
0.000003
0.000003
0.000003
0.000003
0.000003
0.000003
0.000003
0.000003
0.000003
0.000003
0.000003
0.000002
0.000002
0.000002
0.000002
0.000002
0.000002
0.000002
0.000002
0.000002
0.000002
0.000002
0.000002
0.000002
0.000002
0.000002
0.000002
0.000002
0.000002
0.000002
0.000002
0.000002
0.000002
0.000002
0.000002
0.000002
0.000002
0.000002
0.000002
0.000002
0.000002
0.000002
0.000002
0.000002
0.000002
0.000002
0.000002
0.000002
0.000002
0.000002
0.000002
0.000002
0.000002
0.000002
0.000002
0.000002
0.000002
0.000002
0.000002
0.000002
0.000002
0.000002
0.000002
0.000002
0.000002
0.000002
0.000002
0.000002
0.000002
0.000002
0.000002
0.000002
0.000002
0.000002
0.000002
0.000002
0.000002
0.000002
0.000002
0.000002
0.000002
0.000002
0.000002
0.000002
0.000002
0.000002
0.000002
0.000002
0.000002
0.000002
0.000002
0.000002
0.000002
0.000002
0.000002
0.000002
0.000002
0.000002
0.000002
0.000002
0.000001
0.000001
0.000001
0.000001
0.000001
0.000001
0.000001
0.000001
0.000001
0.000001
0.000001
0.000001
0.000001
0.000001
0.000001
0.000001
0.000001
0.000001
0.000001
0.000001
0.000001
0.000001
0.000001
0.000001
0.000001
0.000001
0.000001
0.000001
0.000001
0.000001
0.000001
0.000001
0.000001
0.000001
0.000001
0.000001
0.000001
0.000001
0.000001
0.000001
0.000001
0.000001
0.000001
0.000001
0.000001
0.000001
0.000001
0.000001
0.000001
0.000001
0.000001
0.000001
0.000001
0.000001
0.000001
0.000001
0.000001
0.000001
0.000001
0.000001
0.000001
0.000001
0.000001
0.000001
0.000001
0.000001
0.000001
0.000001
0.000001
0.000001
0.000001
0.000001
0.000001
0.000001
0.000001
0.000001
0.000001
0.000001
0.000001
0.000001
0.000001
0.000001
0.000001
0.000001
0.000001
0.000001
0.000001
0.000001
0.000001
0.000001
0.000001
0.000001
0.000001
0.000001
0.000001
0.000001
0.000001
0.000001
0.000001
0.000001
0.000001
0.000001
0.000001
0.000001
0.000001
0.000001
0.000001
0.000001
0.000001
0.000001
0.000001
0.000001
0.000001
0.000001
0.000001
0.000001
0.000001
0.000001
0.000001
0.000001
0.000001
0.000001
0.000001
0.000001
0.000001
0.000001
0.000001
0.000001
0.000001
0.000001
0.000001
0.000001
0.000001
0.000001
0.000001
0.000001
0.000001
0.000001
0.000001
0.000001
0.000001
0.000001
0.000001
0.000001
0.000001
0.000001
0.000001
0.000001
0.000001
0.000001
0.000001
0.000001
0.000001
0.000001
0.000001
0.000001
0.000001
0.000001
0.000001
0.000001
0.000001
0.000001
0.000001
0.000001
0.000001
0.000001
0.000001
0.000001
0.000001
0.000001
0.000001
0.000001
0.000001
0.000001
0.000001
0.000001
0.000001
0.000001
0.000001
0.000001
0.000001
0.000001
0.000001
0.000001
0.000001
0.000001
0.000001
0.000001
0.000001
0.000001
0.000001
0.000001
0.000000
0.000000
0.000000
0.000000
0.000000
0.000000
0.000000
0.000000
0.000000
0.000000
0.000000
0.000000
0.000000
0.000000
0.000000
0.000000
0.000000
0.000000
0.000000
0.000000
0.000000
0.000000
0.000000
0.000000
0.000000
0.000000
0.000000
0.000000
0.000000
0.000000
0.000000
0.000000
0.000000
0.000000
0.000000
0.000000
0.000000
0.000000
0.000000
0.000000
0.000000
0.000000
0.000000
0.000000
0.000000
0.000000
0.000000
0.000000
0.000000
0.000000
0.000000
0.000000
0.000000
0.000000
0.000000
0.000000
0.000000
0.000000
0.000000
0.000000
0.000000
0.000000
0.000000
0.000000
0.000000
0.000000
0.000000
0.000000
0.000000
0.000000
0.000000
0.000000
0.000000
0.000000
0.000000
0.000000
0.000000
0.000000
0.000000
0.000000
0.000000
0.000000
0.000000
0.000000
0.000000
0.000000
0.000000
0.000000
0.000000
0.000000
0.000000
0.000000
0.000000
0.000000
0.000000
0.000000
0.000000
0.000000
0.000000
0.000000
0.000000
0.000000
0.000000
0.000000
0.000000
0.000000
0.000000
0.000000
0.000000
0.000000
0.000000
0.000000
0.000000
0.000000
0.000000
0.000000
0.000000
0.000000
0.000000
0.000000
0.000000
0.000000
0.000000
0.000000
0.000000
0.000000
0.000000
0.000000
0.000000
0.000000
0.000000
0.000000
0.000000
0.000000
0.000000
0.000000
0.000000
0.000000
0.000000
0.000000
0.000000
0.000000
0.000000
0.000000
0.000000
0.000000
0.000000
0.000000
0.000000
0.000000
0.000000
0.000000
0.000000
0.000000
0.000000
0.000000
0.000000
0.000000
0.000000
0.000000
0.000000
0.000000
0.000000
0.000000
0.000000
0.000000
0.000000
0.000000
0.000000
0.000000
0.000000
0.000000
0.000000
0.000000
0.000000
0.000000
0.000000
0.000000
0.000000
0.000000
0.000000
0.000000
0.000000
0.000000
0.000000
0.000000
0.000000
0.000000
0.000000
0.000000
0.000000
0.000000
0.000000
0.000000
0.000000
0.000000
0.000000
0.000000
0.000000
0.000000
0.000000
0.000000
0.000000
0.000000
0.000000
0.000000
0.000000
0.000000
0.000000
0.000000
0.000000
0.000000
0.000000
0.000000
0.000000
0.000000
0.000000
0.000000
0.000000
0.000000
0.000000
0.000000
0.000000
0.000000
0.000000
0.000000
0.000000
0.000000
0.000000
0.000000
0.000000
0.000000
0.000000
0.000000
0.000000
0.000000
0.000000
0.000000
0.000000
0.000000
0.000000
0.000000
0.000000
0.000000
0.000000
0.000000
0.000000
0.000000
0.000000
0.000000
0.000000
0.000000
0.000000
0.000000
0.000000
0.000000
0.000000
0.000000
0.000000
0.000000
0.000000
0.000000
0.000000
0.000000
0.000000
0.000000
0.000000
0.000000
0.000000
0.000000
0.000000
0.000000
0.000000
0.000000
0.000000
0.000000
0.000000
0.000000
0.000000
0.000000
0.000000
0.000000
0.000000
0.000000
0.000000
0.000000
0.000000
0.000000
0.000000
0.000000
0.000000
0.000000
0.000000
0.000000
0.000000
0.000000
0.000000
0.000000
0.000000
0.000000
0.000000
0.000000
0.000000
0.000000
0.000000
0.000000
0.000000
0.000000
0.000000
0.000000
0.000000
0.000000
0.000000
0.000000
0.000000
0.000000
0.000000
0.000000
0.000000
0.000000
0.000000
0.000000
0.000000
0.000000
0.000000
0.000000
0.000000
0.000000
0.000000
0.000000
0.000000
0.000000
0.000000
0.000000
0.000000
0.000000
0.000000
0.000000
0.000000
0.000000
0.000000
0.000000
0.000000
0.000000
0.000000
0.000000
0.000000
0.000000
0.000000
0.000000
0.000000
0.000000
0.000000
0.000000
0.000000
0.000000
0.000000
0.000000
0.000000
0.000000
0.000000
0.000000
0.000000
0.000000
0.000000
0.000000
0.000000
0.000000
0.000000
0.000000
0.000000
0.000000
0.000000
0.000000
0.000000
0.000000
0.000000
0.000000
0.000000
0.000000
0.000000
0.000000
0.000000
0.000000
0.000000
0.000000
0.000000
0.000000
0.000000
0.000000
0.000000
0.000000
0.000000
0.000000
0.000000
0.000000
0.000000
0.000000
0.000000
0.000000
0.000000
0.000000
0.000000
0.000000
0.000000
0.000000
0.000000
0.000000
0.000000
0.000000
0.000000
0.000000
0.000000
0.000000
0.000000
0.000000
0.000000
0.000000
0.000000
0.000000
0.000000
0.000000
0.000000
0.000000
0.000000
0.000000
0.000000
0.000000
0.000000
0.000000
0.000000
0.000000
0.000000
0.000000
0.000000
0.000000
0.000000
0.000000
0.000000
0.000000
0.000000
0.000000
0.000000
0.000000
0.000000
0.000000
0.000000
0.000000
0.000000
0.000000
0.000000
0.000000
0.000000
0.000000
0.000000
0.000000
0.000000
0.000000
0.000000
0.000000
0.000000
0.000000
0.000000
0.000000
0.000000
0.000000
0.000000
0.000000
0.000000
0.000000
0.000000
0.000000
0.000000
0.000000
0.000000
0.000000
0.000000
0.000000
0.000000
0.000000
0.000000
0.000000
0.000000
0.000000
0.000000
0.000000
0.000000
0.000000
0.000000
0.000000
0.000000
0.000000
0.000000
0.000000
0.000000
0.000000
0.000000
0.000000
0.000000
0.000000
0.000000
0.000000
0.000000
0.000000
0.000000
0.000000
0.000000
0.000000
0.000000
0.000000
0.000000
0.000000
0.000000
0.000000
0.000000
0.000000
0.000000
0.000000
0.000000
0.000000
0.000000
0.000000
0.000000
0.000000
0.000000
0.000000
0.000000
0.000000
0.000000
0.000000
0.000000
0.000000
0.000000
0.000000
0.000000
0.000000
0.000000
0.000000
0.000000
0.000000
0.000000
0.000000
0.000000
0.000000
0.000000
0.000000
0.000000
0.000000
0.000000
0.000000
0.000000
0.000000
0.000000
0.000000
0.000000
0.000000
0.000000
0.000000
0.000000
0.000000
0.000000
0.000000
0.000000
0.000000
0.000000
0.000000
0.000000
0.000000
0.000000
0.000000
0.000000
0.000000
0.000000
0.000000
0.000000
0.000000
0.000000
0.000000
0.000000
0.000000
0.000000
0.000000
0.000000
0.000000
0.000000
0.000000
0.000000
0.000000
0.000000
0.000000
0.000000
0.000000
0.000000
0.000000
0.000000
0.000000
0.000000
0.000000
0.000000
0.000000
0.000000
0.000000
0.000000
0.000000
0.000000
0.000000
0.000000
0.000000
0.000000
0.000000
0.000000
0.000000
0.000000
0.000000
0.000000
0.000000
0.000000
0.000000
0.000000
0.000000
0.000000
0.000000
0.000000
0.000000
0.000000
0.000000
0.000000
0.000000
0.000000
0.000000
0.000000
0.000000
0.000000
0.000000
0.000000
0.000000
0.000000
0.000000
0.000000
0.000000
0.000000
0.000000
0.000000
0.000000
0.000000
0.000000
0.000000
0.000000
0.000000
0.000000
0.000000
0.000000
0.000000
0.000000
0.000000
0.000000
0.000000
0.000000
0.000000
0.000000
0.000000
0.000000
0.000000
0.000000
0.000000
0.000000
0.000000
0.000000
0.000000
0.000000
0.000000
0.000000
0.000000
0.000000
0.000000
0.000000
0.000000
0.000000
0.000000
0.000000
0.000000
0.000000
0.000000
0.000000
0.000000
0.000000
0.000000
0.000000
0.000000
0.000000
0.000000
0.000000
0.000000
0.000000
0.000000
0.000000
0.000000
0.000000
0.000000
0.000000
0.000000
0.000000
0.000000
0.000000
0.000000
0.000000
0.000000
0.000000
0.000000
0.000000
0.000000
0.000000
0.000000
0.000000
0.000000
0.000000
0.000000
0.000000
0.000000
0.000000
0.000000
0.000000
0.000000
0.000000
0.000000
0.000000
0.000000
0.000000
0.000000
0.000000
0.000000
0.000000
0.000000
0.000000
0.000000
0.000000
0.000000
0.000000
0.000000
0.000000
0.000000
0.000000
0.000000
0.000000
0.000000
0.000000
0.000000
0.000000
0.000000
0.000000
0.000000
0.000000
0.000000
0.000000
0.000000
0.000000
0.000000
0.000000
0.000000
0.000000
0.000000
0.000000
0.000000
0.000000
0.000000
0.000000
0.000000
0.000000
0.000000
0.000000
0.000000
0.000000
0.000000
0.000000
0.000000
0.000000
0.000000
0.000000
0.000000
0.000000
0.000000
0.000000
0.000000
0.000000
0.000000
0.000000
0.000000
0.000000
0.000000
0.000000
0.000000
0.000000
0.000000
0.000000
0.000000
0.000000
0.000000
0.000000
0.000000
0.000000
0.000000
0.000000
0.000000
0.000000
0.000000
0.000000
0.000000
0.000000
0.000000
0.000000
0.000000
0.000000
0.000000
0.000000
0.000000
0.000000
0.000000
0.000000
0.000000
0.000000
0.000000
0.000000
0.000000
0.000000
0.000000
0.000000
0.000000
0.000000
0.000000
0.000000
0.000000
0.000000
0.000000
0.000000
0.000000
0.000000
0.000000
0.000000
0.000000
0.000000
0.000000
0.000000
0.000000
0.000000
0.000000
0.000000
0.000000
0.000000
0.000000
0.000000
0.000000
0.000000
0.000000
0.000000
0.000000
0.000000
0.000000
0.000000
0.000000
0.000000
0.000000
0.000000
0.000000
0.000000
0.000000
0.000000
0.000000
0.000000
0.000000
0.000000
0.000000
0.000000
0.000000
0.000000
0.000000
0.000000
0.000000
0.000000
0.000000
0.000000
0.000000
0.000000
0.000000
0.000000
0.000000
0.000000
0.000000
0.000000
0.000000
0.000000
0.000000
0.000000
0.000000
0.000000
0.000000
0.000000
0.000000
0.000000
0.000000
0.000000
0.000000
0.000000
0.000000
0.000000
0.000000
0.000000
0.000000
0.000000
0.000000
0.000000
0.000000
0.000000
0.000000
0.000000
0.000000
0.000000
0.000000
0.000000
0.000000
0.000000
0.000000
0.000000
0.000000
0.000000
0.000000
0.000000
0.000000
0.000000
0.000000
0.000000
0.000000
0.000000
0.000000
0.000000
0.000000
0.000000
0.000000
0.000000
0.000000
0.000000
0.000000
0.000000
0.000000
0.000000
0.000000
0.000000
0.000000
0.000000
0.000000
0.000000
0.000000
0.000000
0.000000
0.000000
0.000000
0.000000
0.000000
0.000000
0.000000
0.000000
0.000000
0.000000
0.000000
0.000000
0.000000
0.000000
0.000000
0.000000
0.000000
0.000000
0.000000
0.000000
0.000000
0.000000
0.000000
0.000000
0.000000
0.000000
0.000000
0.000000
0.000000
0.000000
0.000000
0.000000
0.000000
0.000000
0.000000
0.000000
0.000000
0.000000
0.000000
0.000000
0.000000
0.000000
0.000000
0.000000
0.000000
0.000000
0.000000
0.000000
0.000000
0.000000
0.000000
0.000000
0.000000
0.000000
0.000000
0.000000
0.000000
0.000000
0.000000
0.000000
0.000000
0.000000
0.000000
0.000000
0.000000
0.000000
0.000000
0.000000
0.000000
0.000000
0.000000
0.000000
0.000000
0.000000
0.000000
0.000000
0.000000
0.000000
0.000000
0.000000
0.000000
0.000000
0.000000
0.000000
0.000000
0.000000
0.000000
0.000000
0.000000
0.000000
0.000000
0.000000
0.000000
0.000000
0.000000
0.000000
0.000000
0.000000
0.000000
0.000000
0.000000
0.000000
0.000000
0.000000
0.000000
0.000000
0.000000
0.000000
0.000000
0.000000
0.000000
0.000000
0.000000
0.000000
0.000000
0.000000
0.000000
0.000000
0.000000
0.000000
0.000000
