678489986867614.000000
1360449747.648106
79291539.178750
78774465.711137
78248567.076794
77726189.599851
77207329.613129
76691963.258240
76180066.812351
75671616.714991
75166589.566989
74664962.129348
74166711.322144
73671814.223431
73180248.068147
72691990.247028
72207018.305546
71725309.942826
71246843.010607
70771595.512163
70299545.601278
69830671.581201
69364951.903615
68902365.167611
68442890.118679
67986505.647698
67533190.789915
67082924.723977
66635686.770930
66191456.393230
65750213.193780
65311936.914958
64876607.437648
64444204.780303
64014709.097979
63588100.681402
63164359.956031
62743467.481135
62325403.948864
61910150.183331
61497687.139717
61087995.903352
60681057.688826
60276853.839100
59875365.824622
59476575.242441
59080463.815343
58687013.390977
58296205.941018
57908023.560271
57522448.465867
57139462.996398
56759049.611077
56381190.888918
56005869.527910
55633068.344196
55262770.271256
54894958.359107
54529615.773496
54166725.795099
53806271.818744
53448237.352612
53092606.017459
52739361.545849
52388487.781381
52039968.677914
51693788.298825
51349930.816257
51008380.510341
50669121.768496
50332139.084659
49997417.058568
49664940.395019
49334693.903165
49006662.495785
48680831.188569
48357185.099418
48035709.447736
47716389.553740
47399210.837749
47084158.819522
46771219.117551
46460377.448395
46151619.626000
45844931.561036
45540299.260223
45237708.825679
44937146.454265
44638598.436926
44342051.158049
44047491.094821
43754904.816592
43464278.984243
43175600.349554
42888855.754581
42604032.131034
42321116.499662
42040095.969646
41760957.737987
41483689.088903
41208277.393230
40934710.107832
40662974.774998
40393059.021871
40124950.559857
39858637.184049
39594106.772644
39331347.286385
39070346.767993
38811093.341591
38553575.212159
38297780.664977
38043698.065067
37791315.856653
37540622.562614
37291606.783945
37044257.199220
36798562.564062
36554511.710613
36312093.547012
36071297.056861
35832111.298727
35594525.405615
35358528.584459
35124110.115619
34891259.352373
34659965.720416
34430218.717371
34202007.912287
33975322.945159
33750153.526426
33526489.436506
33304320.525307
33083636.711749
32864427.983290
32646684.395471
32430396.071425
32215553.201439
32002146.042473
31790164.917714
31579600.216122
31370442.391974
31162681.964419
30956309.517043
30751315.697407
30547691.216628
30345426.848930
30144513.431225
29944941.862671
29746703.104255
29549788.178363
29354188.168361
29159894.218180
28966897.531901
28775189.373340
28584761.065641
28395603.990871
28207709.589613
28021069.360574
27835674.860170
27651517.702151
27468589.557197
27286882.152528
27106387.271519
26927096.753324
26749002.492478
26572096.438532
26396370.595670
26221817.022334
26048427.830858
25876195.187099
25705111.310059
25535168.471545
25366358.995779
25198675.259064
25032109.689414
24866654.766208
24702303.019828
24539047.031322
24376879.432056
24215792.903357
24055780.176191
23896834.030809
23738947.296415
23582112.850826
23426323.620162
23271572.578478
23117852.747467
22965157.196125
22813479.040427
22662811.443002
22513147.612820
22364480.804876
22216804.319873
22070111.503907
21924395.748160
21779650.488595
21635869.205642
21493045.423905
21351172.711848
21210244.681506
21070254.988181
20931197.330150
20793065.448368
20655853.126182
20519554.189038
20384162.504189
20249671.980419
20116076.567755
19983370.257181
19851547.080371
19720601.109391
19590526.456446
19461317.273590
19332967.752458
19205472.124005
19078824.658218
18953019.663873
18828051.488249
18703914.516884
18580603.173300
18458111.918750
18336435.251957
18215567.708866
18095503.862382
17976238.322121
17857765.734159
17740080.780787
17623178.180259
17507052.686545
17391699.089100
17277112.212603
17163286.916735
17050218.095929
16937900.679134
16826329.629591
16715499.944580
16605406.655203
16496044.826148
16387409.555465
16279495.974329
16172299.246822
16065814.569708
15960037.172207
15854962.315777
15750585.293892
15646901.431825
15543906.086434
15441594.645942
15339962.529726
15239005.188100
15138718.102118
15039096.783347
14940136.773672
14841833.645084
14744182.999476
14647180.468436
14550821.713055
14455102.423714
14360018.319891
14265565.149963
14171738.691011
14078534.748611
13985949.156664
13893977.777183
13802616.500110
13711861.243123
13621707.951453
13532152.597688
13443191.181594
13354819.729926
13267034.296247
13179830.960743
13093205.830044
13007155.037043
12921674.740717
12836761.125954
12752410.403368
12668618.809132
12585382.604799
12502698.077138
12420561.537948
12338969.323899
12257917.796366
12177403.341244
12097422.368802
12017971.313500
11939046.633840
11860644.812187
11782762.354622
11705395.790768
11628541.673638
11552196.579471
11476357.107578
11401019.880187
11326181.542280
11251838.761443
11177988.227713
11104626.653427
11031750.773063
10959357.343098
10887443.141855
10816004.969352
10745039.647162
10674544.018258
10604514.946876
10534949.318361
10465844.039036
10397196.036044
10329002.257223
10261259.670953
10193965.266026
10127116.051498
10060709.056559
9994741.330393
9929209.942042
9864111.980274
9799444.553445
9735204.789370
9671389.835191
9607996.857240
9545023.040915
9482465.590549
9420321.729283
9358588.698932
9297263.759868
9236344.190883
9175827.289079
9115710.369725
9055990.766152
8996665.829618
8937732.929190
8879189.451627
8821032.801256
8763260.399852
8705869.686525
8648858.117598
8592223.166488
8535962.323599
8480073.096197
8424553.008303
8369399.600575
8314610.430198
8260183.070771
8206115.112193
8152404.160560
8099047.838047
8046043.782802
7993389.648841
7941083.105935
7889121.839511
7837503.550535
7786225.955417
7735286.785899
7684683.788960
7634414.726700
7584477.376250
7534869.529666
7485588.993821
7436633.590317
7388001.155375
7339689.539743
7291696.608591
7244020.241421
7196658.331963
7149608.788086
7102869.531693
7056438.498634
7010313.638609
6964492.915073
6918974.305144
6873755.799512
6828835.402345
6784211.131195
6739881.016917
6695843.103571
6652095.448332
6608636.121408
6565463.205944
6522574.797941
6479969.006167
6437643.952068
6395597.769685
6353828.605570
6312334.618697
6271113.980382
6230164.874200
6189485.495896
6149074.053312
6108928.766298
6069047.866633
6029429.597945
5990072.215631
5950973.986776
5912133.190076
5873548.115759
5835217.065504
5797138.352370
5759310.300712
5721731.246112
5684399.535296
5647313.526064
5610471.587212
5573872.098458
5537513.450372
5501394.044297
5465512.292283
5429866.617008
5394455.451709
5359277.240113
5324330.436362
5289613.504946
5255124.920630
5220863.168387
5186826.743334
5153014.150651
5119423.905522
5086054.533069
5052904.568279
5019972.555939
4987257.050575
4954756.616379
4922469.827147
4890395.266218
4858531.526400
4826877.209918
4795430.928342
4764191.302526
4733156.962546
4702326.547640
4671698.706140
4641272.095418
4611045.381821
4581017.240609
4551186.355901
4521551.420608
4492111.136378
4462864.213537
4433809.371030
4404945.336360
4376270.845537
4347784.643012
4319485.481629
4291372.122562
4263443.335261
4235697.897397
4208134.594805
4180752.221433
4153549.579279
4126525.478346
4099678.736584
4073008.179834
4046512.641779
4020190.963892
3994041.995376
3968064.593122
3942257.621650
3916619.953061
3891150.466983
3865848.050525
3840711.598221
3815740.011987
3790932.201062
3766287.081970
3741803.578458
3717480.621462
3693317.149044
3669312.106356
3645464.445584
3621773.125906
3598237.113443
3574855.381211
3551626.909075
3528550.683707
3505625.698533
3482850.953696
3460225.456003
3437748.218883
3415418.262347
3393234.612936
3371196.303683
3349302.374065
3327551.869965
3305943.843623
3284477.353597
3263151.464721
3241965.248059
3220917.780866
3200008.146548
3179235.434619
3158598.740654
3138097.166260
3117729.819026
3097495.812486
3077394.266084
3057424.305121
3037585.060731
3017875.669833
2998295.275092
2978843.024886
2959518.073260
2940319.579895
2921246.710067
2902298.634608
2883474.529873
2864773.577696
2846194.965361
2827737.885562
2809401.536363
2791185.121168
2773087.848683
2755108.932880
2737247.592960
2719503.053320
2701874.543519
2684361.298241
2666962.557263
2649677.565416
2632505.572560
2615445.833540
2598497.608162
2581660.161149
2564932.762120
2548314.685547
2531805.210731
2515403.621762
2499109.207490
2482921.261497
2466839.082058
2450861.972115
2434989.239241
2419220.195617
2403554.157991
2387990.447655
2372528.390410
2357167.316540
2341906.560776
2326745.462274
2311683.364577
2296719.615592
2281853.567560
2267084.577020
2252412.004791
2237835.215935
2223353.579733
2208966.469655
2194673.263330
2180473.342523
2166366.093105
2152350.905021
2138427.172272
2124594.292879
2110851.668860
2097198.706206
2083634.814847
2070159.408634
2056771.905306
2043471.726467
2030258.297562
2017131.047846
2004089.410365
1991132.821923
1978260.723066
1965472.558047
1952767.774812
1940145.824963
1927606.163746
1915148.250016
1902771.546220
1890475.518371
1878259.636022
1866123.372245
1854066.203606
1842087.610142
1830187.075338
1818364.086104
1806618.132751
1794948.708970
1783355.311809
1771837.441649
1760394.602183
1749026.300394
1737732.046532
1726511.354094
1715363.739800
1704288.723573
1693285.828518
1682354.580897
1671494.510115
1660705.148692
1649986.032245
1639336.699469
1628756.692113
1618245.554961
1607802.835815
1597428.085469
1587120.857692
1576880.709210
1566707.199683
1556599.891685
1546558.350690
1536582.145047
1526670.845961
1516824.027477
1507041.266461
1497322.142578
1487666.238275
1478073.138764
1468542.432000
1459073.708667
1449666.562155
1440320.588548
1431035.386599
1421810.557718
1412645.705949
1403540.437960
1394494.363018
1385507.092973
1376578.242247
1367707.427807
1358894.269156
1350138.388314
1341439.409798
1332796.960609
1324210.670215
1315680.170533
1307205.095913
1298785.083123
1290419.771333
1282108.802095
1273851.819334
1265648.469325
1257498.400684
1249401.264346
1241356.713555
1233364.403844
1225423.993027
1217535.141171
1209697.510596
1201910.765848
1194174.573692
1186488.603093
1178852.525202
1171266.013343
1163728.742997
1156240.391788
1148800.639468
1141409.167906
1134065.661069
1126769.805013
1119521.287865
1112319.799810
1105165.033082
1098056.681943
1090994.442673
1083978.013559
1077007.094878
1070081.388885
1063200.599799
1056364.433792
1049572.598974
1042824.805383
1036120.764966
1029460.191574
1022842.800944
1016268.310688
1009736.440281
1003246.911049
996799.446154
990393.770586
984029.611147
977706.696441
971424.756861
965183.524580
958982.733533
952822.119411
946701.419648
940620.373409
934578.721576
928576.206741
922612.573192
916687.566901
910800.935516
904952.428348
899141.796358
893368.792148
887633.169952
881934.685621
876273.096615
870648.161993
865059.642400
859507.300057
853990.898752
848510.203827
843064.982173
837655.002212
832280.033892
826939.848678
821634.219537
816362.920932
811125.728810
805922.420593
800752.775169
795616.572881
790513.595517
785443.626301
780406.449885
775401.852338
770429.621135
765489.545150
760581.414648
755705.021272
750860.158035
746046.619313
741264.200835
736512.699672
731791.914232
727101.644246
722441.690764
717811.856143
713211.944042
708641.759408
704101.108473
699589.798741
695107.638983
690654.439225
686230.010746
681834.166059
677466.718916
673127.484288
668816.278366
664532.918545
660277.223423
656049.012789
651848.107616
647674.330052
643527.503415
639407.452184
635314.001989
631246.979608
627206.212954
623191.531072
619202.764130
615239.743409
611302.301301
607390.271297
603503.487980
599641.787022
595805.005171
591992.980248
588205.551140
584442.557789
580703.841189
576989.243377
573298.607428
569631.777444
565988.598553
562368.916899
558772.579633
555199.434912
551649.331886
548122.120697
544617.652470
541135.779305
537676.354274
534239.231410
530824.265707
527431.313107
524060.230497
520710.875704
517383.107487
514076.785528
510791.770434
507527.923721
504285.107817
501063.186048
497862.022638
494681.482701
491521.432235
488381.738114
485262.268089
482162.890772
479083.475640
476023.893024
472984.014105
469963.710906
466962.856291
463981.323954
461018.988420
458075.725032
455151.409953
452245.920153
449359.133412
446490.928307
443641.184212
440809.781290
437996.600488
435201.523534
432424.432930
429665.211945
426923.744615
424199.915733
421493.610848
418804.716255
416133.118996
413478.706851
410841.368335
408220.992690
405617.469887
403030.690612
400460.546271
397906.928976
395369.731547
392848.847506
390344.171068
387855.597144
385383.021329
382926.339903
380485.449822
378060.248719
375650.634892
373256.507307
370877.765591
368514.310024
366166.041542
363832.861724
361514.672796
359211.377621
356922.879699
354649.083156
352389.892751
350145.213859
347914.952479
345699.015218
343497.309300
341309.742549
339136.223394
336976.660863
334830.964577
332699.044746
330580.812169
328476.178225
326385.054874
324307.354650
322242.990658
320191.876569
318153.926620
316129.055607
314117.178882
312118.212349
310132.072461
308158.676218
306197.941160
304249.785366
302314.127449
300390.886553
298479.982350
296581.335036
294694.865328
292820.494460
290958.144179
289107.736743
287269.194919
285442.441974
283627.401679
281823.998299
280032.156596
278251.801821
276482.859713
274725.256493
272978.918866
271243.774013
269519.749591
267806.773727
266104.775019
264413.682527
262733.425777
261063.934751
259405.139890
257756.972085
256119.362682
254492.243470
252875.546684
251269.205002
249673.151538
248087.319844
246511.643903
244946.058128
243390.497362
241844.896869
240309.192336
238783.319869
237267.215989
235760.817633
234264.062145
232776.887279
231299.231194
229831.032452
228372.230014
226922.763238
225482.571879
224051.596082
222629.776381
221217.053699
219813.369343
218418.665000
217032.882740
215655.965005
214287.854617
212928.494764
211577.829010
210235.801281
208902.355870
207577.437433
206260.990982
204952.961893
203653.295891
202361.939058
201078.837824
199803.938970
198537.189621
197278.537245
196027.929655
194785.314999
193550.641765
192323.858775
191104.915183
189893.760473
188690.344460
187494.617283
186306.529404
185126.031610
183953.075004
182787.611010
181629.591365
180478.968121
179335.693642
178199.720600
177071.001975
175949.491052
174835.141420
173727.906968
172627.741887
171534.600664
170448.438080
169369.209212
168296.869427
167231.374383
166172.680025
165120.742584
164075.518576
163036.964798
162005.038327
160979.696521
159960.897013
158948.597709
157942.756793
156943.332715
155950.284199
154963.570234
153983.150075
153008.983244
152041.029522
151079.248953
150123.601840
149174.048743
148230.550477
147293.068114
146361.562974
145435.996632
144516.330910
143602.527877
142694.549848
141792.359385
140895.919290
140005.192606
139120.142617
138240.732843
137366.927043
136498.689209
135635.983567
134778.774574
133927.026918
133080.705516
132239.775511
131404.202274
130573.951398
129748.988701
128929.280220
128114.792214
127305.491159
126501.343749
125702.316895
124908.377718
124119.493557
123335.631959
122556.760683
121782.847695
121013.861169
120249.769487
119490.541232
118736.145193
117986.550360
117241.725925
116501.641277
115766.266004
115035.569893
114309.522923
113588.095269
112871.257300
112158.979573
111451.232841
110747.988041
110049.216301
109354.888933
108664.977439
107979.453501
107298.288986
106621.455942
105948.926600
105280.673367
104616.668831
103956.885758
103301.297086
102649.875931
102002.595584
101359.429505
100720.351329
100085.334858
99454.354066
98827.383093
98204.396250
97585.368009
96970.273009
96359.086055
95751.782111
95148.336305
94548.723926
93952.920421
93360.901397
92772.642617
92188.120002
91607.309628
91030.187724
90456.730676
89886.915020
89320.717442
88758.114782
88199.084027
87643.602314
87091.646926
86543.195295
85998.224996
85456.713750
84918.639423
84383.980021
83852.713694
83324.818732
82800.273566
82279.056766
81761.147039
81246.523231
80735.164324
80227.049434
79722.157813
79220.468848
78721.962057
78226.617091
77734.413731
77245.331891
76759.351612
76276.453064
75796.616546
75319.822483
74846.051427
74375.284055
73907.501168
73442.683691
72980.812673
72521.869283
72065.834814
71612.690678
71162.418405
70714.999648
70270.416176
69828.649874
69389.682746
68953.496912
68520.074605
68089.398175
67661.450084
67236.212907
66813.669331
66393.802157
65976.594293
65562.028760
65150.088687
64740.757311
64334.017978
63929.854142
63528.249361
63129.187301
62732.651733
62338.626530
61947.095672
61558.043241
61171.453420
60787.310495
60405.598854
60026.302984
59649.407471
59274.897004
58902.756366
58532.970440
58165.524206
57800.402741
57437.591217
57077.074903
56718.839161
56362.869448
56009.151313
55657.670401
55308.412448
54961.363279
54616.508813
54273.835060
53933.328117
53594.974174
53258.759507
52924.670481
52592.693549
52262.815250
51935.022212
51609.301145
51285.638848
50964.022203
50644.438176
50326.873819
50011.316264
49697.752727
49386.170508
49076.556985
48768.899621
48463.185956
48159.403612
47857.540289
47557.583768
47259.521907
46963.342642
46669.033987
46376.584033
46085.980947
45797.212972
45510.268427
45225.135704
44941.803273
44660.259675
44380.493526
44102.493514
43826.248400
43551.747018
43278.978273
43007.931141
42738.594668
42470.957972
42205.010239
41940.740726
41678.138758
41417.193729
41157.895099
40900.232399
40644.195224
40389.773239
40136.956171
39885.733816
39636.096034
39388.032752
39141.533960
38896.589711
38653.190123
38411.325379
38170.985722
37932.161460
37694.842960
37459.020655
37224.685035
36991.826654
36760.436124
36530.504121
36302.021376
36074.978682
35849.366892
35625.176915
35402.399720
35181.026332
34961.047836
34742.455373
34525.240140
34309.393390
34094.906435
33881.770638
33669.977422
33459.518262
33250.384687
33042.568284
32836.060689
32630.853596
32426.938748
32224.307944
32022.953034
31822.865921
31624.038559
31426.462953
31230.131162
31035.035291
30841.167501
30648.519998
30457.085041
30266.854939
30077.822048
29889.978773
29703.317569
29517.830940
29333.511434
29150.351651
28968.344237
28787.481882
28607.757328
28429.163359
28251.692808
28075.338551
27900.093512
27725.950660
27552.903008
27380.943613
27210.065578
27040.262049
26871.526217
26703.851315
26537.230620
26371.657452
26207.125173
26043.627189
25881.156946
25719.707933
25559.273681
25399.847761
25241.423787
25083.995412
24927.556330
24772.100275
24617.621023
24464.112387
24311.568220
24159.982417
24009.348908
23859.661664
23710.914694
23563.102047
23416.217806
23270.256095
23125.211075
22981.076943
22837.847934
22695.518320
22554.082410
22413.534547
22273.869112
22135.080521
21997.163227
21860.111717
21723.920514
21588.584174
21454.097291
21320.454491
21187.650434
21055.679817
20924.537367
20794.217847
20664.716053
20536.026814
20408.144992
20281.065482
20154.783211
20029.293137
19904.590254
19780.669585
19657.526185
19535.155141
19413.551570
19292.710624
19172.627480
19053.297351
18934.715477
18816.877131
18699.777614
18583.412258
18467.776424
18352.865503
18238.674916
18125.200113
18012.436571
17900.379797
17789.025329
17678.368730
17568.405593
17459.131537
17350.542213
17242.633295
17135.400489
17028.839523
16922.946158
16817.716178
16713.145395
16609.229648
16505.964802
16403.346748
16301.371405
16200.034715
16099.332648
15999.261199
15899.816389
15800.994263
15702.790892
15605.202373
15508.224826
15411.854397
15316.087255
15220.919594
15126.347635
15032.367618
14938.975810
14846.168502
14753.942008
14662.292664
14571.216831
14480.710892
14390.771255
14301.394348
14212.576625
14124.314558
14036.604647
13949.443409
13862.827386
13776.753142
13691.217263
13606.216354
13521.747044
13437.805984
13354.389845
13271.495319
13189.119118
13107.257979
13025.908654
12945.067921
12864.732575
12784.899432
12705.565330
12626.727124
12548.381691
12470.525928
12393.156752
12316.271096
12239.865918
12163.938192
12088.484910
12013.503087
11938.989753
11864.941959
11791.356775
11718.231288
11645.562606
11573.347852
11501.584169
11430.268719
11359.398681
11288.971251
11218.983645
11149.433095
11080.316851
11011.632180
10943.376368
10875.546715
10808.140541
10741.155183
10674.587993
10608.436341
10542.697613
10477.369213
10412.448559
10347.933088
10283.820252
10220.107518
10156.792372
10093.872313
10031.344857
9969.207537
9907.457899
9846.093506
9785.111937
9724.510786
9664.287662
9604.440188
9544.966004
9485.862764
9427.128137
9368.759806
9310.755471
9253.112844
9195.829652
9138.903638
9082.332558
9026.114181
8970.246293
8914.726691
8859.553189
8804.723613
8750.235802
8696.087611
8642.276906
8588.801569
8535.659493
8482.848587
8430.366770
8378.211978
8326.382156
8274.875265
8223.689278
8172.822181
8122.271971
8072.036660
8022.114273
7972.502844
7923.200422
7874.205069
7825.514858
7777.127874
7729.042215
7681.255990
7633.767320
7586.574340
7539.675194
7493.068038
7446.751043
7400.722387
7354.980262
7309.522872
7264.348431
7219.455165
7174.841309
7130.505113
7086.444836
7042.658748
6999.145129
6955.902272
6912.928479
6870.222064
6827.781350
6785.604673
6743.690378
6702.036820
6660.642366
6619.505390
6578.624282
6537.997436
6497.623259
6457.500170
6417.626594
6378.000969
6338.621742
6299.487368
6260.596314
6221.947057
6183.538081
6145.367882
6107.434965
6069.737843
6032.275041
5995.045090
5958.046533
5921.277921
5884.737815
5848.424784
5812.337406
5776.474269
5740.833969
5705.415111
5670.216310
5635.236189
5600.473377
5565.926517
5531.594256
5497.475251
5463.568168
5429.871682
5396.384474
5363.105235
5330.032665
5297.165470
5264.502365
5232.042075
5199.783330
5167.724870
5135.865443
5104.203803
5072.738714
5041.468947
5010.393280
4979.510500
4948.819400
4918.318783
4888.007458
4857.884240
4827.947955
4798.197434
4768.631516
4739.249046
4710.048879
4681.029874
4652.190901
4623.530833
4595.048553
4566.742950
4538.612921
4510.657367
4482.875199
4455.265335
4427.826697
4400.558216
4373.458828
4346.527479
4319.763118
4293.164703
4266.731197
4240.461570
4214.354798
4188.409866
4162.625762
4137.001483
4111.536030
4086.228412
4061.077643
4036.082745
4011.242744
3986.556674
3962.023573
3937.642487
3913.412468
3889.332573
3865.401864
3841.619411
3817.984288
3794.495577
3771.152364
3747.953740
3724.898805
3701.986662
3679.216419
3656.587193
3634.098102
3611.748274
3589.536839
3567.462935
3545.525703
3523.724292
3502.057855
3480.525549
3459.126539
3437.859994
3416.725087
3395.720998
3374.846911
3354.102017
3333.485509
3312.996588
3292.634458
3272.398329
3252.287416
3232.300938
3212.438121
3192.698192
3173.080388
3153.583946
3134.208111
3114.952130
3095.815259
3076.796754
3057.895878
3039.111899
3020.444088
3001.891721
2983.454081
2965.130452
2946.920124
2928.822391
2910.836554
2892.961914
2875.197779
2857.543462
2839.998279
2822.561550
2805.232600
2788.010759
2770.895359
2753.885738
2736.981237
2720.181203
2703.484985
2686.891937
2670.401418
2654.012788
2637.725415
2621.538667
2605.451920
2589.464550
2573.575940
2557.785475
2542.092545
2526.496543
2510.996866
2495.592914
2480.284094
2465.069812
2449.949482
2434.922518
2419.988340
2405.146371
2390.396039
2375.736772
2361.168006
2346.689177
2332.299726
2317.999097
2303.786739
2289.662103
2275.624644
2261.673819
2247.809090
2234.029923
2220.335785
2206.726149
2193.200488
2179.758282
2166.399012
2153.122162
2139.927220
2126.813679
2113.781031
2100.828774
2087.956410
2075.163441
2062.449376
2049.813723
2037.255995
2024.775710
2012.372385
2000.045543
1987.794710
1975.619412
1963.519182
1951.493553
1939.542062
1927.664249
1915.859656
1904.127829
1892.468316
1880.880669
1869.364441
1857.919189
1846.544472
1835.239854
1824.004899
1812.839174
1801.742251
1790.713702
1779.753103
1768.860032
1758.034071
1747.274803
1736.581815
1725.954696
1715.393036
1704.896430
1694.464475
1684.096769
1673.792914
1663.552514
1653.375176
1643.260509
1633.208124
1623.217634
1613.288657
1603.420811
1593.613716
1583.866997
1574.180279
1564.553189
1554.985360
1545.476423
1536.026013
1526.633767
1517.299326
1508.022331
1498.802425
1489.639256
1480.532472
1471.481723
1462.486662
1453.546944
1444.662227
1435.832170
1427.056434
1418.334682
1409.666581
1401.051798
1392.490002
1383.980867
1375.524065
1367.119272
1358.766167
1350.464430
1342.213742
1334.013787
1325.864252
1317.764823
1309.715192
1301.715050
1293.764090
1285.862008
1278.008501
1270.203270
1262.446014
1254.736438
1247.074246
1239.459145
1231.890843
1224.369052
1216.893482
1209.463850
1202.079869
1194.741258
1187.447736
1180.199024
1172.994845
1165.834924
1158.718986
1151.646760
1144.617976
1137.632365
1130.689659
1123.789594
1116.931906
1110.116333
1103.342615
1096.610492
1089.919707
1083.270006
1076.661134
1070.092839
1063.564869
1057.076976
1050.628912
1044.220431
1037.851289
1031.521241
1025.230047
1018.977466
1012.763260
1006.587192
1000.449026
994.348528
988.285465
982.259607
976.270722
970.318584
964.402964
958.523637
952.680380
946.872969
941.101183
935.364802
929.663607
923.997381
918.365909
912.768975
907.206367
901.677872
896.183280
890.722382
885.294969
879.900835
874.539774
869.211583
863.916058
858.652999
853.422203
848.223474
843.056611
837.921420
832.817704
827.745269
822.703923
817.693473
812.713729
807.764502
802.845603
797.956845
793.098042
788.269010
783.469564
778.699523
773.958705
769.246930
764.564018
759.909793
755.284076
750.686692
746.117467
741.576227
737.062799
732.577012
728.118695
723.687679
719.283796
714.906879
710.556761
706.233278
701.936264
697.665558
693.420996
689.202419
685.009664
680.842575
676.700992
672.584758
668.493717
664.427714
660.386595
656.370206
652.378395
648.411011
644.467903
640.548922
636.653919
632.782746
628.935257
625.111306
621.310748
617.533439
613.779235
610.047995
606.339578
602.653841
598.990647
595.349856
591.731330
588.134933
584.560528
581.007979
577.477153
573.967915
570.480132
567.013674
563.568408
560.144204
556.740932
553.358464
549.996672
546.655428
543.334606
540.034080
536.753726
533.493420
530.253038
527.032457
523.831557
520.650215
517.488311
514.345727
511.222343
508.118041
505.032704
501.966215
498.918458
495.889319
492.878682
489.886434
486.912462
483.956654
481.018897
478.099082
475.197097
472.312834
469.446182
466.597035
463.765284
460.950823
458.153545
455.373344
452.610117
449.863758
447.134163
444.421231
441.724858
439.044943
436.381384
433.734082
431.102937
428.487848
425.888718
423.305448
420.737942
418.186102
415.649832
413.129037
410.623621
408.133490
405.658550
403.198709
400.753873
398.323950
395.908848
393.508477
391.122747
388.751567
386.394848
384.052501
381.724438
379.410572
377.110816
374.825082
372.553284
370.295338
368.051158
365.820660
363.603760
361.400374
359.210420
357.033815
354.870477
352.720325
350.583278
348.459256
346.348178
344.249966
342.164540
340.091822
338.031734
335.984199
333.949140
331.926480
329.916143
327.918053
325.932137
323.958318
321.996523
320.046678
318.108710
316.182546
314.268113
312.365341
310.474156
308.594490
306.726269
304.869426
303.023889
301.189590
299.366460
297.554430
295.753432
293.963399
292.184264
290.415959
288.658419
286.911577
285.175369
283.449728
281.734590
280.029892
278.335568
276.651555
274.977791
273.314212
271.660757
270.017362
268.383967
266.760511
265.146932
263.543169
261.949164
260.364856
258.790186
257.225094
255.669523
254.123414
252.586708
251.059350
249.541280
248.032443
246.532782
245.042240
243.560763
242.088294
240.624779
239.170162
237.724390
236.287407
234.859161
233.439598
232.028664
230.626308
229.232476
227.847117
226.470178
225.101608
223.741356
222.389372
221.045603
219.710001
218.382516
217.063097
215.751695
214.448262
213.152749
211.865106
210.585287
209.313244
208.048928
206.792292
205.543290
204.301876
203.068002
201.841622
200.622691
199.411163
198.206993
197.010137
195.820548
194.638184
193.462999
192.294950
191.133994
189.980087
188.833185
187.693247
186.560229
185.434090
184.314787
183.202279
182.096523
180.997480
179.905108
178.819365
177.740213
176.667609
175.601516
174.541892
173.488698
172.441895
171.401444
170.367306
169.339443
168.317816
167.302387
166.293119
165.289974
164.292914
163.301902
162.316902
161.337876
160.364789
159.397604
158.436285
157.480796
156.531102
155.587167
154.648956
153.716435
152.789568
151.868321
150.952660
150.042551
149.137959
148.238852
147.345195
146.456956
145.574102
144.696599
143.824415
142.957518
142.095875
141.239454
140.388224
139.542153
138.701209
137.865361
137.034578
136.208829
135.388084
134.572312
133.761482
132.955566
132.154531
131.358350
130.566992
129.780427
128.998628
128.221564
127.449207
126.681528
125.918499
125.160091
124.406276
123.657026
122.912314
122.172111
121.436391
120.705125
119.978287
119.255851
118.537788
117.824072
117.114678
116.409578
115.708747
115.012158
114.319786
113.631604
112.947588
112.267713
111.591952
110.920281
110.252675
109.589109
108.929558
108.273999
107.622407
106.974757
106.331026
105.691191
105.055226
104.423109
103.794816
103.170324
102.549609
101.932650
101.319422
100.709904
100.104073
99.501906
98.903380
98.308475
97.717168
97.129436
96.545258
95.964614
95.387480
94.813836
94.243660
93.676932
93.113630
92.553734
91.997223
91.444076
90.894272
90.347793
89.804617
89.264724
88.728094
88.194708
87.664545
87.137587
86.613813
86.093204
85.575742
85.061406
84.550179
84.042040
83.536972
83.034956
82.535972
82.040003
81.547031
81.057036
80.570002
80.085910
79.604741
79.126480
78.651107
78.178605
77.708957
77.242145
76.778153
76.316962
75.858557
75.402920
74.950034
74.499883
74.052450
73.607718
73.165672
72.726294
72.289569
71.855480
71.424012
70.995149
70.568874
70.145172
69.724028
69.305426
68.889350
68.475785
68.064716
67.656128
67.250006
66.846334
66.445099
66.046284
65.649876
65.255859
64.864220
64.474944
64.088016
63.703423
63.321149
62.941182
62.563507
62.188110
61.814977
61.444095
61.075449
60.709027
60.344816
59.982800
59.622968
59.265305
58.909800
58.556438
58.205206
57.856093
57.509084
57.164168
56.821331
56.480561
56.141845
55.805172
55.470527
55.137900
54.807278
54.478649
54.152001
53.827321
53.504598
53.183820
52.864975
52.548052
52.233039
51.919923
51.608695
51.299342
50.991853
50.686216
50.382421
50.080456
49.780310
49.481973
49.185432
48.890678
48.597700
48.306486
48.017027
47.729310
47.443327
47.159066
46.876517
46.595670
46.316514
46.039039
45.763234
45.489091
45.216598
44.945746
44.676525
44.408925
44.142935
43.878547
43.615751
43.354537
43.094895
42.836816
42.580290
42.325309
42.071862
41.819941
41.569536
41.320637
41.073237
40.827326
40.582894
40.339933
40.098435
39.858389
39.619788
39.382622
39.146883
38.912563
38.679652
38.448142
38.218025
37.989293
37.761936
37.535947
37.311317
37.088038
36.866102
36.645501
36.426227
36.208271
35.991626
35.776284
35.562237
35.349477
35.137996
34.927787
34.718841
34.511152
34.304712
34.099513
33.895547
33.692808
33.491287
33.290978
33.091872
32.893964
32.697245
32.501708
32.307347
32.114154
31.922122
31.731244
31.541513
31.352922
31.165464
30.979133
30.793921
30.609822
30.426830
30.244936
30.064136
29.884422
29.705787
29.528226
29.351731
29.176296
29.001915
28.828582
28.656290
28.485032
28.314803
28.145596
27.977406
27.810226
27.644049
27.478871
27.314684
27.151483
26.989263
26.828016
26.667737
26.508421
26.350061
26.192651
26.036187
25.880662
25.726071
25.572408
25.419667
25.267842
25.116929
24.966922
24.817815
24.669603
24.522281
24.375842
24.230283
24.085597
23.941779
23.798824
23.656726
23.515482
23.375085
23.235530
23.096812
22.958927
22.821869
22.685633
22.550214
22.415607
22.281808
22.148812
22.016613
21.885207
21.754590
21.624755
21.495699
21.367418
21.239905
21.113157
20.987170
20.861937
20.737456
20.613721
20.490727
20.368472
20.246949
20.126155
20.006084
19.886734
19.768099
19.650176
19.532959
19.416444
19.300629
19.185507
19.071075
18.957329
18.844265
18.731878
18.620165
18.509121
18.398743
18.289026
18.179967
18.071561
17.963804
17.856693
17.750224
17.644393
17.539196
17.434629
17.330688
17.227370
17.124671
17.022587
16.921114
16.820250
16.719989
16.620329
16.521266
16.422796
16.324915
16.227621
16.130910
16.034777
15.939221
15.844236
15.749820
15.655970
15.562681
15.469951
15.377776
15.286153
15.195078
15.104549
15.014561
14.925112
14.836199
14.747817
14.659965
14.572639
14.485835
14.399550
14.313782
14.228528
14.143783
14.059546
13.975813
13.892580
13.809846
13.727607
13.645860
13.564602
13.483830
13.403541
13.323733
13.244402
13.165545
13.087161
13.009245
12.931795
12.854809
12.778283
12.702214
12.626601
12.551440
12.476728
12.402463
12.328643
12.255263
12.182323
12.109819
12.037748
11.966108
11.894896
11.824111
11.753748
11.683806
11.614282
11.545174
11.476479
11.408195
11.340318
11.272848
11.205781
11.139114
11.072847
11.006975
10.941497
10.876410
10.811712
10.747401
10.683474
10.619929
10.556764
10.493976
10.431563
10.369524
10.307855
10.246554
10.185620
10.125049
10.064841
10.004992
9.945501
9.886365
9.827582
9.769151
9.711068
9.653333
9.595942
9.538894
9.482187
9.425818
9.369786
9.314088
9.258724
9.203689
9.148984
9.094605
9.040551
8.986819
8.933409
8.880317
8.827542
8.775082
8.722936
8.671100
8.619574
8.568356
8.517443
8.466835
8.416528
8.366522
8.316814
8.267403
8.218286
8.169463
8.120931
8.072689
8.024735
7.977066
7.929683
7.882582
7.835762
7.789221
7.742958
7.696971
7.651259
7.605819
7.560650
7.515751
7.471119
7.426754
7.382653
7.338816
7.295239
7.251923
7.208865
7.166064
7.123519
7.081226
7.039187
6.997397
6.955858
6.914565
6.873519
6.832718
6.792160
6.751844
6.711768
6.671931
6.632332
6.592968
6.553840
6.514945
6.476281
6.437848
6.399644
6.361668
6.323918
6.286393
6.249092
6.212013
6.175155
6.138517
6.102097
6.065894
6.029907
5.994134
5.958575
5.923227
5.888090
5.853163
5.818443
5.783930
5.749623
5.715521
5.681621
5.647924
5.614427
5.581130
5.548031
5.515129
5.482423
5.449912
5.417595
5.385470
5.353536
5.321793
5.290239
5.258872
5.227693
5.196699
5.165889
5.135263
5.104820
5.074557
5.044475
5.014572
4.984847
4.955299
4.925927
4.896730
4.867707
4.838856
4.810177
4.781669
4.753331
4.725161
4.697159
4.669323
4.641653
4.614148
4.586807
4.559628
4.532611
4.505755
4.479059
4.452521
4.426141
4.399919
4.373852
4.347941
4.322183
4.296579
4.271127
4.245827
4.220677
4.195677
4.170826
4.146122
4.121565
4.097155
4.072889
4.048768
4.024790
4.000955
3.977262
3.953710
3.930297
3.907024
3.883890
3.860893
3.838032
3.815308
3.792719
3.770264
3.747942
3.725753
3.703697
3.681771
3.659976
3.638310
3.616773
3.595364
3.574082
3.552927
3.531898
3.510994
3.490213
3.469557
3.449023
3.428611
3.408321
3.388151
3.368101
3.348170
3.328357
3.308663
3.289085
3.269624
3.250278
3.231047
3.211931
3.192928
3.174038
3.155260
3.136594
3.118039
3.099593
3.081258
3.063031
3.044913
3.026902
3.008999
2.991201
2.973510
2.955923
2.938441
2.921062
2.903787
2.886615
2.869544
2.852575
2.835707
2.818939
2.802270
2.785700
2.769229
2.752855
2.736579
2.720400
2.704316
2.688328
2.672435
2.656636
2.640931
2.625319
2.609800
2.594373
2.579037
2.563793
2.548639
2.533575
2.518600
2.503715
2.488917
2.474208
2.459585
2.445050
2.430601
2.416237
2.401959
2.387765
2.373656
2.359631
2.345688
2.331828
2.318051
2.304355
2.290741
2.277207
2.263754
2.250380
2.237086
2.223871
2.210734
2.197674
2.184693
2.171788
2.158960
2.146208
2.133532
2.120931
2.108404
2.095952
2.083574
2.071269
2.059037
2.046877
2.034790
2.022774
2.010830
1.998956
1.987153
1.975420
1.963756
1.952162
1.940636
1.929178
1.917789
1.906467
1.895212
1.884024
1.872902
1.861846
1.850855
1.839930
1.829069
1.818273
1.807541
1.796873
1.786267
1.775725
1.765245
1.754827
1.744470
1.734176
1.723942
1.713769
1.703656
1.693603
1.683609
1.673675
1.663799
1.653983
1.644224
1.634523
1.624879
1.615293
1.605763
1.596290
1.586873
1.577512
1.568206
1.558956
1.549760
1.540618
1.531531
1.522498
1.513518
1.504591
1.495717
1.486895
1.478126
1.469409
1.460743
1.452129
1.443566
1.435053
1.426591
1.418179
1.409817
1.401504
1.393240
1.385026
1.376859
1.368742
1.360672
1.352650
1.344676
1.336749
1.328868
1.321035
1.313247
1.305506
1.297811
1.290161
1.282556
1.274997
1.267482
1.260011
1.252585
1.245203
1.237864
1.230569
1.223317
1.216108
1.208942
1.201818
1.194736
1.187696
1.180697
1.173740
1.166824
1.159950
1.153115
1.146322
1.139568
1.132854
1.126180
1.119546
1.112951
1.106394
1.099877
1.093398
1.086957
1.080555
1.074190
1.067863
1.061573
1.055321
1.049105
1.042927
1.036784
1.030679
1.024609
1.018575
1.012577
1.006614
1.000686
0.994794
0.988936
0.983113
0.977325
0.971570
0.965850
0.960163
0.954510
0.948891
0.943304
0.937751
0.932231
0.926743
0.921287
0.915864
0.910473
0.905113
0.899786
0.894490
0.889225
0.883991
0.878788
0.873616
0.868475
0.863363
0.858282
0.853231
0.848210
0.843219
0.838257
0.833324
0.828421
0.823546
0.818700
0.813883
0.809095
0.804334
0.799602
0.794897
0.790221
0.785572
0.780950
0.776356
0.771789
0.767249
0.762736
0.758249
0.753789
0.749355
0.744947
0.740566
0.736210
0.731880
0.727576
0.723297
0.719043
0.714814
0.710610
0.706431
0.702277
0.698147
0.694042
0.689961
0.685904
0.681871
0.677862
0.673876
0.669914
0.665975
0.662060
0.658167
0.654298
0.650451
0.646628
0.642826
0.639047
0.635291
0.631556
0.627844
0.624154
0.620485
0.616838
0.613212
0.609608
0.606025
0.602464
0.598923
0.595403
0.591904
0.588425
0.584968
0.581530
0.578113
0.574716
0.571339
0.567981
0.564644
0.561326
0.558028
0.554750
0.551490
0.548250
0.545029
0.541827
0.538644
0.535480
0.532334
0.529207
0.526098
0.523008
0.519936
0.516882
0.513846
0.510828
0.507827
0.504845
0.501880
0.498932
0.496002
0.493089
0.490193
0.487314
0.484453
0.481608
0.478780
0.475968
0.473173
0.470395
0.467633
0.464887
0.462157
0.459444
0.456747
0.454065
0.451399
0.448749
0.446115
0.443496
0.440892
0.438304
0.435731
0.433173
0.430630
0.428103
0.425590
0.423092
0.420609
0.418140
0.415686
0.413246
0.410821
0.408410
0.406013
0.403630
0.401261
0.398907
0.396566
0.394239
0.391925
0.389626
0.387339
0.385067
0.382807
0.380561
0.378328
0.376109
0.373902
0.371709
0.369528
0.367360
0.365205
0.363062
0.360933
0.358815
0.356711
0.354618
0.352538
0.350470
0.348415
0.346371
0.344340
0.342320
0.340312
0.338316
0.336332
0.334360
0.332399
0.330450
0.328512
0.326585
0.324670
0.322766
0.320874
0.318992
0.317122
0.315263
0.313414
0.311576
0.309750
0.307934
0.306128
0.304334
0.302549
0.300776
0.299013
0.297260
0.295517
0.293785
0.292063
0.290351
0.288649
0.286957
0.285275
0.283603
0.281941
0.280288
0.278646
0.277013
0.275389
0.273775
0.272171
0.270576
0.268990
0.267414
0.265847
0.264289
0.262741
0.261201
0.259671
0.258149
0.256637
0.255133
0.253638
0.252152
0.250675
0.249206
0.247746
0.246295
0.244852
0.243418
0.241992
0.240574
0.239165
0.237764
0.236371
0.234987
0.233611
0.232242
0.230882
0.229530
0.228186
0.226849
0.225521
0.224200
0.222887
0.221582
0.220284
0.218994
0.217712
0.216437
0.215170
0.213910
0.212657
0.211412
0.210174
0.208944
0.207720
0.206504
0.205295
0.204093
0.202898
0.201711
0.200530
0.199356
0.198189
0.197029
0.195875
0.194729
0.193589
0.192456
0.191329
0.190210
0.189096
0.187989
0.186889
0.185795
0.184708
0.183627
0.182552
0.181484
0.180422
0.179366
0.178317
0.177273
0.176236
0.175205
0.174180
0.173160
0.172147
0.171140
0.170139
0.169143
0.168154
0.167170
0.166192
0.165220
0.164253
0.163292
0.162337
0.161387
0.160443
0.159505
0.158572
0.157644
0.156722
0.155805
0.154894
0.153988
0.153087
0.152192
0.151302
0.150417
0.149537
0.148663
0.147794
0.146929
0.146070
0.145216
0.144367
0.143523
0.142683
0.141849
0.141020
0.140195
0.139375
0.138560
0.137750
0.136945
0.136144
0.135348
0.134557
0.133770
0.132988
0.132211
0.131438
0.130670
0.129906
0.129147
0.128392
0.127641
0.126895
0.126153
0.125416
0.124683
0.123954
0.123230
0.122510
0.121794
0.121082
0.120374
0.119671
0.118972
0.118276
0.117585
0.116898
0.116215
0.115536
0.114861
0.114190
0.113522
0.112859
0.112200
0.111544
0.110893
0.110245
0.109601
0.108960
0.108324
0.107691
0.107062
0.106436
0.105815
0.105196
0.104582
0.103971
0.103364
0.102760
0.102160
0.101563
0.100970
0.100380
0.099794
0.099211
0.098632
0.098056
0.097483
0.096914
0.096348
0.095785
0.095226
0.094670
0.094117
0.093567
0.093021
0.092478
0.091938
0.091401
0.090867
0.090337
0.089809
0.089285
0.088764
0.088246
0.087730
0.087218
0.086709
0.086203
0.085700
0.085199
0.084702
0.084208
0.083716
0.083227
0.082742
0.082259
0.081779
0.081301
0.080827
0.080355
0.079886
0.079420
0.078956
0.078496
0.078037
0.077582
0.077129
0.076679
0.076232
0.075787
0.075345
0.074905
0.074468
0.074034
0.073602
0.073172
0.072745
0.072321
0.071899
0.071479
0.071062
0.070648
0.070236
0.069826
0.069419
0.069014
0.068611
0.068211
0.067813
0.067417
0.067024
0.066633
0.066244
0.065858
0.065474
0.065092
0.064712
0.064335
0.063960
0.063587
0.063216
0.062847
0.062481
0.062116
0.061754
0.061394
0.061036
0.060680
0.060326
0.059975
0.059625
0.059277
0.058932
0.058588
0.058246
0.057907
0.057569
0.057234
0.056900
0.056568
0.056238
0.055911
0.055585
0.055261
0.054938
0.054618
0.054300
0.053983
0.053669
0.053356
0.053045
0.052736
0.052428
0.052123
0.051819
0.051517
0.051217
0.050918
0.050621
0.050326
0.050033
0.049742
0.049452
0.049163
0.048877
0.048592
0.048309
0.048028
0.047748
0.047469
0.047193
0.046918
0.046645
0.046373
0.046103
0.045834
0.045567
0.045302
0.045038
0.044775
0.044514
0.044255
0.043997
0.043741
0.043486
0.043233
0.042981
0.042731
0.042482
0.042234
0.041988
0.041744
0.041501
0.041259
0.041019
0.040780
0.040542
0.040306
0.040071
0.039838
0.039606
0.039375
0.039146
0.038918
0.038692
0.038466
0.038242
0.038020
0.037798
0.037578
0.037359
0.037142
0.036926
0.036711
0.036497
0.036284
0.036073
0.035863
0.035654
0.035447
0.035240
0.035035
0.034831
0.034629
0.034427
0.034227
0.034027
0.033829
0.033632
0.033437
0.033242
0.033049
0.032856
0.032665
0.032475
0.032286
0.032098
0.031911
0.031725
0.031541
0.031357
0.031175
0.030993
0.030813
0.030634
0.030455
0.030278
0.030102
0.029927
0.029753
0.029580
0.029408
0.029236
0.029066
0.028897
0.028729
0.028562
0.028396
0.028231
0.028066
0.027903
0.027741
0.027579
0.027419
0.027260
0.027101
0.026943
0.026787
0.026631
0.026476
0.026322
0.026169
0.026017
0.025865
0.025715
0.025565
0.025417
0.025269
0.025122
0.024976
0.024830
0.024686
0.024543
0.024400
0.024258
0.024117
0.023977
0.023837
0.023699
0.023561
0.023424
0.023288
0.023152
0.023018
0.022884
0.022751
0.022619
0.022487
0.022356
0.022226
0.022097
0.021969
0.021841
0.021714
0.021588
0.021462
0.021338
0.021213
0.021090
0.020968
0.020846
0.020725
0.020604
0.020484
0.020365
0.020247
0.020129
0.020012
0.019896
0.019780
0.019665
0.019551
0.019437
0.019325
0.019212
0.019101
0.018990
0.018879
0.018770
0.018660
0.018552
0.018444
0.018337
0.018231
0.018125
0.018019
0.017915
0.017811
0.017707
0.017604
0.017502
0.017400
0.017299
0.017199
0.017099
0.016999
0.016901
0.016803
0.016705
0.016608
0.016511
0.016416
0.016320
0.016225
0.016131
0.016037
0.015944
0.015852
0.015760
0.015668
0.015577
0.015487
0.015397
0.015307
0.015218
0.015130
0.015042
0.014955
0.014868
0.014782
0.014696
0.014611
0.014526
0.014441
0.014357
0.014274
0.014191
0.014109
0.014027
0.013946
0.013865
0.013784
0.013704
0.013624
0.013545
0.013467
0.013389
0.013311
0.013234
0.013157
0.013080
0.013004
0.012929
0.012854
0.012779
0.012705
0.012631
0.012558
0.012485
0.012413
0.012341
0.012269
0.012198
0.012127
0.012057
0.011987
0.011917
0.011848
0.011779
0.011711
0.011643
0.011575
0.011508
0.011441
0.011375
0.011309
0.011243
0.011178
0.011113
0.011049
0.010985
0.010921
0.010858
0.010795
0.010732
0.010670
0.010608
0.010546
0.010485
0.010424
0.010364
0.010304
0.010244
0.010185
0.010126
0.010067
0.010008
0.009950
0.009893
0.009835
0.009778
0.009721
0.009665
0.009609
0.009553
0.009498
0.009443
0.009388
0.009334
0.009279
0.009226
0.009172
0.009119
0.009066
0.009014
0.008961
0.008909
0.008858
0.008806
0.008755
0.008704
0.008654
0.008604
0.008554
0.008504
0.008455
0.008406
0.008357
0.008309
0.008261
0.008213
0.008165
0.008118
0.008071
0.008024
0.007977
0.007931
0.007885
0.007840
0.007794
0.007749
0.007704
0.007659
0.007615
0.007571
0.007527
0.007483
0.007440
0.007397
0.007354
0.007311
0.007269
0.007227
0.007185
0.007143
0.007102
0.007061
0.007020
0.006979
0.006939
0.006899
0.006859
0.006819
0.006779
0.006740
0.006701
0.006662
0.006624
0.006585
0.006547
0.006509
0.006471
0.006434
0.006397
0.006360
0.006323
0.006286
0.006250
0.006213
0.006177
0.006142
0.006106
0.006071
0.006036
0.006001
0.005966
0.005931
0.005897
0.005863
0.005829
0.005795
0.005762
0.005728
0.005695
0.005662
0.005629
0.005597
0.005564
0.005532
0.005500
0.005468
0.005436
0.005405
0.005374
0.005343
0.005312
0.005281
0.005250
0.005220
0.005190
0.005160
0.005130
0.005100
0.005070
0.005041
0.005012
0.004983
0.004954
0.004925
0.004897
0.004869
0.004840
0.004812
0.004784
0.004757
0.004729
0.004702
0.004675
0.004648
0.004621
0.004594
0.004567
0.004541
0.004515
0.004488
0.004463
0.004437
0.004411
0.004385
0.004360
0.004335
0.004310
0.004285
0.004260
0.004235
0.004211
0.004186
0.004162
0.004138
0.004114
0.004090
0.004067
0.004043
0.004020
0.003997
0.003973
0.003950
0.003928
0.003905
0.003882
0.003860
0.003837
0.003815
0.003793
0.003771
0.003749
0.003728
0.003706
0.003685
0.003663
0.003642
0.003621
0.003600
0.003579
0.003559
0.003538
0.003518
0.003497
0.003477
0.003457
0.003437
0.003417
0.003397
0.003378
0.003358
0.003339
0.003319
0.003300
0.003281
0.003262
0.003243
0.003225
0.003206
0.003187
0.003169
0.003151
0.003132
0.003114
0.003096
0.003078
0.003061
0.003043
0.003025
0.003008
0.002990
0.002973
0.002956
0.002939
0.002922
0.002905
0.002888
0.002871
0.002855
0.002838
0.002822
0.002806
0.002789
0.002773
0.002757
0.002741
0.002725
0.002710
0.002694
0.002678
0.002663
0.002648
0.002632
0.002617
0.002602
0.002587
0.002572
0.002557
0.002542
0.002528
0.002513
0.002498
0.002484
0.002470
0.002455
0.002441
0.002427
0.002413
0.002399
0.002385
0.002371
0.002358
0.002344
0.002331
0.002317
0.002304
0.002290
0.002277
0.002264
0.002251
0.002238
0.002225
0.002212
0.002199
0.002187
0.002174
0.002161
0.002149
0.002137
0.002124
0.002112
0.002100
0.002088
0.002076
0.002064
0.002052
0.002040
0.002028
0.002016
0.002005
0.001993
0.001982
0.001970
0.001959
0.001947
0.001936
0.001925
0.001914
0.001903
0.001892
0.001881
0.001870
0.001859
0.001849
0.001838
0.001827
0.001817
0.001806
0.001796
0.001785
0.001775
0.001765
0.001755
0.001745
0.001734
0.001724
0.001714
0.001705
0.001695
0.001685
0.001675
0.001666
0.001656
0.001646
0.001637
0.001627
0.001618
0.001609
0.001599
0.001590
0.001581
0.001572
0.001563
0.001554
0.001545
0.001536
0.001527
0.001518
0.001509
0.001501
0.001492
0.001483
0.001475
0.001466
0.001458
0.001449
0.001441
0.001433
0.001425
0.001416
0.001408
0.001400
0.001392
0.001384
0.001376
0.001368
0.001360
0.001352
0.001344
0.001337
0.001329
0.001321
0.001314
0.001306
0.001299
0.001291
0.001284
0.001276
0.001269
0.001262
0.001254
0.001247
0.001240
0.001233
0.001226
0.001218
0.001211
0.001204
0.001197
0.001191
0.001184
0.001177
0.001170
0.001163
0.001157
0.001150
0.001143
0.001137
0.001130
0.001124
0.001117
0.001111
0.001104
0.001098
0.001092
0.001085
0.001079
0.001073
0.001067
0.001061
0.001054
0.001048
0.001042
0.001036
0.001030
0.001024
0.001018
0.001013
0.001007
0.001001
0.000995
0.000989
0.000984
0.000978
0.000972
0.000967
0.000961
0.000956
0.000950
0.000945
0.000939
0.000934
0.000928
0.000923
0.000918
0.000912
0.000907
0.000902
0.000897
0.000892
0.000886
0.000881
0.000876
0.000871
0.000866
0.000861
0.000856
0.000851
0.000846
0.000842
0.000837
0.000832
0.000827
0.000822
0.000818
0.000813
0.000808
0.000803
0.000799
0.000794
0.000790
0.000785
0.000781
0.000776
0.000772
0.000767
0.000763
0.000758
0.000754
0.000750
0.000745
0.000741
0.000737
0.000733
0.000728
0.000724
0.000720
0.000716
0.000712
0.000708
0.000703
0.000699
0.000695
0.000691
0.000687
0.000683
0.000680
0.000676
0.000672
0.000668
0.000664
0.000660
0.000656
0.000653
0.000649
0.000645
0.000641
0.000638
0.000634
0.000630
0.000627
0.000623
0.000620
0.000616
0.000612
0.000609
0.000605
0.000602
0.000598
0.000595
0.000592
0.000588
0.000585
0.000581
0.000578
0.000575
0.000571
0.000568
0.000565
0.000562
0.000558
0.000555
0.000552
0.000549
0.000546
0.000542
0.000539
0.000536
0.000533
0.000530
0.000527
0.000524
0.000521
0.000518
0.000515
0.000512
0.000509
0.000506
0.000503
0.000500
0.000497
0.000495
0.000492
0.000489
0.000486
0.000483
0.000480
0.000478
0.000475
0.000472
0.000470
0.000467
0.000464
0.000461
0.000459
0.000456
0.000454
0.000451
0.000448
0.000446
0.000443
0.000441
0.000438
0.000436
0.000433
0.000431
0.000428
0.000426
0.000423
0.000421
0.000418
0.000416
0.000414
0.000411
0.000409
0.000406
0.000404
0.000402
0.000399
0.000397
0.000395
0.000393
0.000390
0.000388
0.000386
0.000384
0.000381
0.000379
0.000377
0.000375
0.000373
0.000371
0.000368
0.000366
0.000364
0.000362
0.000360
0.000358
0.000356
0.000354
0.000352
0.000350
0.000348
0.000346
0.000344
0.000342
0.000340
0.000338
0.000336
0.000334
0.000332
0.000330
0.000328
0.000326
0.000325
0.000323
0.000321
0.000319
0.000317
0.000315
0.000313
0.000312
0.000310
0.000308
0.000306
0.000305
0.000303
0.000301
0.000299
0.000298
0.000296
0.000294
0.000293
0.000291
0.000289
0.000288
0.000286
0.000284
0.000283
0.000281
0.000279
0.000278
0.000276
0.000275
0.000273
0.000271
0.000270
0.000268
0.000267
0.000265
0.000264
0.000262
0.000261
0.000259
0.000258
0.000256
0.000255
0.000253
0.000252
0.000250
0.000249
0.000247
0.000246
0.000245
0.000243
0.000242
0.000240
0.000239
0.000238
0.000236
0.000235
0.000234
0.000232
0.000231
0.000230
0.000228
0.000227
0.000226
0.000224
0.000223
0.000222
0.000221
0.000219
0.000218
0.000217
0.000216
0.000214
0.000213
0.000212
0.000211
0.000209
0.000208
0.000207
0.000206
0.000205
0.000203
0.000202
0.000201
0.000200
0.000199
0.000198
0.000197
0.000195
0.000194
0.000193
0.000192
0.000191
0.000190
0.000189
0.000188
0.000187
0.000186
0.000184
0.000183
0.000182
0.000181
0.000180
0.000179
0.000178
0.000177
0.000176
0.000175
0.000174
0.000173
0.000172
0.000171
0.000170
0.000169
0.000168
0.000167
0.000166
0.000165
0.000164
0.000163
0.000162
0.000162
0.000161
0.000160
0.000159
0.000158
0.000157
0.000156
0.000155
0.000154
0.000153
0.000153
0.000152
0.000151
0.000150
0.000149
0.000148
0.000147
0.000146
0.000146
0.000145
0.000144
0.000143
0.000142
0.000142
0.000141
0.000140
0.000139
0.000138
0.000137
0.000137
0.000136
0.000135
0.000134
0.000134
0.000133
0.000132
0.000131
0.000131
0.000130
0.000129
0.000128
0.000128
0.000127
0.000126
0.000125
0.000125
0.000124
0.000123
0.000123
0.000122
0.000121
0.000120
0.000120
0.000119
0.000118
0.000118
0.000117
0.000116
0.000116
0.000115
0.000114
0.000114
0.000113
0.000112
0.000112
0.000111
0.000110
0.000110
0.000109
0.000109
0.000108
0.000107
0.000107
0.000106
0.000106
0.000105
0.000104
0.000104
0.000103
0.000103
0.000102
0.000101
0.000101
0.000100
0.000100
0.000099
0.000098
0.000098
0.000097
0.000097
0.000096
0.000096
0.000095
0.000095
0.000094
0.000094
0.000093
0.000092
0.000092
0.000091
0.000091
0.000090
0.000090
0.000089
0.000089
0.000088
0.000088
0.000087
0.000087
0.000086
0.000086
0.000085
0.000085
0.000084
0.000084
0.000083
0.000083
0.000082
0.000082
0.000081
0.000081
0.000081
0.000080
0.000080
0.000079
0.000079
0.000078
0.000078
0.000077
0.000077
0.000076
0.000076
0.000076
0.000075
0.000075
0.000074
0.000074
0.000073
0.000073
0.000073
0.000072
0.000072
0.000071
0.000071
0.000071
0.000070
0.000070
0.000069
0.000069
0.000069
0.000068
0.000068
0.000067
0.000067
0.000067
0.000066
0.000066
0.000065
0.000065
0.000065
0.000064
0.000064
0.000064
0.000063
0.000063
0.000063
0.000062
0.000062
0.000061
0.000061
0.000061
0.000060
0.000060
0.000060
0.000059
0.000059
0.000059
0.000058
0.000058
0.000058
0.000057
0.000057
0.000057
0.000056
0.000056
0.000056
0.000055
0.000055
0.000055
0.000054
0.000054
0.000054
0.000054
0.000053
0.000053
0.000053
0.000052
0.000052
0.000052
0.000051
0.000051
0.000051
0.000051
0.000050
0.000050
0.000050
0.000049
0.000049
0.000049
0.000049
0.000048
0.000048
0.000048
0.000047
0.000047
0.000047
0.000047
0.000046
0.000046
0.000046
0.000046
0.000045
0.000045
0.000045
0.000045
0.000044
0.000044
0.000044
0.000044
0.000043
0.000043
0.000043
0.000043
0.000042
0.000042
0.000042
0.000042
0.000041
0.000041
0.000041
0.000041
0.000040
0.000040
0.000040
0.000040
0.000039
0.000039
0.000039
0.000039
0.000039
0.000038
0.000038
0.000038
0.000038
0.000037
0.000037
0.000037
0.000037
0.000037
0.000036
0.000036
0.000036
0.000036
0.000036
0.000035
0.000035
0.000035
0.000035
0.000035
0.000034
0.000034
0.000034
0.000034
0.000034
0.000033
0.000033
0.000033
0.000033
0.000033
0.000032
0.000032
0.000032
0.000032
0.000032
0.000032
0.000031
0.000031
0.000031
0.000031
0.000031
0.000030
0.000030
0.000030
0.000030
0.000030
0.000030
0.000029
0.000029
0.000029
0.000029
0.000029
0.000029
0.000028
0.000028
0.000028
0.000028
0.000028
0.000028
0.000027
0.000027
0.000027
0.000027
0.000027
0.000027
0.000027
0.000026
0.000026
0.000026
0.000026
0.000026
0.000026
0.000026
0.000025
0.000025
0.000025
0.000025
0.000025
0.000025
0.000025
0.000024
0.000024
0.000024
0.000024
0.000024
0.000024
0.000024
0.000023
0.000023
0.000023
0.000023
0.000023
0.000023
0.000023
0.000022
0.000022
0.000022
0.000022
0.000022
0.000022
0.000022
0.000022
0.000021
0.000021
0.000021
0.000021
0.000021
0.000021
0.000021
0.000021
0.000021
0.000020
0.000020
0.000020
0.000020
0.000020
0.000020
0.000020
0.000020
0.000019
0.000019
0.000019
0.000019
0.000019
0.000019
0.000019
0.000019
0.000019
0.000019
0.000018
0.000018
0.000018
0.000018
0.000018
0.000018
0.000018
0.000018
0.000018
0.000017
0.000017
0.000017
0.000017
0.000017
0.000017
0.000017
0.000017
0.000017
0.000017
0.000016
0.000016
0.000016
0.000016
0.000016
0.000016
0.000016
0.000016
0.000016
0.000016
0.000016
0.000015
0.000015
0.000015
0.000015
0.000015
0.000015
0.000015
0.000015
0.000015
0.000015
0.000015
0.000015
0.000014
0.000014
0.000014
0.000014
0.000014
0.000014
0.000014
0.000014
0.000014
0.000014
0.000014
0.000014
0.000013
0.000013
0.000013
0.000013
0.000013
0.000013
0.000013
0.000013
0.000013
0.000013
0.000013
0.000013
0.000013
0.000013
0.000012
0.000012
0.000012
0.000012
0.000012
0.000012
0.000012
0.000012
0.000012
0.000012
0.000012
0.000012
0.000012
0.000012
0.000011
0.000011
0.000011
0.000011
0.000011
0.000011
0.000011
0.000011
0.000011
0.000011
0.000011
0.000011
0.000011
0.000011
0.000011
0.000011
0.000010
0.000010
0.000010
0.000010
0.000010
0.000010
0.000010
0.000010
0.000010
0.000010
0.000010
0.000010
0.000010
0.000010
0.000010
0.000010
0.000010
0.000010
0.000009
0.000009
0.000009
0.000009
0.000009
0.000009
0.000009
0.000009
0.000009
0.000009
0.000009
0.000009
0.000009
0.000009
0.000009
0.000009
0.000009
0.000009
0.000009
0.000008
0.000008
0.000008
0.000008
0.000008
0.000008
0.000008
0.000008
0.000008
0.000008
0.000008
0.000008
0.000008
0.000008
0.000008
0.000008
0.000008
0.000008
0.000008
0.000008
0.000008
0.000008
0.000007
0.000007
0.000007
0.000007
0.000007
0.000007
0.000007
0.000007
0.000007
0.000007
0.000007
0.000007
0.000007
0.000007
0.000007
0.000007
0.000007
0.000007
0.000007
0.000007
0.000007
0.000007
0.000007
0.000007
0.000007
0.000006
0.000006
0.000006
0.000006
0.000006
0.000006
0.000006
0.000006
0.000006
0.000006
0.000006
0.000006
0.000006
0.000006
0.000006
0.000006
0.000006
0.000006
0.000006
0.000006
0.000006
0.000006
0.000006
0.000006
0.000006
0.000006
0.000006
0.000006
0.000006
0.000005
0.000005
0.000005
0.000005
0.000005
0.000005
0.000005
0.000005
0.000005
0.000005
0.000005
0.000005
0.000005
0.000005
0.000005
0.000005
0.000005
0.000005
0.000005
0.000005
0.000005
0.000005
0.000005
0.000005
0.000005
0.000005
0.000005
0.000005
0.000005
0.000005
0.000005
0.000005
0.000005
0.000005
0.000005
0.000004
0.000004
0.000004
0.000004
0.000004
0.000004
0.000004
0.000004
0.000004
0.000004
0.000004
0.000004
0.000004
0.000004
0.000004
0.000004
0.000004
0.000004
0.000004
0.000004
0.000004
0.000004
0.000004
0.000004
0.000004
0.000004
0.000004
0.000004
0.000004
0.000004
0.000004
0.000004
0.000004
0.000004
0.000004
0.000004
0.000004
0.000004
0.000004
0.000004
0.000004
0.000004
0.000004
0.000004
0.000003
0.000003
0.000003
0.000003
0.000003
0.000003
0.000003
0.000003
0.000003
0.000003
0.000003
0.000003
0.000003
0.000003
0.000003
0.000003
0.000003
0.000003
0.000003
0.000003
0.000003
0.000003
0.000003
0.000003
0.000003
0.000003
0.000003
0.000003
0.000003
0.000003
0.000003
0.000003
0.000003
0.000003
0.000003
0.000003
0.000003
0.000003
0.000003
0.000003
0.000003
0.000003
0.000003
0.000003
0.000003
0.000003
0.000003
0.000003
0.000003
0.000003
0.000003
0.000003
0.000003
0.000003
0.000003
0.000003
0.000003
0.000003
0.000003
0.000002
0.000002
0.000002
0.000002
0.000002
0.000002
0.000002
0.000002
0.000002
0.000002
0.000002
0.000002
0.000002
0.000002
0.000002
0.000002
0.000002
0.000002
0.000002
0.000002
0.000002
0.000002
0.000002
0.000002
0.000002
0.000002
0.000002
0.000002
0.000002
0.000002
0.000002
0.000002
0.000002
0.000002
0.000002
0.000002
0.000002
0.000002
0.000002
0.000002
0.000002
0.000002
0.000002
0.000002
0.000002
0.000002
0.000002
0.000002
0.000002
0.000002
0.000002
0.000002
0.000002
0.000002
0.000002
0.000002
0.000002
0.000002
0.000002
0.000002
0.000002
0.000002
0.000002
0.000002
0.000002
0.000002
0.000002
0.000002
0.000002
0.000002
0.000002
0.000002
0.000002
0.000002
0.000002
0.000002
0.000002
0.000002
0.000002
0.000002
0.000002
0.000002
0.000002
0.000002
0.000002
0.000002
0.000002
0.000002
0.000002
0.000001
0.000001
0.000001
0.000001
0.000001
0.000001
0.000001
0.000001
0.000001
0.000001
0.000001
0.000001
0.000001
0.000001
0.000001
0.000001
0.000001
0.000001
0.000001
0.000001
0.000001
0.000001
0.000001
0.000001
0.000001
0.000001
0.000001
0.000001
0.000001
0.000001
0.000001
0.000001
0.000001
0.000001
0.000001
0.000001
0.000001
0.000001
0.000001
0.000001
0.000001
0.000001
0.000001
0.000001
0.000001
0.000001
0.000001
0.000001
0.000001
0.000001
0.000001
0.000001
0.000001
0.000001
0.000001
0.000001
0.000001
0.000001
0.000001
0.000001
0.000001
0.000001
0.000001
0.000001
0.000001
0.000001
0.000001
0.000001
0.000001
0.000001
0.000001
0.000001
0.000001
0.000001
0.000001
0.000001
0.000001
0.000001
0.000001
0.000001
0.000001
0.000001
0.000001
0.000001
0.000001
0.000001
0.000001
0.000001
0.000001
0.000001
0.000001
0.000001
0.000001
0.000001
0.000001
0.000001
0.000001
0.000001
0.000001
0.000001
0.000001
0.000001
0.000001
0.000001
0.000001
0.000001
0.000001
0.000001
0.000001
0.000001
0.000001
0.000001
0.000001
0.000001
0.000001
0.000001
0.000001
0.000001
0.000001
0.000001
0.000001
0.000001
0.000001
0.000001
0.000001
0.000001
0.000001
0.000001
0.000001
0.000001
0.000001
0.000001
0.000001
0.000001
0.000001
0.000001
0.000001
0.000001
0.000001
0.000001
0.000001
0.000001
0.000001
0.000001
0.000001
0.000001
0.000001
0.000001
0.000001
0.000001
0.000001
0.000001
0.000001
0.000001
0.000001
0.000001
0.000001
0.000001
0.000001
0.000001
0.000001
0.000001
0.000001
0.000001
0.000001
0.000001
0.000001
0.000001
0.000001
0.000001
0.000001
0.000001
0.000001
0.000001
0.000001
0.000001
0.000001
0.000001
0.000001
0.000001
0.000001
0.000001
0.000001
0.000001
0.000001
0.000001
0.000001
0.000001
0.000001
0.000001
0.000001
0.000001
0.000001
0.000000
0.000000
0.000000
0.000000
0.000000
0.000000
0.000000
0.000000
0.000000
0.000000
0.000000
0.000000
0.000000
0.000000
0.000000
0.000000
0.000000
0.000000
0.000000
0.000000
0.000000
0.000000
0.000000
0.000000
0.000000
0.000000
0.000000
0.000000
0.000000
0.000000
0.000000
0.000000
0.000000
0.000000
0.000000
0.000000
0.000000
0.000000
0.000000
0.000000
0.000000
0.000000
0.000000
0.000000
0.000000
0.000000
0.000000
0.000000
0.000000
0.000000
0.000000
0.000000
0.000000
0.000000
0.000000
0.000000
0.000000
0.000000
0.000000
0.000000
0.000000
0.000000
0.000000
0.000000
0.000000
0.000000
0.000000
0.000000
0.000000
0.000000
0.000000
0.000000
0.000000
0.000000
0.000000
0.000000
0.000000
0.000000
0.000000
0.000000
0.000000
0.000000
0.000000
0.000000
0.000000
0.000000
0.000000
0.000000
0.000000
0.000000
0.000000
0.000000
0.000000
0.000000
0.000000
0.000000
0.000000
0.000000
0.000000
0.000000
0.000000
0.000000
0.000000
0.000000
0.000000
0.000000
0.000000
0.000000
0.000000
0.000000
0.000000
0.000000
0.000000
0.000000
0.000000
0.000000
0.000000
0.000000
0.000000
0.000000
0.000000
0.000000
0.000000
0.000000
0.000000
0.000000
0.000000
0.000000
0.000000
0.000000
0.000000
0.000000
0.000000
0.000000
0.000000
0.000000
0.000000
0.000000
0.000000
0.000000
0.000000
0.000000
0.000000
0.000000
0.000000
0.000000
0.000000
0.000000
0.000000
0.000000
0.000000
0.000000
0.000000
0.000000
0.000000
0.000000
0.000000
0.000000
0.000000
0.000000
0.000000
0.000000
0.000000
0.000000
0.000000
0.000000
0.000000
0.000000
0.000000
0.000000
0.000000
0.000000
0.000000
0.000000
0.000000
0.000000
0.000000
0.000000
0.000000
0.000000
0.000000
0.000000
0.000000
0.000000
0.000000
0.000000
0.000000
0.000000
0.000000
0.000000
0.000000
0.000000
0.000000
0.000000
0.000000
0.000000
0.000000
0.000000
0.000000
0.000000
0.000000
0.000000
0.000000
0.000000
0.000000
0.000000
0.000000
0.000000
0.000000
0.000000
0.000000
0.000000
0.000000
0.000000
0.000000
0.000000
0.000000
0.000000
0.000000
0.000000
0.000000
0.000000
0.000000
0.000000
0.000000
0.000000
0.000000
0.000000
0.000000
0.000000
0.000000
0.000000
0.000000
0.000000
0.000000
0.000000
0.000000
0.000000
0.000000
0.000000
0.000000
0.000000
0.000000
0.000000
0.000000
0.000000
0.000000
0.000000
0.000000
0.000000
0.000000
0.000000
0.000000
0.000000
0.000000
0.000000
0.000000
0.000000
0.000000
0.000000
0.000000
0.000000
0.000000
0.000000
0.000000
0.000000
0.000000
0.000000
0.000000
0.000000
0.000000
0.000000
0.000000
0.000000
0.000000
0.000000
0.000000
0.000000
0.000000
0.000000
0.000000
0.000000
0.000000
0.000000
0.000000
0.000000
0.000000
0.000000
0.000000
0.000000
0.000000
0.000000
0.000000
0.000000
0.000000
0.000000
0.000000
0.000000
0.000000
0.000000
0.000000
0.000000
0.000000
0.000000
0.000000
0.000000
0.000000
0.000000
0.000000
0.000000
0.000000
0.000000
0.000000
0.000000
0.000000
0.000000
0.000000
0.000000
0.000000
0.000000
0.000000
0.000000
0.000000
0.000000
0.000000
0.000000
0.000000
0.000000
0.000000
0.000000
0.000000
0.000000
0.000000
0.000000
0.000000
0.000000
0.000000
0.000000
0.000000
0.000000
0.000000
0.000000
0.000000
0.000000
0.000000
0.000000
0.000000
0.000000
0.000000
0.000000
0.000000
0.000000
0.000000
0.000000
0.000000
0.000000
0.000000
0.000000
0.000000
0.000000
0.000000
0.000000
0.000000
0.000000
0.000000
0.000000
0.000000
0.000000
0.000000
0.000000
0.000000
0.000000
0.000000
0.000000
0.000000
0.000000
0.000000
0.000000
0.000000
0.000000
0.000000
0.000000
0.000000
0.000000
0.000000
0.000000
0.000000
0.000000
0.000000
0.000000
0.000000
0.000000
0.000000
0.000000
0.000000
0.000000
0.000000
0.000000
0.000000
0.000000
0.000000
0.000000
0.000000
0.000000
0.000000
0.000000
0.000000
0.000000
0.000000
0.000000
0.000000
0.000000
0.000000
0.000000
0.000000
0.000000
0.000000
0.000000
0.000000
0.000000
0.000000
0.000000
0.000000
0.000000
0.000000
0.000000
0.000000
0.000000
0.000000
0.000000
0.000000
0.000000
0.000000
0.000000
0.000000
0.000000
0.000000
0.000000
0.000000
0.000000
0.000000
0.000000
0.000000
0.000000
0.000000
0.000000
0.000000
0.000000
0.000000
0.000000
0.000000
0.000000
0.000000
0.000000
0.000000
0.000000
0.000000
0.000000
0.000000
0.000000
0.000000
0.000000
0.000000
0.000000
0.000000
0.000000
0.000000
0.000000
0.000000
0.000000
0.000000
0.000000
0.000000
0.000000
0.000000
0.000000
0.000000
0.000000
0.000000
0.000000
0.000000
0.000000
0.000000
0.000000
0.000000
0.000000
0.000000
0.000000
0.000000
0.000000
0.000000
0.000000
0.000000
0.000000
0.000000
0.000000
0.000000
0.000000
0.000000
0.000000
0.000000
0.000000
0.000000
0.000000
0.000000
0.000000
0.000000
0.000000
0.000000
0.000000
0.000000
0.000000
0.000000
0.000000
0.000000
0.000000
0.000000
0.000000
0.000000
0.000000
0.000000
0.000000
0.000000
0.000000
0.000000
0.000000
0.000000
0.000000
0.000000
0.000000
0.000000
0.000000
0.000000
0.000000
0.000000
0.000000
0.000000
0.000000
0.000000
0.000000
0.000000
0.000000
0.000000
0.000000
0.000000
0.000000
0.000000
0.000000
0.000000
0.000000
0.000000
0.000000
0.000000
0.000000
0.000000
0.000000
0.000000
0.000000
0.000000
0.000000
0.000000
0.000000
0.000000
0.000000
0.000000
0.000000
0.000000
0.000000
0.000000
0.000000
0.000000
0.000000
