1.000000
0.952900
0.446979
0.447075
0.447144
0.447213
0.447281
0.447350
0.447418
0.447485
0.447553
0.447620
0.447687
0.447753
0.447819
0.447885
0.447951
0.448016
0.448081
0.448146
0.448210
0.448274
0.448338
0.448402
0.448465
0.448528
0.448591
0.448653
0.448715
0.448777
0.448838
0.448899
0.448960
0.449021
0.449081
0.449141
0.449201
0.449260
0.449319
0.449378
0.449436
0.449494
0.449552
0.449609
0.449667
0.449724
0.449780
0.449836
0.449892
0.449948
0.450003
0.450059
0.450113
0.450168
0.450222
0.450276
0.450329
0.450382
0.450435
0.450488
0.450540
0.450592
0.450644
0.450695
0.450746
0.450797
0.450848
0.450898
0.450948
0.450997
0.451046
0.451095
0.451144
0.451192
0.451240
0.451288
0.451335
0.451382
0.451429
0.451475
0.451521
0.451567
0.451612
0.451658
0.451702
0.451747
0.451791
0.451835
0.451879
0.451922
0.451965
0.452007
0.452050
0.452092
0.452133
0.452175
0.452216
0.452257
0.452297
0.452337
0.452377
0.452416
0.452455
0.452494
0.452533
0.452571
0.452609
0.452646
0.452684
0.452721
0.452757
0.452793
0.452829
0.452865
0.452900
0.452935
0.452970
0.453004
0.453038
0.453072
0.453106
0.453139
0.453171
0.453204
0.453236
0.453268
0.453299
0.453330
0.453361
0.453392
0.453422
0.453452
0.453481
0.453511
0.453539
0.453568
0.453596
0.453624
0.453652
0.453679
0.453706
0.453733
0.453759
0.453785
0.453811
0.453836
0.453861
0.453886
0.453910
0.453934
0.453958
0.453981
0.454004
0.454027
0.454049
0.454071
0.454093
0.454115
0.454136
0.454157
0.454177
0.454197
0.454217
0.454236
0.454256
0.454274
0.454293
0.454311
0.454329
0.454346
0.454364
0.454380
0.454397
0.454413
0.454429
0.454445
0.454460
0.454475
0.454489
0.454503
0.454517
0.454531
0.454544
0.454557
0.454570
0.454582
0.454594
0.454605
0.454617
0.454628
0.454638
0.454649
0.454658
0.454668
0.454677
0.454686
0.454695
0.454703
0.454711
0.454719
0.454726
0.454733
0.454740
0.454746
0.454752
0.454758
0.454763
0.454768
0.454773
0.454777
0.454781
0.454785
0.454788
0.454791
0.454794
0.454796
0.454798
0.454800
0.454801
0.454802
0.454803
0.454803
0.454803
0.454803
0.454803
0.454802
0.454800
0.454799
0.454797
0.454794
0.454792
0.454789
0.454786
0.454782
0.454778
0.454774
0.454769
0.454764
0.454759
0.454753
0.454747
0.454741
0.454735
0.454728
0.454720
0.454713
0.454705
0.454697
0.454688
0.454679
0.454670
0.454660
0.454650
0.454640
0.454630
0.454619
0.454607
0.454596
0.454584
0.454572
0.454559
0.454546
0.454533
0.454520
0.454506
0.454491
0.454477
0.454462
0.454447
0.454431
0.454415
0.454399
0.454383
0.454366
0.454349
0.454331
0.454313
0.454295
0.454276
0.454258
0.454238
0.454219
0.454199
0.454179
0.454158
0.454137
0.454116
0.454095
0.454073
0.454051
0.454028
0.454005
0.453982
0.453959
0.453935
0.453911
0.453886
0.453862
0.453836
0.453811
0.453785
0.453759
0.453733
0.453706
0.453679
0.453651
0.453623
0.453595
0.453567
0.453538
0.453509
0.453480
0.453450
0.453420
0.453389
0.453359
0.453328
0.453296
0.453265
0.453232
0.453200
0.453167
0.453134
0.453101
0.453067
0.453033
0.452999
0.452964
0.452929
0.452894
0.452858
0.452822
0.452786
0.452749
0.452712
0.452675
0.452638
0.452600
0.452561
0.452523
0.452484
0.452445
0.452405
0.452365
0.452325
0.452284
0.452244
0.452202
0.452161
0.452119
0.452077
0.452034
0.451992
0.451948
0.451905
0.451861
0.451817
0.451773
0.451728
0.451683
0.451637
0.451592
0.451546
0.451499
0.451453
0.451406
0.451358
0.451311
0.451263
0.451214
0.451166
0.451117
0.451067
0.451018
0.450968
0.450918
0.450867
0.450816
0.450765
0.450714
0.450662
0.450610
0.450557
0.450504
0.450451
0.450398
0.450344
0.450290
0.450236
0.450181
0.450126
0.450071
0.450015
0.449959
0.449903
0.449846
0.449789
0.449732
0.449674
0.449617
0.449558
0.449500
0.449441
0.449382
0.449323
0.449263
0.449203
0.449142
0.449082
0.449021
0.448959
0.448898
0.448836
0.448773
0.448711
0.448648
0.448585
0.448521
0.448457
0.448393
0.448329
0.448264
0.448199
0.448133
0.448068
0.448002
0.447935
0.447869
0.447802
0.447735
0.447667
0.447599
0.447531
0.447462
0.447394
0.447325
0.447255
0.447185
0.447115
0.447045
0.446974
0.446904
0.446832
0.446761
0.446689
0.446617
0.446544
0.446471
0.446398
0.446325
0.446251
0.446177
0.446103
0.446028
0.445953
0.445878
0.445803
0.445727
0.445651
0.445574
0.445498
0.445421
0.445343
0.445266
0.445188
0.445109
0.445031
0.444952
0.444873
0.444794
0.444714
0.444634
0.444553
0.444473
0.444392
0.444311
0.444229
0.444147
0.444065
0.443983
0.443900
0.443817
0.443734
0.443650
0.443566
0.443482
0.443398
0.443313
0.443228
0.443143
0.443057
0.442971
0.442885
0.442798
0.442712
0.442624
0.442537
0.442449
0.442361
0.442273
0.442185
0.442096
0.442007
0.441917
0.441827
0.441737
0.441647
0.441557
0.441466
0.441375
0.441283
0.441191
0.441099
0.441007
0.440915
0.440822
0.440729
0.440635
0.440541
0.440447
0.440353
0.440259
0.440164
0.440069
0.439973
0.439877
0.439782
0.439685
0.439589
0.439492
0.439395
0.439297
0.439200
0.439102
0.439004
0.438905
0.438806
0.438707
0.438608
0.438508
0.438409
0.438308
0.438208
0.438107
0.438006
0.437905
0.437803
0.437702
0.437600
0.437497
0.437395
0.437292
0.437189
0.437085
0.436981
0.436877
0.436773
0.436669
0.436564
0.436459
0.436353
0.436248
0.436142
0.436036
0.435929
0.435823
0.435716
0.435609
0.435501
0.435393
0.435285
0.435177
0.435069
0.434960
0.434851
0.434741
0.434632
0.434522
0.434412
0.434301
0.434191
0.434080
0.433969
0.433857
0.433746
0.433634
0.433522
0.433409
0.433296
0.433183
0.433070
0.432957
0.432843
0.432729
0.432615
0.432500
0.432385
0.432270
0.432155
0.432039
0.431924
0.431808
0.431691
0.431575
0.431458
0.431341
0.431224
0.431106
0.430988
0.430870
0.430752
0.430633
0.430514
0.430395
0.430276
0.430157
0.430037
0.429917
0.429796
0.429676
0.429555
0.429434
0.429313
0.429191
0.429069
0.428947
0.428825
0.428703
0.428580
0.428457
0.428334
0.428210
0.428087
0.427963
0.427838
0.427714
0.427589
0.427464
0.427339
0.427214
0.427088
0.426963
0.426836
0.426710
0.426584
0.426457
0.426330
0.426202
0.426075
0.425947
0.425819
0.425691
0.425563
0.425434
0.425305
0.425176
0.425047
0.424917
0.424787
0.424657
0.424527
0.424396
0.424266
0.424135
0.424003
0.423872
0.423740
0.423608
0.423476
0.423344
0.423212
0.423079
0.422946
0.422813
0.422679
0.422545
0.422412
0.422277
0.422143
0.422009
0.421874
0.421739
0.421604
0.421468
0.421333
0.421197
0.421061
0.420924
0.420788
0.420651
0.420514
0.420377
0.420240
0.420102
0.419964
0.419826
0.419688
0.419550
0.419411
0.419272
0.419133
0.418994
0.418854
0.418714
0.418574
0.418434
0.418294
0.418153
0.418013
0.417872
0.417731
0.417589
0.417448
0.417306
0.417164
0.417022
0.416879
0.416737
0.416594
0.416451
0.416308
0.416164
0.416021
0.415877
0.415733
0.415589
0.415444
0.415300
0.415155
0.415010
0.414864
0.414719
0.414573
0.414428
0.414282
0.414135
0.413989
0.413843
0.413696
0.413549
0.413402
0.413254
0.413107
0.412959
0.412811
0.412663
0.412515
0.412366
0.412217
0.412069
0.411919
0.411770
0.411621
0.411471
0.411321
0.411171
0.411021
0.410871
0.410720
0.410569
0.410418
0.410267
0.410116
0.409965
0.409813
0.409661
0.409509
0.409357
0.409204
0.409052
0.408899
0.408746
0.408593
0.408440
0.408286
0.408133
0.407979
0.407825
0.407671
0.407516
0.407362
0.407207
0.407052
0.406897
0.406742
0.406587
0.406431
0.406275
0.406120
0.405963
0.405807
0.405651
0.405494
0.405337
0.405181
0.405023
0.404866
0.404709
0.404551
0.404393
0.404236
0.404077
0.403919
0.403761
0.403602
0.403444
0.403285
0.403126
0.402966
0.402807
0.402647
0.402488
0.402328
0.402168
0.402008
0.401847
0.401687
0.401526
0.401365
0.401204
0.401043
0.400882
0.400720
0.400559
0.400397
0.400235
0.400073
0.399911
0.399749
0.399586
0.399423
0.399261
0.399098
0.398935
0.398771
0.398608
0.398444
0.398281
0.398117
0.397953
0.397789
0.397624
0.397460
0.397295
0.397130
0.396966
0.396800
0.396635
0.396470
0.396305
0.396139
0.395973
0.395807
0.395641
0.395475
0.395309
0.395142
0.394976
0.394809
0.394642
0.394475
0.394308
0.394141
0.393973
0.393806
0.393638
0.393470
0.393302
0.393134
0.392966
0.392798
0.392629
0.392461
0.392292
0.392123
0.391954
0.391785
0.391616
0.391446
0.391277
0.391107
0.390937
0.390767
0.390597
0.390427
0.390257
0.390086
0.389916
0.389745
0.389574
0.389403
0.389232
0.389061
0.388890
0.388718
0.388547
0.388375
0.388203
0.388032
0.387859
0.387687
0.387515
0.387343
0.387170
0.386998
0.386825
0.386652
0.386479
0.386306
0.386133
0.385959
0.385786
0.385612
0.385439
0.385265
0.385091
0.384917
0.384743
0.384569
0.384395
0.384220
0.384046
0.383871
0.383696
0.383521
0.383346
0.383171
0.382996
0.382821
0.382645
0.382470
0.382294
0.382118
0.381943
0.381767
0.381591
0.381414
0.381238
0.381062
0.380885
0.380709
0.380532
0.380355
0.380178
0.380001
0.379824
0.379647
0.379470
0.379293
0.379115
0.378938
0.378760
0.378582
0.378404
0.378226
0.378048
0.377870
0.377692
0.377514
0.377335
0.377157
0.376978
0.376800
0.376621
0.376442
0.376263
0.376084
0.375905
0.375725
0.375546
0.375367
0.375187
0.375008
0.374828
0.374648
0.374468
0.374288
0.374108
0.373928
0.373748
0.373568
0.373387
0.373207
0.373026
0.372846
0.372665
0.372484
0.372304
0.372123
0.371942
0.371760
0.371579
0.371398
0.371217
0.371035
0.370854
0.370672
0.370491
0.370309
0.370127
0.369945
0.369763
0.369581
0.369399
0.369217
0.369035
0.368852
0.368670
0.368487
0.368305
0.368122
0.367940
0.367757
0.367574
0.367391
0.367208
0.367025
0.366842
0.366659
0.366475
0.366292
0.366109
0.365925
0.365742
0.365558
0.365375
0.365191
0.365007
0.364823
0.364639
0.364455
0.364271
0.364087
0.363903
0.363719
0.363534
0.363350
0.363166
0.362981
0.362797
0.362612
0.362427
0.362243
0.362058
0.361873
0.361688
0.361503
0.361318
0.361133
0.360948
0.360763
0.360578
0.360392
0.360207
0.360022
0.359836
0.359651
0.359465
0.359280
0.359094
0.358908
0.358722
0.358537
0.358351
0.358165
0.357979
0.357793
0.357607
0.357421
0.357234
0.357048
0.356862
0.356676
0.356489
0.356303
0.356116
0.355930
0.355743
0.355557
0.355370
0.355184
0.354997
0.354810
0.354623
0.354436
0.354249
0.354063
0.353876
0.353689
0.353501
0.353314
0.353127
0.352940
0.352753
0.352566
0.352378
0.352191
0.352004
0.351816
0.351629
0.351441
0.351254
0.351066
0.350878
0.350691
0.350503
0.350315
0.350128
0.349940
0.349752
0.349564
0.349376
0.349189
0.349001
0.348813
0.348625
0.348437
0.348249
0.348060
0.347872
0.347684
0.347496
0.347308
0.347119
0.346931
0.346743
0.346555
0.346366
0.346178
0.345989
0.345801
0.345612
0.345424
0.345235
0.345047
0.344858
0.344670
0.344481
0.344293
0.344104
0.343915
0.343726
0.343538
0.343349
0.343160
0.342971
0.342783
0.342594
0.342405
0.342216
0.342027
0.341838
0.341649
0.341460
0.341271
0.341082
0.340893
0.340704
0.340515
0.340326
0.340137
0.339948
0.339759
0.339570
0.339381
0.339192
0.339002
0.338813
0.338624
0.338435
0.338246
0.338056
0.337867
0.337678
0.337489
0.337299
0.337110
0.336921
0.336731
0.336542
0.336353
0.336163
0.335974
0.335785
0.335595
0.335406
0.335217
0.335027
0.334838
0.334648
0.334459
0.334269
0.334080
0.333891
0.333701
0.333512
0.333322
0.333133
0.332943
0.332754
0.332564
0.332375
0.332186
0.331996
0.331807
0.331617
0.331428
0.331238
0.331049
0.330859
0.330670
0.330480
0.330291
0.330101
0.329912
0.329722
0.329533
0.329343
0.329154
0.328964
0.328775
0.328585
0.328396
0.328206
0.328017
0.327828
0.327638
0.327449
0.327259
0.327070
0.326880
0.326691
0.326501
0.326312
0.326123
0.325933
0.325744
0.325554
0.325365
0.325176
0.324986
0.324797
0.324608
0.324418
0.324229
0.324040
0.323850
0.323661
0.323472
0.323282
0.323093
0.322904
0.322715
0.322525
0.322336
0.322147
0.321958
0.321769
0.321579
0.321390
0.321201
0.321012
0.320823
0.320634
0.320445
0.320256
0.320067
0.319878
0.319689
0.319500
0.319311
0.319122
0.318933
0.318744
0.318555
0.318366
0.318177
0.317988
0.317799
0.317610
0.317422
0.317233
0.317044
0.316855
0.316667
0.316478
0.316289
0.316100
0.315912
0.315723
0.315535
0.315346
0.315157
0.314969
0.314780
0.314592
0.314403
0.314215
0.314026
0.313838
0.313650
0.313461
0.313273
0.313085
0.312896
0.312708
0.312520
0.312332
0.312143
0.311955
0.311767
0.311579
0.311391
0.311203
0.311015
0.310827
0.310639
0.310451
0.310263
0.310075
0.309887
0.309700
0.309512
0.309324
0.309136
0.308949
0.308761
0.308573
0.308386
0.308198
0.308011
0.307823
0.307636
0.307448
0.307261
0.307073
0.306886
0.306699
0.306511
0.306324
0.306137
0.305950
0.305762
0.305575
0.305388
0.305201
0.305014
0.304827
0.304640
0.304453
0.304266
0.304080
0.303893
0.303706
0.303519
0.303333
0.303146
0.302959
0.302773
0.302586
0.302400
0.302213
0.302027
0.301840
0.301654
0.301468
0.301281
0.301095
0.300909
0.300723
0.300537
0.300351
0.300165
0.299979
0.299793
0.299607
0.299421
0.299235
0.299049
0.298863
0.298678
0.298492
0.298306
0.298121
0.297935
0.297750
0.297564
0.297379
0.297194
0.297008
0.296823
0.296638
0.296453
0.296267
0.296082
0.295897
0.295712
0.295527
0.295342
0.295157
0.294973
0.294788
0.294603
0.294418
0.294234
0.294049
0.293865
0.293680
0.293496
0.293311
0.293127
0.292943
0.292758
0.292574
0.292390
0.292206
0.292022
0.291838
0.291654
0.291470
0.291286
0.291102
0.290918
0.290735
0.290551
0.290367
0.290184
0.290000
0.289817
0.289633
0.289450
0.289267
0.289083
0.288900
0.288717
0.288534
0.288351
0.288168
0.287985
0.287802
0.287619
0.287436
0.287253
0.287071
0.286888
0.286706
0.286523
0.286341
0.286158
0.285976
0.285793
0.285611
0.285429
0.285247
0.285065
0.284883
0.284701
0.284519
0.284337
0.284155
0.283973
0.283792
0.283610
0.283428
0.283247
0.283065
0.282884
0.282703
0.282521
0.282340
0.282159
0.281978
0.281797
0.281616
0.281435
0.281254
0.281073
0.280892
0.280712
0.280531
0.280350
0.280170
0.279989
0.279809
0.279628
0.279448
0.279268
0.279088
0.278908
0.278728
0.278548
0.278368
0.278188
0.278008
0.277828
0.277649
0.277469
0.277289
0.277110
0.276930
0.276751
0.276572
0.276392
0.276213
0.276034
0.275855
0.275676
0.275497
0.275318
0.275139
0.274961
0.274782
0.274603
0.274425
0.274246
0.274068
0.273889
0.273711
0.273533
0.273355
0.273177
0.272999
0.272821
0.272643
0.272465
0.272287
0.272109
0.271932
0.271754
0.271577
0.271399
0.271222
0.271044
0.270867
0.270690
0.270513
0.270336
0.270159
0.269982
0.269805
0.269628
0.269452
0.269275
0.269098
0.268922
0.268745
0.268569
0.268393
0.268216
0.268040
0.267864
0.267688
0.267512
0.267336
0.267160
0.266985
0.266809
0.266633
0.266458
0.266282
0.266107
0.265932
0.265756
0.265581
0.265406
0.265231
0.265056
0.264881
0.264706
0.264531
0.264357
0.264182
0.264007
0.263833
0.263659
0.263484
0.263310
0.263136
0.262962
0.262787
0.262613
0.262440
0.262266
0.262092
0.261918
0.261745
0.261571
0.261398
0.261224
0.261051
0.260877
0.260704
0.260531
0.260358
0.260185
0.260012
0.259839
0.259667
0.259494
0.259321
0.259149
0.258976
0.258804
0.258632
0.258459
0.258287
0.258115
0.257943
0.257771
0.257599
0.257427
0.257256
0.257084
0.256913
0.256741
0.256570
0.256398
0.256227
0.256056
0.255885
0.255714
0.255543
0.255372
0.255201
0.255030
0.254860
0.254689
0.254518
0.254348
0.254178
0.254007
0.253837
0.253667
0.253497
0.253327
0.253157
0.252987
0.252818
0.252648
0.252478
0.252309
0.252139
0.251970
0.251801
0.251632
0.251462
0.251293
0.251124
0.250955
0.250787
0.250618
0.250449
0.250281
0.250112
0.249944
0.249775
0.249607
0.249439
0.249271
0.249103
0.248935
0.248767
0.248599
0.248432
0.248264
0.248096
0.247929
0.247761
0.247594
0.247427
0.247260
0.247093
0.246926
0.246759
0.246592
0.246425
0.246258
0.246092
0.245925
0.245759
0.245593
0.245426
0.245260
0.245094
0.244928
0.244762
0.244596
0.244430
0.244265
0.244099
0.243933
0.243768
0.243603
0.243437
0.243272
0.243107
0.242942
0.242777
0.242612
0.242447
0.242282
0.242118
0.241953
0.241789
0.241624
0.241460
0.241296
0.241131
0.240967
0.240803
0.240639
0.240475
0.240312
0.240148
0.239984
0.239821
0.239658
0.239494
0.239331
0.239168
0.239005
0.238842
0.238679
0.238516
0.238353
0.238190
0.238028
0.237865
0.237703
0.237540
0.237378
0.237216
0.237054
0.236892
0.236730
0.236568
0.236406
0.236245
0.236083
0.235921
0.235760
0.235599
0.235437
0.235276
0.235115
0.234954
0.234793
0.234632
0.234471
0.234311
0.234150
0.233990
0.233829
0.233669
0.233509
0.233348
0.233188
0.233028
0.232868
0.232708
0.232549
0.232389
0.232229
0.232070
0.231910
0.231751
0.231592
0.231433
0.231274
0.231115
0.230956
0.230797
0.230638
0.230479
0.230321
0.230162
0.230004
0.229846
0.229687
0.229529
0.229371
0.229213
0.229055
0.228898
0.228740
0.228582
0.228425
0.228267
0.228110
0.227952
0.227795
0.227638
0.227481
0.227324
0.227167
0.227010
0.226854
0.226697
0.226541
0.226384
0.226228
0.226071
0.225915
0.225759
0.225603
0.225447
0.225291
0.225136
0.224980
0.224824
0.224669
0.224513
0.224358
0.224203
0.224048
0.223893
0.223738
0.223583
0.223428
0.223273
0.223119
0.222964
0.222810
0.222655
0.222501
0.222347
0.222193
0.222039
0.221885
0.221731
0.221577
0.221423
0.221270
0.221116
0.220963
0.220809
0.220656
0.220503
0.220350
0.220197
0.220044
0.219891
0.219738
0.219586
0.219433
0.219281
0.219128
0.218976
0.218824
0.218672
0.218520
0.218368
0.218216
0.218064
0.217912
0.217761
0.217609
0.217458
0.217306
0.217155
0.217004
0.216853
0.216702
0.216551
0.216400
0.216249
0.216099
0.215948
0.215798
0.215647
0.215497
0.215347
0.215197
0.215047
0.214897
0.214747
0.214597
0.214447
0.214298
0.214148
0.213999
0.213849
0.213700
0.213551
0.213402
0.213253
0.213104
0.212955
0.212807
0.212658
0.212509
0.212361
0.212212
0.212064
0.211916
0.211768
0.211620
0.211472
0.211324
0.211176
0.211029
0.210881
0.210733
0.210586
0.210439
0.210291
0.210144
0.209997
0.209850
0.209703
0.209557
0.209410
0.209263
0.209117
0.208970
0.208824
0.208678
0.208531
0.208385
0.208239
0.208093
0.207947
0.207802
0.207656
0.207510
0.207365
0.207219
0.207074
0.206929
0.206784
0.206639
0.206494
0.206349
0.206204
0.206059
0.205915
0.205770
0.205626
0.205481
0.205337
0.205193
0.205049
0.204905
0.204761
0.204617
0.204473
0.204330
0.204186
0.204043
0.203899
0.203756
0.203613
0.203470
0.203327
0.203184
0.203041
0.202898
0.202755
0.202613
0.202470
0.202328
0.202185
0.202043
0.201901
0.201759
0.201617
0.201475
0.201333
0.201191
0.201050
0.200908
0.200767
0.200625
0.200484
0.200343
0.200202
0.200061
0.199920
0.199779
0.199638
0.199497
0.199357
0.199216
0.199076
0.198936
0.198795
0.198655
0.198515
0.198375
0.198235
0.198095
0.197956
0.197816
0.197676
0.197537
0.197398
0.197258
0.197119
0.196980
0.196841
0.196702
0.196563
0.196424
0.196286
0.196147
0.196009
0.195870
0.195732
0.195594
0.195456
0.195317
0.195180
0.195042
0.194904
0.194766
0.194628
0.194491
0.194353
0.194216
0.194079
0.193942
0.193804
0.193667
0.193531
0.193394
0.193257
0.193120
0.192984
0.192847
0.192711
0.192574
0.192438
0.192302
0.192166
0.192030
0.191894
0.191758
0.191623
0.191487
0.191351
0.191216
0.191080
0.190945
0.190810
0.190675
0.190540
0.190405
0.190270
0.190135
0.190001
0.189866
0.189731
0.189597
0.189463
0.189328
0.189194
0.189060
0.188926
0.188792
0.188658
0.188525
0.188391
0.188258
0.188124
0.187991
0.187857
0.187724
0.187591
0.187458
0.187325
0.187192
0.187059
0.186927
0.186794
0.186662
0.186529
0.186397
0.186264
0.186132
0.186000
0.185868
0.185736
0.185604
0.185473
0.185341
0.185209
0.185078
0.184946
0.184815
0.184684
0.184553
0.184422
0.184291
0.184160
0.184029
0.183898
0.183768
0.183637
0.183507
0.183376
0.183246
0.183116
0.182986
0.182855
0.182726
0.182596
0.182466
0.182336
0.182207
0.182077
0.181948
0.181818
0.181689
0.181560
0.181431
0.181302
0.181173
0.181044
0.180915
0.180786
0.180658
0.180529
0.180401
0.180272
0.180144
0.180016
0.179888
0.179760
0.179632
0.179504
0.179376
0.179249
0.179121
0.178994
0.178866
0.178739
0.178612
0.178485
0.178357
0.178231
0.178104
0.177977
0.177850
0.177723
0.177597
0.177470
0.177344
0.177218
0.177091
0.176965
0.176839
0.176713
0.176587
0.176462
0.176336
0.176210
0.176085
0.175959
0.175834
0.175708
0.175583
0.175458
0.175333
0.175208
0.175083
0.174958
0.174834
0.174709
0.174584
0.174460
0.174336
0.174211
0.174087
0.173963
0.173839
0.173715
0.173591
0.173467
0.173343
0.173220
0.173096
0.172973
0.172849
0.172726
0.172603
0.172480
0.172357
0.172234
0.172111
0.171988
0.171865
0.171743
0.171620
0.171498
0.171375
0.171253
0.171131
0.171009
0.170887
0.170765
0.170643
0.170521
0.170399
0.170278
0.170156
0.170034
0.169913
0.169792
0.169671
0.169549
0.169428
0.169307
0.169186
0.169066
0.168945
0.168824
0.168704
0.168583
0.168463
0.168342
0.168222
0.168102
0.167982
0.167862
0.167742
0.167622
0.167502
0.167383
0.167263
0.167144
0.167024
0.166905
0.166786
0.166666
0.166547
0.166428
0.166309
0.166190
0.166072
0.165953
0.165834
0.165716
0.165597
0.165479
0.165361
0.165242
0.165124
0.165006
0.164888
0.164770
0.164653
0.164535
0.164417
0.164300
0.164182
0.164065
0.163948
0.163830
0.163713
0.163596
0.163479
0.163362
0.163245
0.163129
0.163012
0.162895
0.162779
0.162662
0.162546
0.162430
0.162313
0.162197
0.162081
0.161965
0.161850
0.161734
0.161618
0.161502
0.161387
0.161271
0.161156
0.161041
0.160925
0.160810
0.160695
0.160580
0.160465
0.160350
0.160236
0.160121
0.160006
0.159892
0.159777
0.159663
0.159549
0.159435
0.159320
0.159206
0.159092
0.158979
0.158865
0.158751
0.158637
0.158524
0.158410
0.158297
0.158184
0.158070
0.157957
0.157844
0.157731
0.157618
0.157505
0.157393
0.157280
0.157167
0.157055
0.156942
0.156830
0.156718
0.156605
0.156493
0.156381
0.156269
0.156157
0.156045
0.155934
0.155822
0.155710
0.155599
0.155487
0.155376
0.155265
0.155153
0.155042
0.154931
0.154820
0.154709
0.154599
0.154488
0.154377
0.154267
0.154156
0.154046
0.153935
0.153825
0.153715
0.153605
0.153495
0.153385
0.153275
0.153165
0.153055
0.152945
0.152836
0.152726
0.152617
0.152508
0.152398
0.152289
0.152180
0.152071
0.151962
0.151853
0.151744
0.151635
0.151527
0.151418
0.151310
0.151201
0.151093
0.150985
0.150876
0.150768
0.150660
0.150552
0.150444
0.150337
0.150229
0.150121
0.150013
0.149906
0.149799
0.149691
0.149584
0.149477
0.149369
0.149262
0.149155
0.149049
0.148942
0.148835
0.148728
0.148622
0.148515
0.148409
0.148302
0.148196
0.148090
0.147983
0.147877
0.147771
0.147665
0.147560
0.147454
0.147348
0.147242
0.147137
0.147031
0.146926
0.146821
0.146715
0.146610
0.146505
0.146400
0.146295
0.146190
0.146085
0.145981
0.145876
0.145771
0.145667
0.145562
0.145458
0.145354
0.145250
0.145145
0.145041
0.144937
0.144833
0.144730
0.144626
0.144522
0.144418
0.144315
0.144211
0.144108
0.144005
0.143901
0.143798
0.143695
0.143592
0.143489
0.143386
0.143283
0.143181
0.143078
0.142975
0.142873
0.142770
0.142668
0.142566
0.142463
0.142361
0.142259
0.142157
0.142055
0.141953
0.141852
0.141750
0.141648
0.141547
0.141445
0.141344
0.141242
0.141141
0.141040
0.140939
0.140838
0.140737
0.140636
0.140535
0.140434
0.140333
0.140233
0.140132
0.140032
0.139931
0.139831
0.139731
0.139630
0.139530
0.139430
0.139330
0.139230
0.139130
0.139031
0.138931
0.138831
0.138732
0.138632
0.138533
0.138433
0.138334
0.138235
0.138136
0.138037
0.137938
0.137839
0.137740
0.137641
0.137543
0.137444
0.137345
0.137247
0.137148
0.137050
0.136952
0.136854
0.136755
0.136657
0.136559
0.136461
0.136364
0.136266
0.136168
0.136070
0.135973
0.135875
0.135778
0.135680
0.135583
0.135486
0.135389
0.135292
0.135195
0.135098
0.135001
0.134904
0.134807
0.134711
0.134614
0.134518
0.134421
0.134325
0.134228
0.134132
0.134036
0.133940
0.133844
0.133748
0.133652
0.133556
0.133460
0.133365
0.133269
0.133173
0.133078
0.132983
0.132887
0.132792
0.132697
0.132602
0.132506
0.132411
0.132316
0.132222
0.132127
0.132032
0.131937
0.131843
0.131748
0.131654
0.131559
0.131465
0.131371
0.131277
0.131183
0.131089
0.130995
0.130901
0.130807
0.130713
0.130619
0.130526
0.130432
0.130339
0.130245
0.130152
0.130058
0.129965
0.129872
0.129779
0.129686
0.129593
0.129500
0.129407
0.129314
0.129222
0.129129
0.129037
0.128944
0.128852
0.128759
0.128667
0.128575
0.128483
0.128390
0.128298
0.128207
0.128115
0.128023
0.127931
0.127839
0.127748
0.127656
0.127565
0.127473
0.127382
0.127291
0.127199
0.127108
0.127017
0.126926
0.126835
0.126744
0.126653
0.126563
0.126472
0.126381
0.126291
0.126200
0.126110
0.126019
0.125929
0.125839
0.125749
0.125659
0.125569
0.125479
0.125389
0.125299
0.125209
0.125119
0.125030
0.124940
0.124851
0.124761
0.124672
0.124582
0.124493
0.124404
0.124315
0.124226
0.124137
0.124048
0.123959
0.123870
0.123781
0.123693
0.123604
0.123516
0.123427
0.123339
0.123250
0.123162
0.123074
0.122986
0.122898
0.122809
0.122722
0.122634
0.122546
0.122458
0.122370
0.122283
0.122195
0.122108
0.122020
0.121933
0.121845
0.121758
0.121671
0.121584
0.121497
0.121410
0.121323
0.121236
0.121149
0.121062
0.120976
0.120889
0.120802
0.120716
0.120629
0.120543
0.120457
0.120371
0.120284
0.120198
0.120112
0.120026
0.119940
0.119854
0.119769
0.119683
0.119597
0.119511
0.119426
0.119340
0.119255
0.119170
0.119084
0.118999
0.118914
0.118829
0.118744
0.118659
0.118574
0.118489
0.118404
0.118319
0.118235
0.118150
0.118065
0.117981
0.117897
0.117812
0.117728
0.117644
0.117559
0.117475
0.117391
0.117307
0.117223
0.117139
0.117056
0.116972
0.116888
0.116804
0.116721
0.116637
0.116554
0.116470
0.116387
0.116304
0.116221
0.116138
0.116054
0.115971
0.115888
0.115806
0.115723
0.115640
0.115557
0.115474
0.115392
0.115309
0.115227
0.115144
0.115062
0.114980
0.114898
0.114815
0.114733
0.114651
0.114569
0.114487
0.114405
0.114324
0.114242
0.114160
0.114078
0.113997
0.113915
0.113834
0.113752
0.113671
0.113590
0.113509
0.113427
0.113346
0.113265
0.113184
0.113103
0.113023
0.112942
0.112861
0.112780
0.112700
0.112619
0.112539
0.112458
0.112378
0.112297
0.112217
0.112137
0.112057
0.111977
0.111897
0.111817
0.111737
0.111657
0.111577
0.111497
0.111418
0.111338
0.111258
0.111179
0.111099
0.111020
0.110941
0.110861
0.110782
0.110703
0.110624
0.110545
0.110466
0.110387
0.110308
0.110229
0.110151
0.110072
0.109993
0.109915
0.109836
0.109758
0.109679
0.109601
0.109523
0.109444
0.109366
0.109288
0.109210
0.109132
0.109054
0.108976
0.108898
0.108821
0.108743
0.108665
0.108588
0.108510
0.108433
0.108355
0.108278
0.108200
0.108123
0.108046
0.107969
0.107892
0.107815
0.107738
0.107661
0.107584
0.107507
0.107430
0.107354
0.107277
0.107200
0.107124
0.107047
0.106971
0.106895
0.106818
0.106742
0.106666
0.106590
0.106514
0.106438
0.106362
0.106286
0.106210
0.106134
0.106058
0.105983
0.105907
0.105831
0.105756
0.105680
0.105605
0.105530
0.105454
0.105379
0.105304
0.105229
0.105154
0.105079
0.105004
0.104929
0.104854
0.104779
0.104704
0.104630
0.104555
0.104481
0.104406
0.104332
0.104257
0.104183
0.104109
0.104034
0.103960
0.103886
0.103812
0.103738
0.103664
0.103590
0.103516
0.103442
0.103368
0.103295
0.103221
0.103147
0.103074
0.103000
0.102927
0.102854
0.102780
0.102707
0.102634
0.102561
0.102488
0.102414
0.102341
0.102269
0.102196
0.102123
0.102050
0.101977
0.101905
0.101832
0.101759
0.101687
0.101614
0.101542
0.101470
0.101397
0.101325
0.101253
0.101181
0.101109
0.101037
0.100965
0.100893
0.100821
0.100749
0.100677
0.100605
0.100534
0.100462
0.100391
0.100319
0.100248
0.100176
0.100105
0.100034
0.099962
0.099891
0.099820
0.099749
0.099678
0.099607
0.099536
0.099465
0.099394
0.099323
0.099253
0.099182
0.099111
0.099041
0.098970
0.098900
0.098829
0.098759
0.098689
0.098618
0.098548
0.098478
0.098408
0.098338
0.098268
0.098198
0.098128
0.098058
0.097989
0.097919
0.097849
0.097779
0.097710
0.097640
0.097571
0.097501
0.097432
0.097363
0.097293
0.097224
0.097155
0.097086
0.097017
0.096948
0.096879
0.096810
0.096741
0.096672
0.096603
0.096535
0.096466
0.096397
0.096329
0.096260
0.096192
0.096123
0.096055
0.095987
0.095918
0.095850
0.095782
0.095714
0.095646
0.095578
0.095510
0.095442
0.095374
0.095306
0.095239
0.095171
0.095103
0.095036
0.094968
0.094901
0.094833
0.094766
0.094698
0.094631
0.094564
0.094496
0.094429
0.094362
0.094295
0.094228
0.094161
0.094094
0.094027
0.093961
0.093894
0.093827
0.093760
0.093694
0.093627
0.093561
0.093494
0.093428
0.093361
0.093295
0.093229
0.093163
0.093096
0.093030
0.092964
0.092898
0.092832
0.092766
0.092700
0.092634
0.092569
0.092503
0.092437
0.092372
0.092306
0.092240
0.092175
0.092109
0.092044
0.091979
0.091913
0.091848
0.091783
0.091718
0.091653
0.091588
0.091523
0.091458
0.091393
0.091328
0.091263
0.091198
0.091133
0.091069
0.091004
0.090940
0.090875
0.090810
0.090746
0.090682
0.090617
0.090553
0.090489
0.090425
0.090360
0.090296
0.090232
0.090168
0.090104
0.090040
0.089976
0.089913
0.089849
0.089785
0.089721
0.089658
0.089594
0.089531
0.089467
0.089404
0.089340
0.089277
0.089213
0.089150
0.089087
0.089024
0.088961
0.088898
0.088835
0.088772
0.088709
0.088646
0.088583
0.088520
0.088457
0.088395
0.088332
0.088269
0.088207
0.088144
0.088082
0.088019
0.087957
0.087895
0.087832
0.087770
0.087708
0.087646
0.087584
0.087521
0.087459
0.087397
0.087336
0.087274
0.087212
0.087150
0.087088
0.087027
0.086965
0.086903
0.086842
0.086780
0.086719
0.086657
0.086596
0.086535
0.086473
0.086412
0.086351
0.086290
0.086229
0.086168
0.086107
0.086046
0.085985
0.085924
0.085863
0.085802
0.085741
0.085681
0.085620
0.085559
0.085499
0.085438
0.085378
0.085317
0.085257
0.085197
0.085136
0.085076
0.085016
0.084956
0.084895
0.084835
0.084775
0.084715
0.084655
0.084595
0.084536
0.084476
0.084416
0.084356
0.084297
0.084237
0.084177
0.084118
0.084058
0.083999
0.083939
0.083880
0.083821
0.083761
0.083702
0.083643
0.083584
0.083525
0.083466
0.083407
0.083348
0.083289
0.083230
0.083171
0.083112
0.083053
0.082995
0.082936
0.082877
0.082819
0.082760
0.082702
0.082643
0.082585
0.082526
0.082468
0.082410
0.082351
0.082293
0.082235
0.082177
0.082119
0.082061
0.082003
0.081945
0.081887
0.081829
0.081771
0.081713
0.081656
0.081598
0.081540
0.081483
0.081425
0.081368
0.081310
0.081253
0.081195
0.081138
0.081081
0.081023
0.080966
0.080909
0.080852
0.080795
0.080738
0.080681
0.080624
0.080567
0.080510
0.080453
0.080396
0.080339
0.080283
0.080226
0.080169
0.080113
0.080056
0.080000
0.079943
0.079887
0.079830
0.079774
0.079718
0.079661
0.079605
0.079549
0.079493
0.079437
0.079381
0.079325
0.079269
0.079213
0.079157
0.079101
0.079045
0.078989
0.078933
0.078878
0.078822
0.078767
0.078711
0.078655
0.078600
0.078544
0.078489
0.078434
0.078378
0.078323
0.078268
0.078213
0.078157
0.078102
0.078047
0.077992
0.077937
0.077882
0.077827
0.077772
0.077718
0.077663
0.077608
0.077553
0.077499
0.077444
0.077389
0.077335
0.077280
0.077226
0.077171
0.077117
0.077063
0.077008
0.076954
0.076900
0.076846
0.076792
0.076737
0.076683
0.076629
0.076575
0.076521
0.076467
0.076414
0.076360
0.076306
0.076252
0.076198
0.076145
0.076091
0.076037
0.075984
0.075930
0.075877
0.075823
0.075770
0.075717
0.075663
0.075610
0.075557
0.075504
0.075450
0.075397
0.075344
0.075291
0.075238
0.075185
0.075132
0.075079
0.075026
0.074974
0.074921
0.074868
0.074815
0.074763
0.074710
0.074657
0.074605
0.074552
0.074500
0.074448
0.074395
0.074343
0.074290
0.074238
0.074186
0.074134
0.074082
0.074029
0.073977
0.073925
0.073873
0.073821
0.073769
0.073717
0.073666
0.073614
0.073562
0.073510
0.073459
0.073407
0.073355
0.073304
0.073252
0.073201
0.073149
0.073098
0.073046
0.072995
0.072944
0.072892
0.072841
0.072790
0.072739
0.072687
0.072636
0.072585
0.072534
0.072483
0.072432
0.072381
0.072331
0.072280
0.072229
0.072178
0.072127
0.072077
0.072026
0.071975
0.071925
0.071874
0.071824
0.071773
0.071723
0.071673
0.071622
0.071572
0.071522
0.071471
0.071421
0.071371
0.071321
0.071271
0.071221
0.071171
0.071121
0.071071
0.071021
0.070971
0.070921
0.070871
0.070821
0.070772
0.070722
0.070672
0.070623
0.070573
0.070524
0.070474
0.070425
0.070375
0.070326
0.070276
0.070227
0.070178
0.070128
0.070079
0.070030
0.069981
0.069932
0.069883
0.069834
0.069785
0.069736
0.069687
0.069638
0.069589
0.069540
0.069491
0.069443
0.069394
0.069345
0.069296
0.069248
0.069199
0.069151
0.069102
0.069054
0.069005
0.068957
0.068909
0.068860
0.068812
0.068764
0.068715
0.068667
0.068619
0.068571
0.068523
0.068475
0.068427
0.068379
0.068331
0.068283
0.068235
0.068187
0.068139
0.068092
0.068044
0.067996
0.067949
0.067901
0.067853
0.067806
0.067758
0.067711
0.067663
0.067616
0.067569
0.067521
0.067474
0.067427
0.067379
0.067332
0.067285
0.067238
0.067191
0.067144
0.067097
0.067050
0.067003
0.066956
0.066909
0.066862
0.066815
0.066768
0.066721
0.066675
0.066628
0.066581
0.066535
0.066488
0.066442
0.066395
0.066349
0.066302
0.066256
0.066209
0.066163
0.066117
0.066070
0.066024
0.065978
0.065932
0.065886
0.065839
0.065793
0.065747
0.065701
0.065655
0.065609
0.065563
0.065517
0.065472
0.065426
0.065380
0.065334
0.065289
0.065243
0.065197
0.065152
0.065106
0.065060
0.065015
0.064969
0.064924
0.064879
0.064833
0.064788
0.064743
0.064697
0.064652
0.064607
0.064562
0.064516
0.064471
0.064426
0.064381
0.064336
0.064291
0.064246
0.064201
0.064156
0.064112
0.064067
0.064022
0.063977
0.063932
0.063888
0.063843
0.063799
0.063754
0.063709
0.063665
0.063620
0.063576
0.063531
0.063487
0.063443
0.063398
0.063354
0.063310
0.063266
0.063221
0.063177
0.063133
0.063089
0.063045
0.063001
0.062957
0.062913
0.062869
0.062825
0.062781
0.062737
0.062693
0.062650
0.062606
0.062562
0.062518
0.062475
0.062431
0.062387
0.062344
0.062300
0.062257
0.062213
0.062170
0.062127
0.062083
0.062040
0.061997
0.061953
0.061910
0.061867
0.061824
0.061780
0.061737
0.061694
0.061651
0.061608
0.061565
0.061522
0.061479
0.061436
0.061393
0.061351
0.061308
0.061265
0.061222
0.061180
0.061137
0.061094
0.061052
0.061009
0.060966
0.060924
0.060881
0.060839
0.060797
0.060754
0.060712
0.060669
0.060627
0.060585
0.060543
0.060500
0.060458
0.060416
0.060374
0.060332
0.060290
0.060248
0.060206
0.060164
0.060122
0.060080
0.060038
0.059996
0.059954
0.059912
0.059871
0.059829
0.059787
0.059746
0.059704
0.059662
0.059621
0.059579
0.059538
0.059496
0.059455
0.059413
0.059372
0.059331
0.059289
0.059248
0.059207
0.059165
0.059124
0.059083
0.059042
0.059001
0.058960
0.058919
0.058877
0.058836
0.058796
0.058755
0.058714
0.058673
0.058632
0.058591
0.058550
0.058509
0.058469
0.058428
0.058387
0.058347
0.058306
0.058265
0.058225
0.058184
0.058144
0.058103
0.058063
0.058023
0.057982
0.057942
0.057901
0.057861
0.057821
0.057781
0.057740
0.057700
0.057660
0.057620
0.057580
0.057540
0.057500
0.057460
0.057420
0.057380
0.057340
0.057300
0.057260
0.057220
0.057181
0.057141
0.057101
0.057061
0.057022
0.056982
0.056942
0.056903
0.056863
0.056824
0.056784
0.056745
0.056705
0.056666
0.056626
0.056587
0.056548
0.056508
0.056469
0.056430
0.056391
0.056351
0.056312
0.056273
0.056234
0.056195
0.056156
0.056117
0.056078
0.056039
0.056000
0.055961
0.055922
0.055883
0.055844
0.055805
0.055767
0.055728
0.055689
0.055651
0.055612
0.055573
0.055535
0.055496
0.055458
0.055419
0.055380
0.055342
0.055304
0.055265
0.055227
0.055188
0.055150
0.055112
0.055074
0.055035
0.054997
0.054959
0.054921
0.054883
0.054844
0.054806
0.054768
0.054730
0.054692
0.054654
0.054616
0.054578
0.054541
0.054503
0.054465
0.054427
0.054389
0.054352
0.054314
0.054276
0.054238
0.054201
0.054163
0.054126
0.054088
0.054051
0.054013
0.053976
0.053938
0.053901
0.053863
0.053826
0.053789
0.053751
0.053714
0.053677
0.053639
0.053602
0.053565
0.053528
0.053491
0.053454
0.053417
0.053380
0.053343
0.053306
0.053269
0.053232
0.053195
0.053158
0.053121
0.053084
0.053047
0.053011
0.052974
0.052937
0.052900
0.052864
0.052827
0.052791
0.052754
0.052717
0.052681
0.052644
0.052608
0.052571
0.052535
0.052499
0.052462
0.052426
0.052389
0.052353
0.052317
0.052281
0.052244
0.052208
0.052172
0.052136
0.052100
0.052064
0.052028
0.051992
0.051956
0.051920
0.051884
0.051848
0.051812
0.051776
0.051740
0.051704
0.051668
0.051633
0.051597
0.051561
0.051525
0.051490
0.051454
0.051418
0.051383
0.051347
0.051312
0.051276
0.051241
0.051205
0.051170
0.051134
0.051099
0.051064
0.051028
0.050993
0.050958
0.050922
0.050887
0.050852
0.050817
0.050782
0.050746
0.050711
0.050676
0.050641
0.050606
0.050571
0.050536
0.050501
0.050466
0.050431
0.050396
0.050362
0.050327
0.050292
0.050257
0.050222
0.050188
0.050153
0.050118
0.050084
0.050049
0.050014
0.049980
0.049945
0.049911
0.049876
0.049842
0.049807
0.049773
0.049738
0.049704
0.049670
0.049635
0.049601
0.049567
0.049532
0.049498
0.049464
0.049430
0.049396
0.049361
0.049327
0.049293
0.049259
0.049225
0.049191
0.049157
0.049123
0.049089
0.049055
0.049021
0.048988
0.048954
0.048920
0.048886
0.048852
0.048819
0.048785
0.048751
0.048717
0.048684
0.048650
0.048617
0.048583
0.048549
0.048516
0.048482
0.048449
0.048415
0.048382
0.048349
0.048315
0.048282
0.048249
0.048215
0.048182
0.048149
0.048115
0.048082
0.048049
0.048016
0.047983
0.047950
0.047916
0.047883
0.047850
0.047817
0.047784
0.047751
0.047718
0.047685
0.047653
0.047620
0.047587
0.047554
0.047521
0.047488
0.047456
0.047423
0.047390
0.047357
0.047325
0.047292
0.047259
0.047227
0.047194
0.047162
0.047129
0.047097
0.047064
0.047032
0.046999
0.046967
0.046935
0.046902
0.046870
0.046837
0.046805
0.046773
0.046741
0.046708
0.046676
0.046644
0.046612
0.046580
0.046548
0.046516
0.046483
0.046451
0.046419
0.046387
0.046355
0.046324
0.046292
0.046260
0.046228
0.046196
0.046164
0.046132
0.046100
0.046069
0.046037
0.046005
0.045974
0.045942
0.045910
0.045879
0.045847
0.045815
0.045784
0.045752
0.045721
0.045689
0.045658
0.045626
0.045595
0.045564
0.045532
0.045501
0.045469
0.045438
0.045407
0.045376
0.045344
0.045313
0.045282
0.045251
0.045220
0.045188
0.045157
0.045126
0.045095
0.045064
0.045033
0.045002
0.044971
0.044940
0.044909
0.044878
0.044847
0.044817
0.044786
0.044755
0.044724
0.044693
0.044663
0.044632
0.044601
0.044570
0.044540
0.044509
0.044478
0.044448
0.044417
0.044387
0.044356
0.044326
0.044295
0.044265
0.044234
0.044204
0.044173
0.044143
0.044113
0.044082
0.044052
0.044022
0.043991
0.043961
0.043931
0.043901
0.043871
0.043840
0.043810
0.043780
0.043750
0.043720
0.043690
0.043660
0.043630
0.043600
0.043570
0.043540
0.043510
0.043480
0.043450
0.043420
0.043390
0.043361
0.043331
0.043301
0.043271
0.043242
0.043212
0.043182
0.043152
0.043123
0.043093
0.043064
0.043034
0.043004
0.042975
0.042945
0.042916
0.042886
0.042857
0.042827
0.042798
0.042769
0.042739
0.042710
0.042681
0.042651
0.042622
0.042593
0.042563
0.042534
0.042505
0.042476
0.042447
0.042417
0.042388
0.042359
0.042330
0.042301
0.042272
0.042243
0.042214
0.042185
0.042156
0.042127
0.042098
0.042069
0.042040
0.042012
0.041983
0.041954
0.041925
0.041896
0.041868
0.041839
0.041810
0.041781
0.041753
0.041724
0.041695
0.041667
0.041638
0.041610
0.041581
0.041553
0.041524
0.041496
0.041467
0.041439
0.041410
0.041382
0.041353
0.041325
0.041297
0.041268
0.041240
0.041212
0.041184
0.041155
0.041127
0.041099
0.041071
0.041043
0.041014
0.040986
0.040958
0.040930
0.040902
0.040874
0.040846
0.040818
0.040790
0.040762
0.040734
0.040706
0.040678
0.040650
0.040622
0.040595
0.040567
0.040539
0.040511
0.040483
0.040456
0.040428
0.040400
0.040373
0.040345
0.040317
0.040290
0.040262
0.040234
0.040207
0.040179
0.040152
0.040124
0.040097
0.040069
0.040042
0.040014
0.039987
0.039960
0.039932
0.039905
0.039878
0.039850
0.039823
0.039796
0.039768
0.039741
0.039714
0.039687
0.039660
0.039632
0.039605
0.039578
0.039551
0.039524
0.039497
0.039470
0.039443
0.039416
0.039389
0.039362
0.039335
0.039308
0.039281
0.039254
0.039227
0.039201
0.039174
0.039147
0.039120
0.039093
0.039067
0.039040
0.039013
0.038986
0.038960
0.038933
0.038907
0.038880
0.038853
0.038827
0.038800
0.038774
0.038747
0.038721
0.038694
0.038668
0.038641
0.038615
0.038588
0.038562
0.038536
0.038509
0.038483
0.038457
0.038430
0.038404
0.038378
0.038351
0.038325
0.038299
0.038273
0.038247
0.038220
0.038194
0.038168
0.038142
0.038116
0.038090
0.038064
0.038038
0.038012
0.037986
0.037960
0.037934
0.037908
0.037882
0.037856
0.037830
0.037805
0.037779
0.037753
0.037727
0.037701
0.037676
0.037650
0.037624
0.037598
0.037573
0.037547
0.037521
0.037496
0.037470
0.037445
0.037419
0.037393
0.037368
0.037342
0.037317
0.037291
0.037266
0.037240
0.037215
0.037190
0.037164
0.037139
0.037113
0.037088
0.037063
0.037037
0.037012
0.036987
0.036962
0.036936
0.036911
0.036886
0.036861
0.036836
0.036810
0.036785
0.036760
0.036735
0.036710
0.036685
0.036660
0.036635
0.036610
0.036585
0.036560
0.036535
0.036510
0.036485
0.036460
0.036435
0.036410
0.036386
0.036361
0.036336
0.036311
0.036286
0.036262
0.036237
0.036212
0.036188
0.036163
0.036138
0.036113
0.036089
0.036064
0.036040
0.036015
0.035990
0.035966
0.035941
0.035917
0.035892
0.035868
0.035843
0.035819
0.035795
0.035770
0.035746
0.035721
0.035697
0.035673
0.035648
0.035624
0.035600
0.035576
0.035551
0.035527
0.035503
0.035479
0.035454
0.035430
0.035406
0.035382
0.035358
0.035334
0.035310
0.035286
0.035262
0.035238
0.035214
0.035190
0.035166
0.035142
0.035118
0.035094
0.035070
0.035046
0.035022
0.034998
0.034974
0.034950
0.034927
0.034903
0.034879
0.034855
0.034832
0.034808
0.034784
0.034760
0.034737
0.034713
0.034689
0.034666
0.034642
0.034619
0.034595
0.034572
0.034548
0.034524
0.034501
0.034477
0.034454
0.034431
0.034407
0.034384
0.034360
0.034337
0.034313
0.034290
0.034267
0.034243
0.034220
0.034197
0.034174
0.034150
0.034127
0.034104
0.034081
0.034057
0.034034
0.034011
0.033988
0.033965
0.033942
0.033919
0.033896
0.033872
0.033849
0.033826
0.033803
0.033780
0.033757
0.033734
0.033711
0.033689
0.033666
0.033643
0.033620
0.033597
0.033574
0.033551
0.033528
0.033506
0.033483
0.033460
0.033437
0.033415
0.033392
0.033369
0.033346
0.033324
0.033301
0.033278
0.033256
0.033233
0.033211
0.033188
0.033165
0.033143
0.033120
0.033098
0.033075
0.033053
0.033030
0.033008
0.032986
0.032963
0.032941
0.032918
0.032896
0.032874
0.032851
0.032829
0.032807
0.032784
0.032762
0.032740
0.032718
0.032695
0.032673
0.032651
0.032629
0.032607
0.032584
0.032562
0.032540
0.032518
0.032496
0.032474
0.032452
0.032430
0.032408
0.032386
0.032364
0.032342
0.032320
0.032298
0.032276
0.032254
0.032232
0.032210
0.032188
0.032166
0.032145
0.032123
0.032101
0.032079
0.032057
0.032036
0.032014
0.031992
0.031970
0.031949
0.031927
0.031905
0.031884
0.031862
0.031840
0.031819
0.031797
0.031776
0.031754
0.031732
0.031711
0.031689
0.031668
0.031646
0.031625
0.031603
0.031582
0.031561
0.031539
0.031518
0.031496
0.031475
0.031454
0.031432
0.031411
0.031390
0.031368
0.031347
0.031326
0.031305
0.031283
0.031262
0.031241
0.031220
0.031199
0.031177
0.031156
0.031135
0.031114
0.031093
0.031072
0.031051
0.031030
0.031009
0.030988
0.030967
0.030946
0.030925
0.030904
0.030883
0.030862
0.030841
0.030820
0.030799
0.030778
0.030757
0.030736
0.030716
0.030695
0.030674
0.030653
0.030632
0.030612
0.030591
0.030570
0.030550
0.030529
0.030508
0.030487
0.030467
0.030446
0.030425
0.030405
0.030384
0.030364
0.030343
0.030323
0.030302
0.030281
0.030261
0.030240
0.030220
0.030200
0.030179
0.030159
0.030138
0.030118
0.030097
0.030077
0.030057
0.030036
0.030016
0.029996
0.029975
0.029955
0.029935
0.029914
0.029894
0.029874
0.029854
0.029833
0.029813
0.029793
0.029773
0.029753
0.029733
0.029712
0.029692
0.029672
0.029652
0.029632
0.029612
0.029592
0.029572
0.029552
0.029532
0.029512
0.029492
0.029472
0.029452
0.029432
0.029412
0.029392
0.029372
0.029353
0.029333
0.029313
0.029293
0.029273
0.029253
0.029234
0.029214
0.029194
0.029174
0.029155
0.029135
0.029115
0.029095
0.029076
0.029056
0.029036
0.029017
0.028997
0.028978
0.028958
0.028938
0.028919
0.028899
0.028880
0.028860
0.028841
0.028821
0.028802
0.028782
0.028763
0.028743
0.028724
0.028704
0.028685
0.028666
0.028646
0.028627
0.028608
0.028588
0.028569
0.028550
0.028530
0.028511
0.028492
0.028472
0.028453
0.028434
0.028415
0.028396
0.028376
0.028357
0.028338
0.028319
0.028300
0.028281
0.028261
0.028242
0.028223
0.028204
0.028185
0.028166
0.028147
0.028128
0.028109
0.028090
0.028071
0.028052
0.028033
0.028014
0.027995
0.027976
0.027958
0.027939
0.027920
0.027901
0.027882
0.027863
0.027844
0.027826
0.027807
0.027788
0.027769
0.027751
0.027732
0.027713
0.027694
0.027676
0.027657
0.027638
0.027620
0.027601
0.027582
0.027564
0.027545
0.027527
0.027508
0.027489
0.027471
0.027452
0.027434
0.027415
0.027397
0.027378
0.027360
0.027341
0.027323
0.027304
0.027286
0.027268
0.027249
0.027231
0.027212
0.027194
0.027176
0.027157
0.027139
0.027121
0.027102
0.027084
0.027066
0.027048
0.027029
0.027011
0.026993
0.026975
0.026957
0.026938
0.026920
0.026902
0.026884
0.026866
0.026848
0.026830
0.026811
0.026793
0.026775
0.026757
0.026739
0.026721
0.026703
0.026685
0.026667
0.026649
0.026631
0.026613
0.026595
0.026577
0.026559
0.026542
0.026524
0.026506
0.026488
0.026470
0.026452
0.026434
0.026417
0.026399
0.026381
0.026363
0.026345
0.026328
0.026310
0.026292
0.026274
0.026257
0.026239
0.026221
0.026204
0.026186
0.026168
0.026151
0.026133
0.026116
0.026098
0.026080
0.026063
0.026045
0.026028
0.026010
0.025993
0.025975
0.025958
0.025940
0.025923
0.025905
0.025888
0.025870
0.025853
0.025836
0.025818
0.025801
0.025783
0.025766
0.025749
0.025731
0.025714
0.025697
0.025679
0.025662
0.025645
0.025628
0.025610
0.025593
0.025576
0.025559
0.025541
0.025524
0.025507
0.025490
0.025473
0.025456
0.025438
0.025421
0.025404
0.025387
0.025370
0.025353
0.025336
0.025319
0.025302
0.025285
0.025268
0.025251
0.025234
0.025217
0.025200
0.025183
0.025166
0.025149
0.025132
0.025115
0.025098
0.025081
0.025064
0.025048
0.025031
0.025014
0.024997
0.024980
0.024963
0.024947
0.024930
0.024913
0.024896
0.024880
0.024863
0.024846
0.024829
0.024813
0.024796
0.024779
0.024763
0.024746
0.024729
0.024713
0.024696
0.024680
0.024663
0.024646
0.024630
0.024613
0.024597
0.024580
0.024564
0.024547
0.024531
0.024514
0.024498
0.024481
0.024465
0.024448
0.024432
0.024415
0.024399
0.024383
0.024366
0.024350
0.024334
0.024317
0.024301
0.024285
0.024268
0.024252
0.024236
0.024219
0.024203
0.024187
0.024171
0.024154
0.024138
0.024122
0.024106
0.024089
0.024073
0.024057
0.024041
0.024025
0.024009
0.023993
0.023976
0.023960
0.023944
0.023928
0.023912
0.023896
0.023880
0.023864
0.023848
0.023832
0.023816
0.023800
0.023784
0.023768
0.023752
0.023736
0.023720
0.023704
0.023688
0.023672
0.023656
0.023641
0.023625
0.023609
0.023593
0.023577
0.023561
0.023546
0.023530
0.023514
0.023498
0.023482
0.023467
0.023451
0.023435
0.023419
0.023404
0.023388
0.023372
0.023357
0.023341
0.023325
0.023310
0.023294
0.023278
0.023263
0.023247
0.023232
0.023216
0.023200
0.023185
0.023169
0.023154
0.023138
0.023123
0.023107
0.023092
0.023076
0.023061
0.023045
0.023030
0.023014
0.022999
0.022983
0.022968
0.022953
0.022937
0.022922
0.022907
0.022891
0.022876
0.022860
0.022845
0.022830
0.022815
0.022799
0.022784
0.022769
0.022753
0.022738
0.022723
0.022708
0.022692
0.022677
0.022662
0.022647
0.022632
0.022616
0.022601
0.022586
0.022571
0.022556
0.022541
0.022526
0.022511
0.022496
0.022480
0.022465
0.022450
0.022435
0.022420
0.022405
0.022390
0.022375
0.022360
0.022345
0.022330
0.022315
0.022300
0.022285
0.022270
0.022256
0.022241
0.022226
0.022211
0.022196
0.022181
0.022166
0.022151
0.022137
0.022122
0.022107
0.022092
0.022077
0.022063
0.022048
0.022033
0.022018
0.022004
0.021989
0.021974
0.021959
0.021945
0.021930
0.021915
0.021901
0.021886
0.021871
0.021857
0.021842
0.021827
0.021813
0.021798
0.021784
0.021769
0.021754
0.021740
0.021725
0.021711
0.021696
0.021682
0.021667
0.021653
0.021638
0.021624
0.021609
0.021595
0.021580
0.021566
0.021552
0.021537
0.021523
0.021508
0.021494
0.021480
0.021465
0.021451
0.021436
0.021422
0.021408
0.021393
0.021379
0.021365
0.021351
0.021336
0.021322
0.021308
0.021293
0.021279
0.021265
0.021251
0.021237
0.021222
0.021208
0.021194
0.021180
0.021166
0.021151
0.021137
0.021123
0.021109
0.021095
0.021081
0.021067
0.021053
0.021039
0.021025
0.021011
0.020996
0.020982
0.020968
0.020954
0.020940
0.020926
0.020912
0.020898
0.020884
0.020870
0.020857
0.020843
0.020829
0.020815
0.020801
0.020787
0.020773
0.020759
0.020745
0.020731
0.020718
0.020704
0.020690
0.020676
0.020662
0.020648
0.020635
0.020621
0.020607
0.020593
0.020580
0.020566
0.020552
0.020538
0.020525
0.020511
0.020497
0.020484
0.020470
0.020456
0.020443
0.020429
0.020415
0.020402
0.020388
0.020374
0.020361
0.020347
0.020334
0.020320
0.020306
0.020293
0.020279
0.020266
0.020252
0.020239
0.020225
0.020212
0.020198
0.020185
0.020171
0.020158
0.020144
0.020131
0.020117
0.020104
0.020091
0.020077
0.020064
0.020050
0.020037
0.020024
0.020010
0.019997
0.019984
0.019970
0.019957
0.019944
0.019930
0.019917
0.019904
0.019890
0.019877
0.019864
0.019851
0.019837
0.019824
0.019811
0.019798
0.019784
0.019771
0.019758
0.019745
0.019732
0.019719
0.019705
0.019692
0.019679
0.019666
0.019653
0.019640
0.019627
0.019614
0.019601
0.019587
0.019574
0.019561
0.019548
0.019535
0.019522
0.019509
0.019496
0.019483
0.019470
0.019457
0.019444
0.019431
0.019418
0.019405
0.019392
0.019380
0.019367
0.019354
0.019341
0.019328
0.019315
0.019302
0.019289
0.019276
0.019264
0.019251
0.019238
0.019225
0.019212
0.019199
0.019187
0.019174
0.019161
0.019148
0.019136
0.019123
0.019110
0.019097
0.019085
0.019072
0.019059
0.019047
0.019034
0.019021
0.019008
0.018996
0.018983
0.018971
0.018958
0.018945
0.018933
0.018920
0.018907
0.018895
0.018882
0.018870
0.018857
0.018845
0.018832
0.018819
0.018807
0.018794
0.018782
0.018769
0.018757
0.018744
0.018732
0.018719
0.018707
0.018694
0.018682
0.018670
0.018657
0.018645
0.018632
0.018620
0.018608
0.018595
0.018583
0.018570
0.018558
0.018546
0.018533
0.018521
0.018509
0.018496
0.018484
0.018472
0.018459
0.018447
0.018435
0.018423
0.018410
0.018398
0.018386
0.018374
0.018361
0.018349
0.018337
0.018325
0.018313
0.018300
0.018288
0.018276
0.018264
0.018252
0.018240
0.018227
0.018215
0.018203
0.018191
0.018179
0.018167
0.018155
0.018143
0.018131
0.018119
0.018107
0.018095
0.018083
0.018070
0.018058
0.018046
0.018034
0.018022
0.018010
0.017998
0.017987
0.017975
0.017963
0.017951
0.017939
0.017927
0.017915
0.017903
0.017891
0.017879
0.017867
0.017855
0.017844
0.017832
0.017820
0.017808
0.017796
0.017784
0.017772
0.017761
0.017749
0.017737
0.017725
0.017714
0.017702
0.017690
0.017678
0.017666
0.017655
0.017643
0.017631
0.017620
0.017608
0.017596
0.017584
0.017573
0.017561
0.017549
0.017538
0.017526
0.017514
0.017503
0.017491
0.017480
0.017468
0.017456
0.017445
0.017433
0.017422
0.017410
0.017398
0.017387
0.017375
0.017364
0.017352
0.017341
0.017329
0.017318
0.017306
0.017295
0.017283
0.017272
0.017260
0.017249
0.017237
0.017226
0.017215
0.017203
0.017192
0.017180
0.017169
0.017157
0.017146
0.017135
0.017123
0.017112
0.017101
0.017089
0.017078
0.017067
0.017055
0.017044
0.017033
0.017021
0.017010
0.016999
0.016987
0.016976
0.016965
0.016954
0.016942
0.016931
0.016920
0.016909
0.016897
0.016886
0.016875
0.016864
0.016853
0.016841
0.016830
0.016819
0.016808
0.016797
0.016786
0.016775
0.016763
0.016752
0.016741
0.016730
0.016719
0.016708
0.016697
0.016686
0.016675
0.016664
0.016653
0.016641
0.016630
0.016619
0.016608
0.016597
0.016586
0.016575
0.016564
0.016553
0.016542
0.016531
0.016520
0.016510
0.016499
0.016488
0.016477
0.016466
0.016455
0.016444
0.016433
0.016422
0.016411
0.016400
0.016390
0.016379
0.016368
0.016357
0.016346
0.016335
0.016324
0.016314
0.016303
0.016292
0.016281
0.016270
0.016260
0.016249
0.016238
0.016227
0.016217
0.016206
0.016195
0.016184
0.016174
0.016163
0.016152
0.016142
0.016131
0.016120
0.016109
0.016099
0.016088
0.016077
0.016067
0.016056
0.016046
0.016035
0.016024
0.016014
0.016003
0.015992
0.015982
0.015971
0.015961
0.015950
0.015940
0.015929
0.015918
0.015908
0.015897
0.015887
0.015876
0.015866
0.015855
0.015845
0.015834
0.015824
0.015813
0.015803
0.015792
0.015782
0.015772
0.015761
0.015751
0.015740
0.015730
0.015719
0.015709
0.015699
0.015688
0.015678
0.015667
0.015657
0.015647
0.015636
0.015626
0.015616
0.015605
0.015595
0.015585
0.015574
0.015564
0.015554
0.015543
0.015533
0.015523
0.015513
0.015502
0.015492
0.015482
0.015472
0.015461
0.015451
0.015441
0.015431
0.015420
0.015410
0.015400
0.015390
0.015380
0.015370
0.015359
0.015349
0.015339
0.015329
0.015319
0.015309
0.015299
0.015288
0.015278
0.015268
0.015258
0.015248
0.015238
0.015228
0.015218
0.015208
0.015198
0.015188
0.015178
0.015168
0.015157
0.015147
0.015137
0.015127
0.015117
0.015107
0.015097
0.015087
0.015078
0.015068
0.015058
0.015048
0.015038
0.015028
0.015018
0.015008
0.014998
0.014988
0.014978
0.014968
0.014958
0.014948
0.014939
0.014929
0.014919
0.014909
0.014899
0.014889
0.014879
0.014870
0.014860
0.014850
0.014840
0.014830
0.014821
0.014811
0.014801
0.014791
0.014781
0.014772
0.014762
0.014752
0.014742
0.014733
0.014723
0.014713
0.014704
0.014694
0.014684
0.014674
0.014665
0.014655
0.014645
0.014636
0.014626
0.014616
0.014607
0.014597
0.014587
0.014578
0.014568
0.014559
0.014549
0.014539
0.014530
0.014520
0.014511
0.014501
0.014491
0.014482
0.014472
0.014463
0.014453
0.014444
0.014434
0.014425
0.014415
0.014406
0.014396
0.014387
0.014377
0.014368
0.014358
0.014349
0.014339
0.014330
0.014320
0.014311
0.014301
0.014292
0.014282
0.014273
0.014264
0.014254
0.014245
0.014235
0.014226
0.014217
0.014207
0.014198
0.014188
0.014179
0.014170
0.014160
0.014151
0.014142
0.014132
0.014123
0.014114
0.014104
0.014095
0.014086
0.014077
0.014067
0.014058
0.014049
0.014039
0.014030
0.014021
0.014012
0.014002
0.013993
0.013984
0.013975
0.013966
0.013956
0.013947
0.013938
0.013929
0.013920
0.013910
0.013901
0.013892
0.013883
0.013874
0.013865
0.013855
0.013846
0.013837
0.013828
0.013819
0.013810
0.013801
0.013792
0.013783
0.013774
0.013764
0.013755
0.013746
0.013737
0.013728
0.013719
0.013710
0.013701
0.013692
0.013683
0.013674
0.013665
0.013656
0.013647
0.013638
0.013629
0.013620
0.013611
0.013602
0.013593
0.013584
0.013575
0.013566
0.013557
0.013548
0.013540
0.013531
0.013522
0.013513
0.013504
0.013495
0.013486
0.013477
0.013468
0.013459
0.013451
0.013442
0.013433
0.013424
0.013415
0.013406
0.013398
0.013389
0.013380
0.013371
0.013362
0.013353
0.013345
0.013336
0.013327
0.013318
0.013310
0.013301
0.013292
0.013283
0.013275
0.013266
0.013257
0.013248
0.013240
0.013231
0.013222
0.013214
0.013205
0.013196
0.013187
0.013179
0.013170
0.013161
0.013153
0.013144
0.013135
0.013127
0.013118
0.013110
0.013101
0.013092
0.013084
0.013075
0.013067
0.013058
0.013049
0.013041
0.013032
0.013024
0.013015
0.013006
0.012998
0.012989
0.012981
0.012972
0.012964
0.012955
0.012947
0.012938
0.012930
0.012921
0.012913
0.012904
0.012896
0.012887
0.012879
0.012870
0.012862
0.012853
0.012845
0.012836
0.012828
0.012820
0.012811
0.012803
0.012794
0.012786
0.012777
0.012769
0.012761
0.012752
0.012744
0.012736
0.012727
0.012719
0.012710
0.012702
0.012694
0.012685
0.012677
0.012669
0.012660
0.012652
0.012644
0.012635
0.012627
0.012619
0.012611
0.012602
0.012594
0.012586
0.012577
0.012569
0.012561
0.012553
0.012544
0.012536
0.012528
0.012520
0.012511
0.012503
0.012495
0.012487
0.012479
0.012470
0.012462
0.012454
0.012446
