1.000000
0.965657
0.559831
0.559901
0.559946
0.559992
0.560037
0.560081
0.560126
0.560170
0.560214
0.560258
0.560301
0.560345
0.560388
0.560431
0.560473
0.560516
0.560558
0.560600
0.560641
0.560683
0.560724
0.560765
0.560805
0.560846
0.560886
0.560926
0.560965
0.561005
0.561044
0.561083
0.561122
0.561160
0.561199
0.561237
0.561274
0.561312
0.561349
0.561386
0.561423
0.561459
0.561496
0.561532
0.561568
0.561603
0.561638
0.561674
0.561708
0.561743
0.561777
0.561811
0.561845
0.561879
0.561912
0.561945
0.561978
0.562011
0.562043
0.562075
0.562107
0.562139
0.562170
0.562201
0.562232
0.562263
0.562293
0.562323
0.562353
0.562383
0.562412
0.562441
0.562470
0.562499
0.562527
0.562556
0.562584
0.562611
0.562639
0.562666
0.562693
0.562719
0.562746
0.562772
0.562798
0.562824
0.562849
0.562874
0.562899
0.562924
0.562948
0.562972
0.562996
0.563020
0.563043
0.563066
0.563089
0.563112
0.563134
0.563157
0.563178
0.563200
0.563221
0.563243
0.563264
0.563284
0.563305
0.563325
0.563345
0.563364
0.563384
0.563403
0.563422
0.563440
0.563459
0.563477
0.563495
0.563512
0.563530
0.563547
0.563563
0.563580
0.563596
0.563612
0.563628
0.563644
0.563659
0.563674
0.563689
0.563704
0.563718
0.563732
0.563746
0.563759
0.563773
0.563786
0.563798
0.563811
0.563823
0.563835
0.563847
0.563858
0.563870
0.563881
0.563891
0.563902
0.563912
0.563922
0.563932
0.563941
0.563950
0.563959
0.563968
0.563976
0.563984
0.563992
0.564000
0.564007
0.564015
0.564021
0.564028
0.564034
0.564041
0.564046
0.564052
0.564057
0.564062
0.564067
0.564072
0.564076
0.564080
0.564084
0.564087
0.564091
0.564094
0.564096
0.564099
0.564101
0.564103
0.564105
0.564106
0.564108
0.564108
0.564109
0.564110
0.564110
0.564110
0.564109
0.564109
0.564108
0.564107
0.564105
0.564104
0.564102
0.564100
0.564097
0.564095
0.564092
0.564088
0.564085
0.564081
0.564077
0.564073
0.564068
0.564064
0.564059
0.564053
0.564048
0.564042
0.564036
0.564030
0.564023
0.564016
0.564009
0.564002
0.563994
0.563986
0.563978
0.563970
0.563961
0.563952
0.563943
0.563934
0.563924
0.563914
0.563904
0.563893
0.563883
0.563872
0.563860
0.563849
0.563837
0.563825
0.563813
0.563800
0.563788
0.563774
0.563761
0.563748
0.563734
0.563720
0.563705
0.563691
0.563676
0.563661
0.563645
0.563629
0.563614
0.563597
0.563581
0.563564
0.563547
0.563530
0.563512
0.563495
0.563477
0.563458
0.563440
0.563421
0.563402
0.563383
0.563363
0.563343
0.563323
0.563303
0.563282
0.563261
0.563240
0.563219
0.563197
0.563175
0.563153
0.563131
0.563108
0.563085
0.563062
0.563038
0.563015
0.562991
0.562966
0.562942
0.562917
0.562892
0.562867
0.562841
0.562816
0.562789
0.562763
0.562737
0.562710
0.562683
0.562655
0.562628
0.562600
0.562572
0.562543
0.562515
0.562486
0.562456
0.562427
0.562397
0.562367
0.562337
0.562307
0.562276
0.562245
0.562214
0.562182
0.562150
0.562118
0.562086
0.562054
0.562021
0.561988
0.561954
0.561921
0.561887
0.561853
0.561819
0.561784
0.561749
0.561714
0.561679
0.561643
0.561607
0.561571
0.561535
0.561498
0.561461
0.561424
0.561386
0.561349
0.561311
0.561272
0.561234
0.561195
0.561156
0.561117
0.561078
0.561038
0.560998
0.560957
0.560917
0.560876
0.560835
0.560794
0.560752
0.560711
0.560668
0.560626
0.560584
0.560541
0.560498
0.560454
0.560411
0.560367
0.560323
0.560278
0.560234
0.560189
0.560144
0.560098
0.560053
0.560007
0.559961
0.559914
0.559868
0.559821
0.559774
0.559726
0.559679
0.559631
0.559583
0.559534
0.559485
0.559436
0.559387
0.559338
0.559288
0.559238
0.559188
0.559138
0.559087
0.559036
0.558985
0.558933
0.558882
0.558830
0.558777
0.558725
0.558672
0.558619
0.558566
0.558512
0.558459
0.558405
0.558351
0.558296
0.558241
0.558186
0.558131
0.558076
0.558020
0.557964
0.557908
0.557851
0.557794
0.557737
0.557680
0.557623
0.557565
0.557507
0.557449
0.557390
0.557332
0.557273
0.557213
0.557154
0.557094
0.557034
0.556974
0.556913
0.556853
0.556792
0.556731
0.556669
0.556607
0.556545
0.556483
0.556421
0.556358
0.556295
0.556232
0.556169
0.556105
0.556041
0.555977
0.555912
0.555848
0.555783
0.555718
0.555652
0.555587
0.555521
0.555455
0.555388
0.555322
0.555255
0.555188
0.555120
0.555053
0.554985
0.554917
0.554848
0.554780
0.554711
0.554642
0.554573
0.554503
0.554433
0.554363
0.554293
0.554222
0.554152
0.554081
0.554009
0.553938
0.553866
0.553794
0.553722
0.553650
0.553577
0.553504
0.553431
0.553358
0.553284
0.553210
0.553136
0.553062
0.552987
0.552912
0.552837
0.552762
0.552686
0.552610
0.552534
0.552458
0.552382
0.552305
0.552228
0.552151
0.552073
0.551996
0.551918
0.551839
0.551761
0.551682
0.551604
0.551525
0.551445
0.551366
0.551286
0.551206
0.551125
0.551045
0.550964
0.550883
0.550802
0.550721
0.550639
0.550557
0.550475
0.550393
0.550310
0.550227
0.550144
0.550061
0.549977
0.549893
0.549809
0.549725
0.549641
0.549556
0.549471
0.549386
0.549301
0.549215
0.549129
0.549043
0.548957
0.548870
0.548783
0.548696
0.548609
0.548522
0.548434
0.548346
0.548258
0.548170
0.548081
0.547992
0.547903
0.547814
0.547725
0.547635
0.547545
0.547455
0.547364
0.547274
0.547183
0.547092
0.547001
0.546909
0.546817
0.546725
0.546633
0.546541
0.546448
0.546355
0.546262
0.546169
0.546075
0.545982
0.545888
0.545793
0.545699
0.545604
0.545510
0.545415
0.545319
0.545224
0.545128
0.545032
0.544936
0.544839
0.544743
0.544646
0.544549
0.544452
0.544354
0.544257
0.544159
0.544060
0.543962
0.543864
0.543765
0.543666
0.543567
0.543467
0.543367
0.543268
0.543167
0.543067
0.542967
0.542866
0.542765
0.542664
0.542562
0.542461
0.542359
0.542257
0.542155
0.542052
0.541950
0.541847
0.541744
0.541641
0.541537
0.541433
0.541329
0.541225
0.541121
0.541016
0.540912
0.540807
0.540701
0.540596
0.540490
0.540385
0.540279
0.540172
0.540066
0.539959
0.539853
0.539745
0.539638
0.539531
0.539423
0.539315
0.539207
0.539099
0.538990
0.538882
0.538773
0.538664
0.538554
0.538445
0.538335
0.538225
0.538115
0.538005
0.537894
0.537783
0.537672
0.537561
0.537450
0.537338
0.537227
0.537115
0.537003
0.536890
0.536778
0.536665
0.536552
0.536439
0.536326
0.536212
0.536098
0.535984
0.535870
0.535756
0.535641
0.535527
0.535412
0.535297
0.535181
0.535066
0.534950
0.534834
0.534718
0.534602
0.534485
0.534368
0.534252
0.534135
0.534017
0.533900
0.533782
0.533664
0.533546
0.533428
0.533310
0.533191
0.533072
0.532953
0.532834
0.532715
0.532595
0.532475
0.532355
0.532235
0.532115
0.531994
0.531874
0.531753
0.531632
0.531510
0.531389
0.531267
0.531146
0.531024
0.530901
0.530779
0.530656
0.530534
0.530411
0.530288
0.530164
0.530041
0.529917
0.529793
0.529669
0.529545
0.529421
0.529296
0.529171
0.529046
0.528921
0.528796
0.528670
0.528545
0.528419
0.528293
0.528166
0.528040
0.527913
0.527787
0.527660
0.527533
0.527405
0.527278
0.527150
0.527022
0.526894
0.526766
0.526638
0.526509
0.526381
0.526252
0.526123
0.525993
0.525864
0.525734
0.525605
0.525475
0.525345
0.525214
0.525084
0.524953
0.524822
0.524691
0.524560
0.524429
0.524298
0.524166
0.524034
0.523902
0.523770
0.523638
0.523505
0.523372
0.523240
0.523106
0.522973
0.522840
0.522706
0.522573
0.522439
0.522305
0.522171
0.522036
0.521902
0.521767
0.521632
0.521497
0.521362
0.521227
0.521091
0.520956
0.520820
0.520684
0.520548
0.520411
0.520275
0.520138
0.520001
0.519865
0.519727
0.519590
0.519453
0.519315
0.519177
0.519039
0.518901
0.518763
0.518625
0.518486
0.518347
0.518209
0.518070
0.517930
0.517791
0.517651
0.517512
0.517372
0.517232
0.517092
0.516952
0.516811
0.516671
0.516530
0.516389
0.516248
0.516107
0.515965
0.515824
0.515682
0.515541
0.515399
0.515256
0.515114
0.514972
0.514829
0.514687
0.514544
0.514401
0.514258
0.514114
0.513971
0.513827
0.513683
0.513540
0.513395
0.513251
0.513107
0.512962
0.512818
0.512673
0.512528
0.512383
0.512238
0.512093
0.511947
0.511801
0.511656
0.511510
0.511364
0.511217
0.511071
0.510925
0.510778
0.510631
0.510484
0.510337
0.510190
0.510043
0.509895
0.509748
0.509600
0.509452
0.509304
0.509156
0.509007
0.508859
0.508710
0.508562
0.508413
0.508264
0.508115
0.507965
0.507816
0.507667
0.507517
0.507367
0.507217
0.507067
0.506917
0.506767
0.506616
0.506465
0.506315
0.506164
0.506013
0.505862
0.505710
0.505559
0.505408
0.505256
0.505104
0.504952
0.504800
0.504648
0.504496
0.504343
0.504191
0.504038
0.503885
0.503732
0.503579
0.503426
0.503273
0.503119
0.502966
0.502812
0.502658
0.502504
0.502350
0.502196
0.502042
0.501887
0.501733
0.501578
0.501423
0.501269
0.501114
0.500958
0.500803
0.500648
0.500492
0.500337
0.500181
0.500025
0.499869
0.499713
0.499557
0.499400
0.499244
0.499087
0.498930
0.498774
0.498617
0.498460
0.498302
0.498145
0.497988
0.497830
0.497673
0.497515
0.497357
0.497199
0.497041
0.496883
0.496724
0.496566
0.496407
0.496249
0.496090
0.495931
0.495772
0.495613
0.495454
0.495295
0.495135
0.494976
0.494816
0.494656
0.494496
0.494336
0.494176
0.494016
0.493856
0.493695
0.493535
0.493374
0.493214
0.493053
0.492892
0.492731
0.492570
0.492408
0.492247
0.492086
0.491924
0.491762
0.491601
0.491439
0.491277
0.491115
0.490953
0.490790
0.490628
0.490466
0.490303
0.490140
0.489978
0.489815
0.489652
0.489489
0.489325
0.489162
0.488999
0.488835
0.488672
0.488508
0.488344
0.488181
0.488017
0.487853
0.487688
0.487524
0.487360
0.487195
0.487031
0.486866
0.486702
0.486537
0.486372
0.486207
0.486042
0.485877
0.485711
0.485546
0.485381
0.485215
0.485049
0.484884
0.484718
0.484552
0.484386
0.484220
0.484054
0.483887
0.483721
0.483555
0.483388
0.483222
0.483055
0.482888
0.482721
0.482554
0.482387
0.482220
0.482053
0.481886
0.481718
0.481551
0.481383
0.481216
0.481048
0.480880
0.480712
0.480544
0.480376
0.480208
0.480040
0.479871
0.479703
0.479535
0.479366
0.479197
0.479029
0.478860
0.478691
0.478522
0.478353
0.478184
0.478015
0.477846
0.477676
0.477507
0.477337
0.477168
0.476998
0.476828
0.476659
0.476489
0.476319
0.476149
0.475979
0.475809
0.475638
0.475468
0.475298
0.475127
0.474957
0.474786
0.474615
0.474445
0.474274
0.474103
0.473932
0.473761
0.473590
0.473419
0.473247
0.473076
0.472905
0.472733
0.472562
0.472390
0.472218
0.472047
0.471875
0.471703
0.471531
0.471359
0.471187
0.471015
0.470842
0.470670
0.470498
0.470325
0.470153
0.469980
0.469808
0.469635
0.469462
0.469290
0.469117
0.468944
0.468771
0.468598
0.468425
0.468252
0.468078
0.467905
0.467732
0.467558
0.467385
0.467211
0.467038
0.466864
0.466690
0.466516
0.466343
0.466169
0.465995
0.465821
0.465647
0.465473
0.465298
0.465124
0.464950
0.464775
0.464601
0.464427
0.464252
0.464077
0.463903
0.463728
0.463553
0.463379
0.463204
0.463029
0.462854
0.462679
0.462504
0.462329
0.462153
0.461978
0.461803
0.461628
0.461452
0.461277
0.461101
0.460926
0.460750
0.460575
0.460399
0.460223
0.460047
0.459872
0.459696
0.459520
0.459344
0.459168
0.458992
0.458816
0.458639
0.458463
0.458287
0.458111
0.457934
0.457758
0.457581
0.457405
0.457228
0.457052
0.456875
0.456698
0.456522
0.456345
0.456168
0.455991
0.455814
0.455637
0.455461
0.455284
0.455106
0.454929
0.454752
0.454575
0.454398
0.454221
0.454043
0.453866
0.453688
0.453511
0.453334
0.453156
0.452979
0.452801
0.452623
0.452446
0.452268
0.452090
0.451912
0.451735
0.451557
0.451379
0.451201
0.451023
0.450845
0.450667
0.450489
0.450311
0.450133
0.449955
0.449776
0.449598
0.449420
0.449242
0.449063
0.448885
0.448706
0.448528
0.448349
0.448171
0.447992
0.447814
0.447635
0.447457
0.447278
0.447099
0.446921
0.446742
0.446563
0.446384
0.446205
0.446027
0.445848
0.445669
0.445490
0.445311
0.445132
0.444953
0.444774
0.444595
0.444415
0.444236
0.444057
0.443878
0.443699
0.443519
0.443340
0.443161
0.442981
0.442802
0.442623
0.442443
0.442264
0.442084
0.441905
0.441725
0.441546
0.441366
0.441187
0.441007
0.440828
0.440648
0.440468
0.440289
0.440109
0.439929
0.439749
0.439570
0.439390
0.439210
0.439030
0.438850
0.438670
0.438491
0.438311
0.438131
0.437951
0.437771
0.437591
0.437411
0.437231
0.437051
0.436871
0.436691
0.436511
0.436330
0.436150
0.435970
0.435790
0.435610
0.435430
0.435249
0.435069
0.434889
0.434709
0.434529
0.434348
0.434168
0.433988
0.433807
0.433627
0.433447
0.433266
0.433086
0.432906
0.432725
0.432545
0.432364
0.432184
0.432003
0.431823
0.431642
0.431462
0.431282
0.431101
0.430921
0.430740
0.430559
0.430379
0.430198
0.430018
0.429837
0.429657
0.429476
0.429296
0.429115
0.428934
0.428754
0.428573
0.428392
0.428212
0.428031
0.427851
0.427670
0.427489
0.427309
0.427128
0.426947
0.426766
0.426586
0.426405
0.426224
0.426044
0.425863
0.425682
0.425502
0.425321
0.425140
0.424959
0.424779
0.424598
0.424417
0.424236
0.424056
0.423875
0.423694
0.423513
0.423333
0.423152
0.422971
0.422790
0.422610
0.422429
0.422248
0.422067
0.421887
0.421706
0.421525
0.421344
0.421164
0.420983
0.420802
0.420621
0.420441
0.420260
0.420079
0.419898
0.419718
0.419537
0.419356
0.419175
0.418995
0.418814
0.418633
0.418452
0.418272
0.418091
0.417910
0.417730
0.417549
0.417368
0.417187
0.417007
0.416826
0.416645
0.416465
0.416284
0.416103
0.415923
0.415742
0.415562
0.415381
0.415200
0.415020
0.414839
0.414658
0.414478
0.414297
0.414117
0.413936
0.413756
0.413575
0.413394
0.413214
0.413033
0.412853
0.412672
0.412492
0.412311
0.412131
0.411950
0.411770
0.411589
0.411409
0.411229
0.411048
0.410868
0.410687
0.410507
0.410327
0.410146
0.409966
0.409786
0.409605
0.409425
0.409245
0.409064
0.408884
0.408704
0.408524
0.408343
0.408163
0.407983
0.407803
0.407623
0.407442
0.407262
0.407082
0.406902
0.406722
0.406542
0.406362
0.406182
0.406002
0.405822
0.405642
0.405462
0.405282
0.405102
0.404922
0.404742
0.404562
0.404382
0.404202
0.404022
0.403843
0.403663
0.403483
0.403303
0.403123
0.402944
0.402764
0.402584
0.402405
0.402225
0.402045
0.401866
0.401686
0.401506
0.401327
0.401147
0.400968
0.400788
0.400609
0.400429
0.400250
0.400070
0.399891
0.399712
0.399532
0.399353
0.399174
0.398994
0.398815
0.398636
0.398457
0.398277
0.398098
0.397919
0.397740
0.397561
0.397382
0.397203
0.397024
0.396845
0.396666
0.396487
0.396308
0.396129
0.395950
0.395771
0.395592
0.395413
0.395235
0.395056
0.394877
0.394698
0.394520
0.394341
0.394162
0.393984
0.393805
0.393626
0.393448
0.393269
0.393091
0.392912
0.392734
0.392556
0.392377
0.392199
0.392021
0.391842
0.391664
0.391486
0.391308
0.391129
0.390951
0.390773
0.390595
0.390417
0.390239
0.390061
0.389883
0.389705
0.389527
0.389349
0.389171
0.388994
0.388816
0.388638
0.388460
0.388283
0.388105
0.387927
0.387750
0.387572
0.387394
0.387217
0.387039
0.386862
0.386685
0.386507
0.386330
0.386152
0.385975
0.385798
0.385621
0.385444
0.385266
0.385089
0.384912
0.384735
0.384558
0.384381
0.384204
0.384027
0.383850
0.383673
0.383496
0.383320
0.383143
0.382966
0.382790
0.382613
0.382436
0.382260
0.382083
0.381907
0.381730
0.381554
0.381377
0.381201
0.381024
0.380848
0.380672
0.380496
0.380319
0.380143
0.379967
0.379791
0.379615
0.379439
0.379263
0.379087
0.378911
0.378735
0.378560
0.378384
0.378208
0.378032
0.377857
0.377681
0.377505
0.377330
0.377154
0.376979
0.376803
0.376628
0.376453
0.376277
0.376102
0.375927
0.375751
0.375576
0.375401
0.375226
0.375051
0.374876
0.374701
0.374526
0.374351
0.374176
0.374001
0.373827
0.373652
0.373477
0.373303
0.373128
0.372953
0.372779
0.372604
0.372430
0.372256
0.372081
0.371907
0.371733
0.371558
0.371384
0.371210
0.371036
0.370862
0.370688
0.370514
0.370340
0.370166
0.369992
0.369818
0.369644
0.369471
0.369297
0.369123
0.368950
0.368776
0.368603
0.368429
0.368256
0.368082
0.367909
0.367736
0.367563
0.367389
0.367216
0.367043
0.366870
0.366697
0.366524
0.366351
0.366178
0.366005
0.365832
0.365660
0.365487
0.365314
0.365142
0.364969
0.364797
0.364624
0.364452
0.364279
0.364107
0.363935
0.363762
0.363590
0.363418
0.363246
0.363074
0.362902
0.362730
0.362558
0.362386
0.362214
0.362042
0.361871
0.361699
0.361527
0.361356
0.361184
0.361013
0.360841
0.360670
0.360498
0.360327
0.360156
0.359985
0.359813
0.359642
0.359471
0.359300
0.359129
0.358958
0.358787
0.358617
0.358446
0.358275
0.358104
0.357934
0.357763
0.357593
0.357422
0.357252
0.357081
0.356911
0.356741
0.356570
0.356400
0.356230
0.356060
0.355890
0.355720
0.355550
0.355380
0.355210
0.355041
0.354871
0.354701
0.354532
0.354362
0.354192
0.354023
0.353854
0.353684
0.353515
0.353346
0.353176
0.353007
0.352838
0.352669
0.352500
0.352331
0.352162
0.351993
0.351824
0.351656
0.351487
0.351318
0.351150
0.350981
0.350813
0.350644
0.350476
0.350307
0.350139
0.349971
0.349803
0.349635
0.349467
0.349299
0.349131
0.348963
0.348795
0.348627
0.348459
0.348292
0.348124
0.347956
0.347789
0.347621
0.347454
0.347286
0.347119
0.346952
0.346785
0.346617
0.346450
0.346283
0.346116
0.345949
0.345782
0.345616
0.345449
0.345282
0.345115
0.344949
0.344782
0.344616
0.344449
0.344283
0.344117
0.343950
0.343784
0.343618
0.343452
0.343286
0.343120
0.342954
0.342788
0.342622
0.342456
0.342290
0.342125
0.341959
0.341794
0.341628
0.341463
0.341297
0.341132
0.340967
0.340801
0.340636
0.340471
0.340306
0.340141
0.339976
0.339811
0.339646
0.339482
0.339317
0.339152
0.338988
0.338823
0.338659
0.338494
0.338330
0.338165
0.338001
0.337837
0.337673
0.337509
0.337345
0.337181
0.337017
0.336853
0.336689
0.336525
0.336362
0.336198
0.336034
0.335871
0.335708
0.335544
0.335381
0.335218
0.335054
0.334891
0.334728
0.334565
0.334402
0.334239
0.334076
0.333913
0.333751
0.333588
0.333425
0.333263
0.333100
0.332938
0.332775
0.332613
0.332451
0.332288
0.332126
0.331964
0.331802
0.331640
0.331478
0.331316
0.331155
0.330993
0.330831
0.330670
0.330508
0.330346
0.330185
0.330024
0.329862
0.329701
0.329540
0.329379
0.329218
0.329056
0.328896
0.328735
0.328574
0.328413
0.328252
0.328092
0.327931
0.327770
0.327610
0.327449
0.327289
0.327129
0.326969
0.326808
0.326648
0.326488
0.326328
0.326168
0.326008
0.325849
0.325689
0.325529
0.325369
0.325210
0.325050
0.324891
0.324731
0.324572
0.324413
0.324254
0.324094
0.323935
0.323776
0.323617
0.323458
0.323300
0.323141
0.322982
0.322823
0.322665
0.322506
0.322348
0.322189
0.322031
0.321873
0.321715
0.321556
0.321398
0.321240
0.321082
0.320924
0.320766
0.320609
0.320451
0.320293
0.320136
0.319978
0.319821
0.319663
0.319506
0.319349
0.319191
0.319034
0.318877
0.318720
0.318563
0.318406
0.318249
0.318092
0.317936
0.317779
0.317622
0.317466
0.317309
0.317153
0.316997
0.316840
0.316684
0.316528
0.316372
0.316216
0.316060
0.315904
0.315748
0.315592
0.315436
0.315281
0.315125
0.314970
0.314814
0.314659
0.314503
0.314348
0.314193
0.314038
0.313883
0.313728
0.313573
0.313418
0.313263
0.313108
0.312953
0.312799
0.312644
0.312490
0.312335
0.312181
0.312026
0.311872
0.311718
0.311564
0.311410
0.311256
0.311102
0.310948
0.310794
0.310640
0.310486
0.310333
0.310179
0.310026
0.309872
0.309719
0.309566
0.309412
0.309259
0.309106
0.308953
0.308800
0.308647
0.308494
0.308341
0.308189
0.308036
0.307883
0.307731
0.307578
0.307426
0.307274
0.307121
0.306969
0.306817
0.306665
0.306513
0.306361
0.306209
0.306057
0.305905
0.305754
0.305602
0.305450
0.305299
0.305147
0.304996
0.304845
0.304693
0.304542
0.304391
0.304240
0.304089
0.303938
0.303787
0.303636
0.303486
0.303335
0.303184
0.303034
0.302883
0.302733
0.302583
0.302432
0.302282
0.302132
0.301982
0.301832
0.301682
0.301532
0.301382
0.301232
0.301083
0.300933
0.300783
0.300634
0.300484
0.300335
0.300186
0.300037
0.299887
0.299738
0.299589
0.299440
0.299291
0.299142
0.298994
0.298845
0.298696
0.298548
0.298399
0.298251
0.298102
0.297954
0.297806
0.297657
0.297509
0.297361
0.297213
0.297065
0.296917
0.296770
0.296622
0.296474
0.296327
0.296179
0.296032
0.295884
0.295737
0.295590
0.295442
0.295295
0.295148
0.295001
0.294854
0.294707
0.294560
0.294414
0.294267
0.294120
0.293974
0.293827
0.293681
0.293534
0.293388
0.293242
0.293096
0.292950
0.292804
0.292658
0.292512
0.292366
0.292220
0.292074
0.291929
0.291783
0.291638
0.291492
0.291347
0.291201
0.291056
0.290911
0.290766
0.290621
0.290476
0.290331
0.290186
0.290041
0.289897
0.289752
0.289607
0.289463
0.289318
0.289174
0.289030
0.288885
0.288741
0.288597
0.288453
0.288309
0.288165
0.288021
0.287877
0.287734
0.287590
0.287446
0.287303
0.287159
0.287016
0.286872
0.286729
0.286586
0.286443
0.286300
0.286157
0.286014
0.285871
0.285728
0.285585
0.285443
0.285300
0.285157
0.285015
0.284873
0.284730
0.284588
0.284446
0.284304
0.284161
0.284019
0.283877
0.283736
0.283594
0.283452
0.283310
0.283169
0.283027
0.282886
0.282744
0.282603
0.282461
0.282320
0.282179
0.282038
0.281897
0.281756
0.281615
0.281474
0.281333
0.281193
0.281052
0.280911
0.280771
0.280631
0.280490
0.280350
0.280210
0.280069
0.279929
0.279789
0.279649
0.279509
0.279369
0.279230
0.279090
0.278950
0.278811
0.278671
0.278532
0.278392
0.278253
0.278114
0.277975
0.277835
0.277696
0.277557
0.277418
0.277280
0.277141
0.277002
0.276863
0.276725
0.276586
0.276448
0.276309
0.276171
0.276033
0.275895
0.275756
0.275618
0.275480
0.275342
0.275205
0.275067
0.274929
0.274791
0.274654
0.274516
0.274379
0.274241
0.274104
0.273967
0.273829
0.273692
0.273555
0.273418
0.273281
0.273144
0.273007
0.272871
0.272734
0.272597
0.272461
0.272324
0.272188
0.272051
0.271915
0.271779
0.271643
0.271507
0.271371
0.271235
0.271099
0.270963
0.270827
0.270691
0.270556
0.270420
0.270285
0.270149
0.270014
0.269879
0.269743
0.269608
0.269473
0.269338
0.269203
0.269068
0.268933
0.268798
0.268664
0.268529
0.268394
0.268260
0.268125
0.267991
0.267857
0.267722
0.267588
0.267454
0.267320
0.267186
0.267052
0.266918
0.266784
0.266651
0.266517
0.266383
0.266250
0.266116
0.265983
0.265849
0.265716
0.265583
0.265450
0.265317
0.265184
0.265051
0.264918
0.264785
0.264652
0.264519
0.264387
0.264254
0.264122
0.263989
0.263857
0.263725
0.263592
0.263460
0.263328
0.263196
0.263064
0.262932
0.262800
0.262668
0.262537
0.262405
0.262273
0.262142
0.262010
0.261879
0.261748
0.261616
0.261485
0.261354
0.261223
0.261092
0.260961
0.260830
0.260699
0.260569
0.260438
0.260307
0.260177
0.260046
0.259916
0.259785
0.259655
0.259525
0.259395
0.259265
0.259135
0.259005
0.258875
0.258745
0.258615
0.258485
0.258356
0.258226
0.258096
0.257967
0.257838
0.257708
0.257579
0.257450
0.257321
0.257192
0.257063
0.256934
0.256805
0.256676
0.256547
0.256419
0.256290
0.256161
0.256033
0.255904
0.255776
0.255648
0.255519
0.255391
0.255263
0.255135
0.255007
0.254879
0.254751
0.254624
0.254496
0.254368
0.254241
0.254113
0.253986
0.253858
0.253731
0.253604
0.253476
0.253349
0.253222
0.253095
0.252968
0.252841
0.252714
0.252588
0.252461
0.252334
0.252208
0.252081
0.251955
0.251828
0.251702
0.251576
0.251450
0.251324
0.251197
0.251071
0.250946
0.250820
0.250694
0.250568
0.250442
0.250317
0.250191
0.250066
0.249940
0.249815
0.249690
0.249564
0.249439
0.249314
0.249189
0.249064
0.248939
0.248814
0.248690
0.248565
0.248440
0.248316
0.248191
0.248067
0.247942
0.247818
0.247693
0.247569
0.247445
0.247321
0.247197
0.247073
0.246949
0.246825
0.246701
0.246578
0.246454
0.246331
0.246207
0.246084
0.245960
0.245837
0.245713
0.245590
0.245467
0.245344
0.245221
0.245098
0.244975
0.244852
0.244730
0.244607
0.244484
0.244362
0.244239
0.244117
0.243994
0.243872
0.243750
0.243627
0.243505
0.243383
0.243261
0.243139
0.243017
0.242895
0.242774
0.242652
0.242530
0.242409
0.242287
0.242166
0.242044
0.241923
0.241802
0.241681
0.241559
0.241438
0.241317
0.241196
0.241075
0.240955
0.240834
0.240713
0.240592
0.240472
0.240351
0.240231
0.240110
0.239990
0.239870
0.239750
0.239629
0.239509
0.239389
0.239269
0.239149
0.239030
0.238910
0.238790
0.238670
0.238551
0.238431
0.238312
0.238192
0.238073
0.237954
0.237835
0.237715
0.237596
0.237477
0.237358
0.237239
0.237120
0.237002
0.236883
0.236764
0.236646
0.236527
0.236409
0.236290
0.236172
0.236054
0.235935
0.235817
0.235699
0.235581
0.235463
0.235345
0.235227
0.235109
0.234992
0.234874
0.234756
0.234639
0.234521
0.234404
0.234286
0.234169
0.234052
0.233934
0.233817
0.233700
0.233583
0.233466
0.233349
0.233233
0.233116
0.232999
0.232882
0.232766
0.232649
0.232533
0.232416
0.232300
0.232184
0.232067
0.231951
0.231835
0.231719
0.231603
0.231487
0.231371
0.231256
0.231140
0.231024
0.230908
0.230793
0.230677
0.230562
0.230447
0.230331
0.230216
0.230101
0.229986
0.229871
0.229755
0.229641
0.229526
0.229411
0.229296
0.229181
0.229067
0.228952
0.228837
0.228723
0.228609
0.228494
0.228380
0.228266
0.228151
0.228037
0.227923
0.227809
0.227695
0.227581
0.227468
0.227354
0.227240
0.227126
0.227013
0.226899
0.226786
0.226672
0.226559
0.226446
0.226333
0.226219
0.226106
0.225993
0.225880
0.225767
0.225654
0.225542
0.225429
0.225316
0.225203
0.225091
0.224978
0.224866
0.224754
0.224641
0.224529
0.224417
0.224305
0.224192
0.224080
0.223968
0.223856
0.223745
0.223633
0.223521
0.223409
0.223298
0.223186
0.223075
0.222963
0.222852
0.222740
0.222629
0.222518
0.222407
0.222296
0.222185
0.222074
0.221963
0.221852
0.221741
0.221630
0.221519
0.221409
0.221298
0.221188
0.221077
0.220967
0.220856
0.220746
0.220636
0.220526
0.220416
0.220306
0.220196
0.220086
0.219976
0.219866
0.219756
0.219646
0.219537
0.219427
0.219318
0.219208
0.219099
0.218989
0.218880
0.218771
0.218662
0.218553
0.218443
0.218334
0.218226
0.218117
0.218008
0.217899
0.217790
0.217682
0.217573
0.217464
0.217356
0.217247
0.217139
0.217031
0.216923
0.216814
0.216706
0.216598
0.216490
0.216382
0.216274
0.216166
0.216058
0.215951
0.215843
0.215735
0.215628
0.215520
0.215413
0.215305
0.215198
0.215091
0.214983
0.214876
0.214769
0.214662
0.214555
0.214448
0.214341
0.214234
0.214128
0.214021
0.213914
0.213808
0.213701
0.213595
0.213488
0.213382
0.213275
0.213169
0.213063
0.212957
0.212851
0.212745
0.212639
0.212533
0.212427
0.212321
0.212215
0.212109
0.212004
0.211898
0.211793
0.211687
0.211582
0.211476
0.211371
0.211266
0.211161
0.211055
0.210950
0.210845
0.210740
0.210635
0.210530
0.210426
0.210321
0.210216
0.210112
0.210007
0.209902
0.209798
0.209693
0.209589
0.209485
0.209381
0.209276
0.209172
0.209068
0.208964
0.208860
0.208756
0.208652
0.208548
0.208445
0.208341
0.208237
0.208134
0.208030
0.207927
0.207823
0.207720
0.207617
0.207513
0.207410
0.207307
0.207204
0.207101
0.206998
0.206895
0.206792
0.206689
0.206586
0.206484
0.206381
0.206278
0.206176
0.206073
0.205971
0.205869
0.205766
0.205664
0.205562
0.205460
0.205358
0.205255
0.205153
0.205052
0.204950
0.204848
0.204746
0.204644
0.204543
0.204441
0.204339
0.204238
0.204136
0.204035
0.203934
0.203832
0.203731
0.203630
0.203529
0.203428
0.203327
0.203226
0.203125
0.203024
0.202923
0.202822
0.202722
0.202621
0.202520
0.202420
0.202319
0.202219
0.202119
0.202018
0.201918
0.201818
0.201718
0.201617
0.201517
0.201417
0.201317
0.201218
0.201118
0.201018
0.200918
0.200819
0.200719
0.200619
0.200520
0.200420
0.200321
0.200222
0.200122
0.200023
0.199924
0.199825
0.199726
0.199626
0.199527
0.199429
0.199330
0.199231
0.199132
0.199033
0.198935
0.198836
0.198737
0.198639
0.198540
0.198442
0.198344
0.198245
0.198147
0.198049
0.197951
0.197853
0.197755
0.197657
0.197559
0.197461
0.197363
0.197265
0.197168
0.197070
0.196972
0.196875
0.196777
0.196680
0.196582
0.196485
0.196388
0.196290
0.196193
0.196096
0.195999
0.195902
0.195805
0.195708
0.195611
0.195514
0.195417
0.195321
0.195224
0.195127
0.195031
0.194934
0.194838
0.194741
0.194645
0.194549
0.194452
0.194356
0.194260
0.194164
0.194068
0.193972
0.193876
0.193780
0.193684
0.193588
0.193493
0.193397
0.193301
0.193206
0.193110
0.193015
0.192919
0.192824
0.192728
0.192633
0.192538
0.192443
0.192347
0.192252
0.192157
0.192062
0.191967
0.191873
0.191778
0.191683
0.191588
0.191494
0.191399
0.191304
0.191210
0.191115
0.191021
0.190927
0.190832
0.190738
0.190644
0.190550
0.190455
0.190361
0.190267
0.190173
0.190079
0.189986
0.189892
0.189798
0.189704
0.189611
0.189517
0.189423
0.189330
0.189236
0.189143
0.189050
0.188956
0.188863
0.188770
0.188677
0.188584
0.188490
0.188397
0.188304
0.188212
0.188119
0.188026
0.187933
0.187840
0.187748
0.187655
0.187563
0.187470
0.187378
0.187285
0.187193
0.187100
0.187008
0.186916
0.186824
0.186732
0.186640
0.186548
0.186456
0.186364
0.186272
0.186180
0.186088
0.185997
0.185905
0.185813
0.185722
0.185630
0.185539
0.185447
0.185356
0.185265
0.185173
0.185082
0.184991
0.184900
0.184809
0.184718
0.184627
0.184536
0.184445
0.184354
0.184263
0.184172
0.184082
0.183991
0.183900
0.183810
0.183719
0.183629
0.183539
0.183448
0.183358
0.183268
0.183177
0.183087
0.182997
0.182907
0.182817
0.182727
0.182637
0.182547
0.182457
0.182368
0.182278
0.182188
0.182099
0.182009
0.181920
0.181830
0.181741
0.181651
0.181562
0.181473
0.181383
0.181294
0.181205
0.181116
0.181027
0.180938
0.180849
0.180760
0.180671
0.180582
0.180494
0.180405
0.180316
0.180228
0.180139
0.180050
0.179962
0.179874
0.179785
0.179697
0.179609
0.179520
0.179432
0.179344
0.179256
0.179168
0.179080
0.178992
0.178904
0.178816
0.178728
0.178641
0.178553
0.178465
0.178378
0.178290
0.178202
0.178115
0.178027
0.177940
0.177853
0.177765
0.177678
0.177591
0.177504
0.177417
0.177330
0.177243
0.177156
0.177069
0.176982
0.176895
0.176808
0.176722
0.176635
0.176548
0.176462
0.176375
0.176289
0.176202
0.176116
0.176029
0.175943
0.175857
0.175771
0.175684
0.175598
0.175512
0.175426
0.175340
0.175254
0.175168
0.175082
0.174997
0.174911
0.174825
0.174739
0.174654
0.174568
0.174483
0.174397
0.174312
0.174226
0.174141
0.174056
0.173971
0.173885
0.173800
0.173715
0.173630
0.173545
0.173460
0.173375
0.173290
0.173205
0.173121
0.173036
0.172951
0.172866
0.172782
0.172697
0.172613
0.172528
0.172444
0.172359
0.172275
0.172191
0.172106
0.172022
0.171938
0.171854
0.171770
0.171686
0.171602
0.171518
0.171434
0.171350
0.171266
0.171183
0.171099
0.171015
0.170932
0.170848
0.170765
0.170681
0.170598
0.170514
0.170431
0.170348
0.170264
0.170181
0.170098
0.170015
0.169932
0.169849
0.169766
0.169683
0.169600
0.169517
0.169434
0.169351
0.169269
0.169186
0.169103
0.169021
0.168938
0.168856
0.168773
0.168691
0.168608
0.168526
0.168444
0.168362
0.168279
0.168197
0.168115
0.168033
0.167951
0.167869
0.167787
0.167705
0.167623
0.167542
0.167460
0.167378
0.167296
0.167215
0.167133
0.167052
0.166970
0.166889
0.166807
0.166726
0.166645
0.166563
0.166482
0.166401
0.166320
0.166239
0.166158
0.166077
0.165996
0.165915
0.165834
0.165753
0.165672
0.165592
0.165511
0.165430
0.165350
0.165269
0.165188
0.165108
0.165027
0.164947
0.164867
0.164786
0.164706
0.164626
0.164546
0.164466
0.164385
0.164305
0.164225
0.164145
0.164065
0.163986
0.163906
0.163826
0.163746
0.163666
0.163587
0.163507
0.163428
0.163348
0.163268
0.163189
0.163110
0.163030
0.162951
0.162872
0.162792
0.162713
0.162634
0.162555
0.162476
0.162397
0.162318
0.162239
0.162160
0.162081
0.162002
0.161923
0.161845
0.161766
0.161687
0.161609
0.161530
0.161452
0.161373
0.161295
0.161216
0.161138
0.161060
0.160981
0.160903
0.160825
0.160747
0.160669
0.160590
0.160512
0.160434
0.160357
0.160279
0.160201
0.160123
0.160045
0.159967
0.159890
0.159812
0.159734
0.159657
0.159579
0.159502
0.159424
0.159347
0.159270
0.159192
0.159115
0.159038
0.158961
0.158883
0.158806
0.158729
0.158652
0.158575
0.158498
0.158421
0.158345
0.158268
0.158191
0.158114
0.158037
0.157961
0.157884
0.157808
0.157731
0.157655
0.157578
0.157502
0.157425
0.157349
0.157273
0.157196
0.157120
0.157044
0.156968
0.156892
0.156816
0.156740
0.156664
0.156588
0.156512
0.156436
0.156360
0.156285
0.156209
0.156133
0.156058
0.155982
0.155906
0.155831
0.155755
0.155680
0.155605
0.155529
0.155454
0.155379
0.155303
0.155228
0.155153
0.155078
0.155003
0.154928
0.154853
0.154778
0.154703
0.154628
0.154553
0.154478
0.154404
0.154329
0.154254
0.154180
0.154105
0.154030
0.153956
0.153881
0.153807
0.153733
0.153658
0.153584
0.153510
0.153435
0.153361
0.153287
0.153213
0.153139
0.153065
0.152991
0.152917
0.152843
0.152769
0.152695
0.152621
0.152547
0.152474
0.152400
0.152326
0.152253
0.152179
0.152106
0.152032
0.151959
0.151885
0.151812
0.151739
0.151665
0.151592
0.151519
0.151446
0.151373
0.151299
0.151226
0.151153
0.151080
0.151007
0.150935
0.150862
0.150789
0.150716
0.150643
0.150571
0.150498
0.150425
0.150353
0.150280
0.150208
0.150135
0.150063
0.149990
0.149918
0.149846
0.149773
0.149701
0.149629
0.149557
0.149484
0.149412
0.149340
0.149268
0.149196
0.149124
0.149052
0.148981
0.148909
0.148837
0.148765
0.148694
0.148622
0.148550
0.148479
0.148407
0.148336
0.148264
0.148193
0.148121
0.148050
0.147978
0.147907
0.147836
0.147765
0.147694
0.147622
0.147551
0.147480
0.147409
0.147338
0.147267
0.147196
0.147125
0.147055
0.146984
0.146913
0.146842
0.146772
0.146701
0.146630
0.146560
0.146489
0.146419
0.146348
0.146278
0.146207
0.146137
0.146067
0.145996
0.145926
0.145856
0.145786
0.145716
0.145646
0.145576
0.145506
0.145436
0.145366
0.145296
0.145226
0.145156
0.145086
0.145017
0.144947
0.144877
0.144807
0.144738
0.144668
0.144599
0.144529
0.144460
0.144390
0.144321
0.144252
0.144182
0.144113
0.144044
0.143975
0.143905
0.143836
0.143767
0.143698
0.143629
0.143560
0.143491
0.143422
0.143353
0.143285
0.143216
0.143147
0.143078
0.143010
0.142941
0.142872
0.142804
0.142735
0.142667
0.142598
0.142530
0.142461
0.142393
0.142325
0.142256
0.142188
0.142120
0.142052
0.141984
0.141915
0.141847
0.141779
0.141711
0.141643
0.141575
0.141508
0.141440
0.141372
0.141304
0.141236
0.141169
0.141101
0.141033
0.140966
0.140898
0.140831
0.140763
0.140696
0.140628
0.140561
0.140493
0.140426
0.140359
0.140292
0.140224
0.140157
0.140090
0.140023
0.139956
0.139889
0.139822
0.139755
0.139688
0.139621
0.139554
0.139487
0.139421
0.139354
0.139287
0.139220
0.139154
0.139087
0.139021
0.138954
0.138887
0.138821
0.138755
0.138688
0.138622
0.138555
0.138489
0.138423
0.138357
0.138290
0.138224
0.138158
0.138092
0.138026
0.137960
0.137894
0.137828
0.137762
0.137696
0.137630
0.137565
0.137499
0.137433
0.137367
0.137302
0.137236
0.137171
0.137105
0.137039
0.136974
0.136908
0.136843
0.136778
0.136712
0.136647
0.136582
0.136516
0.136451
0.136386
0.136321
0.136256
0.136191
0.136126
0.136061
0.135996
0.135931
0.135866
0.135801
0.135736
0.135671
0.135606
0.135542
0.135477
0.135412
0.135348
0.135283
0.135219
0.135154
0.135089
0.135025
0.134961
0.134896
0.134832
0.134767
0.134703
0.134639
0.134575
0.134510
0.134446
0.134382
0.134318
0.134254
0.134190
0.134126
0.134062
0.133998
0.133934
0.133870
0.133807
0.133743
0.133679
0.133615
0.133552
0.133488
0.133424
0.133361
0.133297
0.133234
0.133170
0.133107
0.133043
0.132980
0.132916
0.132853
0.132790
0.132727
0.132663
0.132600
0.132537
0.132474
0.132411
0.132348
0.132285
0.132222
0.132159
0.132096
0.132033
0.131970
0.131907
0.131844
0.131782
0.131719
0.131656
0.131594
0.131531
0.131468
0.131406
0.131343
0.131281
0.131218
0.131156
0.131094
0.131031
0.130969
0.130907
0.130844
0.130782
0.130720
0.130658
0.130596
0.130533
0.130471
0.130409
0.130347
0.130285
0.130223
0.130161
0.130100
0.130038
0.129976
0.129914
0.129852
0.129791
0.129729
0.129667
0.129606
0.129544
0.129483
0.129421
0.129360
0.129298
0.129237
0.129175
0.129114
0.129053
0.128991
0.128930
0.128869
0.128808
0.128746
0.128685
0.128624
0.128563
0.128502
0.128441
0.128380
0.128319
0.128258
0.128197
0.128137
0.128076
0.128015
0.127954
0.127894
0.127833
0.127772
0.127712
0.127651
0.127590
0.127530
0.127469
0.127409
0.127348
0.127288
0.127228
0.127167
0.127107
0.127047
0.126987
0.126926
0.126866
0.126806
0.126746
0.126686
0.126626
0.126566
0.126506
0.126446
0.126386
0.126326
0.126266
0.126206
0.126146
0.126087
0.126027
0.125967
0.125907
0.125848
0.125788
0.125729
0.125669
0.125610
0.125550
0.125491
0.125431
0.125372
0.125312
0.125253
0.125194
0.125134
0.125075
0.125016
0.124957
0.124898
0.124839
0.124779
0.124720
0.124661
0.124602
0.124543
0.124484
0.124426
0.124367
0.124308
0.124249
0.124190
0.124131
0.124073
0.124014
0.123955
0.123897
0.123838
0.123780
0.123721
0.123663
0.123604
0.123546
0.123487
0.123429
0.123370
0.123312
0.123254
0.123196
0.123137
0.123079
0.123021
0.122963
0.122905
0.122847
0.122789
0.122731
0.122673
0.122615
0.122557
0.122499
0.122441
0.122383
0.122325
0.122267
0.122210
0.122152
0.122094
0.122037
0.121979
0.121921
0.121864
0.121806
0.121749
0.121691
0.121634
0.121576
0.121519
0.121462
0.121404
0.121347
0.121290
0.121233
0.121175
0.121118
0.121061
0.121004
0.120947
0.120890
0.120833
0.120776
0.120719
0.120662
0.120605
0.120548
0.120491
0.120434
0.120377
0.120321
0.120264
0.120207
0.120151
0.120094
0.120037
0.119981
0.119924
0.119868
0.119811
0.119755
0.119698
0.119642
0.119585
0.119529
0.119473
0.119416
0.119360
0.119304
0.119248
0.119192
0.119135
0.119079
0.119023
0.118967
0.118911
0.118855
0.118799
0.118743
0.118687
0.118631
0.118575
0.118520
0.118464
0.118408
0.118352
0.118297
0.118241
0.118185
0.118130
0.118074
0.118018
0.117963
0.117907
0.117852
0.117796
0.117741
0.117686
0.117630
0.117575
0.117520
0.117464
0.117409
0.117354
0.117299
0.117243
0.117188
0.117133
0.117078
0.117023
0.116968
0.116913
0.116858
0.116803
0.116748
0.116693
0.116638
0.116584
0.116529
0.116474
0.116419
0.116365
0.116310
0.116255
0.116201
0.116146
0.116091
0.116037
0.115982
0.115928
0.115873
0.115819
0.115765
0.115710
0.115656
0.115602
0.115547
0.115493
0.115439
0.115385
0.115330
0.115276
0.115222
0.115168
0.115114
0.115060
0.115006
0.114952
0.114898
0.114844
0.114790
0.114736
0.114682
0.114629
0.114575
0.114521
0.114467
0.114414
0.114360
0.114306
0.114253
0.114199
0.114145
0.114092
0.114038
0.113985
0.113931
0.113878
0.113825
0.113771
0.113718
0.113665
0.113611
0.113558
0.113505
0.113452
0.113398
0.113345
0.113292
0.113239
0.113186
0.113133
0.113080
0.113027
0.112974
0.112921
0.112868
0.112815
0.112762
0.112710
0.112657
0.112604
0.112551
0.112498
0.112446
0.112393
0.112340
0.112288
0.112235
0.112183
0.112130
0.112078
0.112025
0.111973
0.111920
0.111868
0.111816
0.111763
0.111711
0.111659
0.111606
0.111554
0.111502
0.111450
0.111398
0.111346
0.111293
0.111241
0.111189
0.111137
0.111085
0.111033
0.110981
0.110929
0.110878
0.110826
0.110774
0.110722
0.110670
0.110619
0.110567
0.110515
0.110463
0.110412
0.110360
0.110309
0.110257
0.110206
0.110154
0.110103
0.110051
0.110000
0.109948
0.109897
0.109846
0.109794
0.109743
0.109692
0.109640
0.109589
0.109538
0.109487
0.109436
0.109385
0.109333
0.109282
0.109231
0.109180
0.109129
0.109078
0.109027
0.108977
0.108926
0.108875
0.108824
0.108773
0.108722
0.108672
0.108621
0.108570
0.108520
0.108469
0.108418
0.108368
0.108317
0.108267
0.108216
0.108166
0.108115
0.108065
0.108014
0.107964
0.107913
0.107863
0.107813
0.107763
0.107712
0.107662
0.107612
0.107562
0.107512
0.107461
0.107411
0.107361
0.107311
0.107261
0.107211
0.107161
0.107111
0.107061
0.107011
0.106961
0.106912
0.106862
0.106812
0.106762
0.106713
0.106663
0.106613
0.106563
0.106514
0.106464
0.106415
0.106365
0.106315
0.106266
0.106216
0.106167
0.106118
0.106068
0.106019
0.105969
0.105920
0.105871
0.105821
0.105772
0.105723
0.105674
0.105624
0.105575
0.105526
0.105477
0.105428
0.105379
0.105330
0.105281
0.105232
0.105183
0.105134
0.105085
0.105036
0.104987
0.104938
0.104890
0.104841
0.104792
0.104743
0.104695
0.104646
0.104597
0.104549
0.104500
0.104451
0.104403
0.104354
0.104306
0.104257
0.104209
0.104160
0.104112
0.104064
0.104015
0.103967
0.103919
0.103870
0.103822
0.103774
0.103726
0.103677
0.103629
0.103581
0.103533
0.103485
0.103437
0.103389
0.103341
0.103293
0.103245
0.103197
0.103149
0.103101
0.103053
0.103005
0.102957
0.102910
0.102862
0.102814
0.102766
0.102719
0.102671
0.102623
0.102576
0.102528
0.102480
0.102433
0.102385
0.102338
0.102290
0.102243
0.102195
0.102148
0.102101
0.102053
0.102006
0.101958
0.101911
0.101864
0.101817
0.101769
0.101722
0.101675
0.101628
0.101581
0.101534
0.101487
0.101440
0.101393
0.101346
0.101299
0.101252
0.101205
0.101158
0.101111
0.101064
0.101017
0.100970
0.100923
0.100877
0.100830
0.100783
0.100737
0.100690
0.100643
0.100597
0.100550
0.100503
0.100457
0.100410
0.100364
0.100317
0.100271
0.100224
0.100178
0.100132
0.100085
0.100039
0.099993
0.099946
0.099900
0.099854
0.099808
0.099761
0.099715
0.099669
0.099623
0.099577
0.099531
0.099485
0.099439
0.099392
0.099347
0.099301
0.099255
0.099209
0.099163
0.099117
0.099071
0.099025
0.098979
0.098934
0.098888
0.098842
0.098796
0.098751
0.098705
0.098659
0.098614
0.098568
0.098523
0.098477
0.098431
0.098386
0.098340
0.098295
0.098250
0.098204
0.098159
0.098113
0.098068
0.098023
0.097977
0.097932
0.097887
0.097842
0.097796
0.097751
0.097706
0.097661
0.097616
0.097571
0.097526
0.097481
0.097436
0.097391
0.097346
0.097301
0.097256
0.097211
0.097166
0.097121
0.097076
0.097031
0.096987
0.096942
0.096897
0.096852
0.096808
0.096763
0.096718
0.096674
0.096629
0.096584
0.096540
0.096495
0.096451
0.096406
0.096362
0.096317
0.096273
0.096228
0.096184
0.096140
0.096095
0.096051
0.096007
0.095962
0.095918
0.095874
0.095830
0.095785
0.095741
0.095697
0.095653
0.095609
0.095565
0.095521
0.095477
0.095433
0.095389
0.095345
0.095301
0.095257
0.095213
0.095169
0.095125
0.095081
0.095038
0.094994
0.094950
0.094906
0.094863
0.094819
0.094775
0.094731
0.094688
0.094644
0.094601
0.094557
0.094513
0.094470
0.094426
0.094383
0.094339
0.094296
0.094253
0.094209
0.094166
0.094122
0.094079
0.094036
0.093993
0.093949
0.093906
0.093863
0.093820
0.093776
0.093733
0.093690
0.093647
0.093604
0.093561
0.093518
0.093475
0.093432
0.093389
0.093346
0.093303
0.093260
0.093217
0.093174
0.093131
0.093088
0.093046
0.093003
0.092960
0.092917
0.092875
0.092832
0.092789
0.092747
0.092704
0.092661
0.092619
0.092576
0.092534
0.092491
0.092448
0.092406
0.092364
0.092321
0.092279
0.092236
0.092194
0.092151
0.092109
0.092067
0.092025
0.091982
0.091940
0.091898
0.091856
0.091813
0.091771
0.091729
0.091687
0.091645
0.091603
0.091561
0.091519
0.091477
0.091435
0.091393
0.091351
0.091309
0.091267
0.091225
0.091183
0.091141
0.091099
0.091057
0.091016
0.090974
0.090932
0.090890
0.090849
0.090807
0.090765
0.090724
0.090682
0.090640
0.090599
0.090557
0.090516
0.090474
0.090433
0.090391
0.090350
0.090308
0.090267
0.090225
0.090184
0.090143
0.090101
0.090060
0.090019
0.089977
0.089936
0.089895
0.089854
0.089813
0.089771
0.089730
0.089689
0.089648
0.089607
0.089566
0.089525
0.089484
0.089443
0.089402
0.089361
0.089320
0.089279
0.089238
0.089197
0.089156
0.089115
0.089075
0.089034
0.088993
0.088952
0.088912
0.088871
0.088830
0.088789
0.088749
0.088708
0.088667
0.088627
0.088586
0.088546
0.088505
0.088465
0.088424
0.088384
0.088343
0.088303
0.088262
0.088222
0.088182
0.088141
0.088101
0.088061
0.088020
0.087980
0.087940
0.087900
0.087859
0.087819
0.087779
0.087739
0.087699
0.087659
0.087618
0.087578
0.087538
0.087498
0.087458
0.087418
0.087378
0.087338
0.087298
0.087258
0.087219
0.087179
0.087139
0.087099
0.087059
0.087019
0.086980
0.086940
0.086900
0.086860
0.086821
0.086781
0.086741
0.086702
0.086662
0.086622
0.086583
0.086543
0.086504
0.086464
0.086425
0.086385
0.086346
0.086306
0.086267
0.086227
0.086188
0.086149
0.086109
0.086070
0.086031
0.085991
0.085952
0.085913
0.085874
0.085835
0.085795
0.085756
0.085717
0.085678
0.085639
0.085600
0.085561
0.085522
0.085483
0.085444
0.085405
0.085366
0.085327
0.085288
0.085249
0.085210
0.085171
0.085132
0.085093
0.085054
0.085016
0.084977
0.084938
0.084899
0.084861
0.084822
0.084783
0.084745
0.084706
0.084667
0.084629
0.084590
0.084551
0.084513
0.084474
0.084436
0.084397
0.084359
0.084320
0.084282
0.084244
0.084205
0.084167
0.084128
0.084090
0.084052
0.084013
0.083975
0.083937
0.083899
0.083860
0.083822
0.083784
0.083746
0.083708
0.083670
0.083631
0.083593
0.083555
0.083517
0.083479
0.083441
0.083403
0.083365
0.083327
0.083289
0.083251
0.083213
0.083176
0.083138
0.083100
0.083062
0.083024
0.082986
0.082949
0.082911
0.082873
0.082835
0.082798
0.082760
0.082722
0.082685
0.082647
0.082609
0.082572
0.082534
0.082497
0.082459
0.082422
0.082384
0.082347
0.082309
0.082272
0.082234
0.082197
0.082160
0.082122
0.082085
0.082048
0.082010
0.081973
0.081936
0.081898
0.081861
0.081824
0.081787
0.081750
0.081712
0.081675
0.081638
0.081601
0.081564
0.081527
0.081490
0.081453
0.081416
0.081379
0.081342
0.081305
0.081268
0.081231
0.081194
0.081157
0.081120
0.081083
0.081047
0.081010
0.080973
0.080936
0.080899
0.080863
0.080826
0.080789
0.080752
0.080716
0.080679
0.080643
0.080606
0.080569
0.080533
0.080496
0.080460
0.080423
0.080387
0.080350
0.080314
0.080277
0.080241
0.080204
0.080168
0.080131
0.080095
0.080059
0.080022
0.079986
0.079950
0.079914
0.079877
0.079841
0.079805
0.079769
0.079732
0.079696
0.079660
0.079624
0.079588
0.079552
0.079516
0.079480
0.079444
0.079408
0.079372
0.079336
0.079300
0.079264
0.079228
0.079192
0.079156
0.079120
0.079084
0.079048
0.079012
0.078977
0.078941
0.078905
0.078869
0.078833
0.078798
0.078762
0.078726
0.078691
0.078655
0.078619
0.078584
0.078548
0.078513
0.078477
0.078441
0.078406
0.078370
0.078335
0.078299
0.078264
0.078228
0.078193
0.078158
0.078122
0.078087
0.078051
0.078016
0.077981
0.077946
0.077910
0.077875
0.077840
0.077804
0.077769
0.077734
0.077699
0.077664
0.077629
0.077593
0.077558
0.077523
0.077488
0.077453
0.077418
0.077383
0.077348
0.077313
0.077278
0.077243
0.077208
0.077173
0.077138
0.077103
0.077068
0.077034
0.076999
0.076964
0.076929
0.076894
0.076859
0.076825
0.076790
0.076755
0.076721
0.076686
0.076651
0.076617
0.076582
0.076547
0.076513
0.076478
0.076443
0.076409
0.076374
0.076340
0.076305
0.076271
0.076236
0.076202
0.076168
0.076133
0.076099
0.076064
0.076030
0.075996
0.075961
0.075927
0.075893
0.075858
0.075824
0.075790
0.075756
0.075721
0.075687
0.075653
0.075619
0.075585
0.075551
0.075516
0.075482
0.075448
0.075414
0.075380
0.075346
0.075312
0.075278
0.075244
0.075210
0.075176
0.075142
0.075108
0.075074
0.075040
0.075007
0.074973
0.074939
0.074905
0.074871
0.074838
0.074804
0.074770
0.074736
0.074703
0.074669
0.074635
0.074601
0.074568
0.074534
0.074501
0.074467
0.074433
0.074400
0.074366
0.074333
0.074299
0.074266
0.074232
0.074199
0.074165
0.074132
0.074098
0.074065
0.074032
0.073998
0.073965
0.073932
0.073898
0.073865
0.073832
0.073798
0.073765
0.073732
0.073699
0.073665
0.073632
0.073599
0.073566
0.073533
0.073500
0.073466
0.073433
0.073400
0.073367
0.073334
0.073301
0.073268
0.073235
0.073202
0.073169
0.073136
0.073103
0.073070
0.073037
0.073004
0.072972
0.072939
0.072906
0.072873
0.072840
0.072807
0.072775
0.072742
0.072709
0.072676
0.072644
0.072611
0.072578
0.072546
0.072513
0.072480
0.072448
0.072415
0.072383
0.072350
0.072317
0.072285
0.072252
0.072220
0.072187
0.072155
0.072122
0.072090
0.072058
0.072025
0.071993
0.071960
0.071928
0.071896
0.071863
0.071831
0.071799
0.071766
0.071734
0.071702
0.071670
0.071637
0.071605
0.071573
0.071541
0.071509
0.071477
0.071444
0.071412
0.071380
0.071348
0.071316
0.071284
0.071252
0.071220
0.071188
0.071156
0.071124
0.071092
0.071060
0.071028
0.070996
0.070964
0.070932
0.070901
0.070869
0.070837
0.070805
0.070773
0.070741
0.070710
0.070678
0.070646
0.070614
0.070583
0.070551
0.070519
0.070488
0.070456
0.070424
0.070393
0.070361
0.070330
0.070298
0.070266
0.070235
0.070203
0.070172
0.070140
0.070109
0.070077
0.070046
0.070014
0.069983
0.069952
0.069920
0.069889
0.069858
0.069826
0.069795
0.069764
0.069732
0.069701
0.069670
0.069638
0.069607
0.069576
0.069545
0.069514
0.069482
0.069451
0.069420
0.069389
0.069358
0.069327
0.069296
0.069265
0.069233
0.069202
0.069171
0.069140
0.069109
0.069078
0.069047
0.069017
0.068986
0.068955
0.068924
0.068893
0.068862
0.068831
0.068800
0.068769
0.068739
0.068708
0.068677
0.068646
0.068615
0.068585
0.068554
0.068523
0.068493
0.068462
0.068431
0.068401
0.068370
0.068339
0.068309
0.068278
0.068248
0.068217
0.068186
0.068156
0.068125
0.068095
0.068064
0.068034
0.068003
0.067973
0.067943
0.067912
0.067882
0.067851
0.067821
0.067791
0.067760
0.067730
0.067700
0.067669
0.067639
0.067609
0.067578
0.067548
0.067518
0.067488
0.067458
0.067427
0.067397
0.067367
0.067337
0.067307
0.067277
0.067247
0.067217
0.067186
0.067156
0.067126
0.067096
0.067066
0.067036
0.067006
0.066976
0.066946
0.066916
0.066887
0.066857
0.066827
0.066797
0.066767
0.066737
0.066707
0.066678
0.066648
0.066618
0.066588
0.066558
0.066529
0.066499
0.066469
0.066439
0.066410
0.066380
0.066350
0.066321
0.066291
0.066261
0.066232
0.066202
0.066173
0.066143
0.066114
0.066084
0.066055
0.066025
0.065996
0.065966
0.065937
0.065907
0.065878
0.065848
0.065819
0.065789
0.065760
0.065731
0.065701
0.065672
0.065643
0.065613
0.065584
0.065555
0.065526
0.065496
0.065467
0.065438
0.065409
0.065379
0.065350
0.065321
0.065292
0.065263
0.065234
0.065205
0.065175
0.065146
0.065117
0.065088
0.065059
0.065030
0.065001
0.064972
0.064943
0.064914
0.064885
0.064856
0.064827
0.064798
0.064770
0.064741
0.064712
0.064683
0.064654
0.064625
0.064596
0.064568
0.064539
0.064510
0.064481
0.064452
0.064424
0.064395
0.064366
0.064338
0.064309
0.064280
0.064252
0.064223
0.064194
0.064166
0.064137
0.064109
0.064080
0.064051
0.064023
0.063994
0.063966
0.063937
0.063909
0.063880
0.063852
0.063823
0.063795
0.063767
0.063738
0.063710
0.063681
0.063653
0.063625
0.063596
0.063568
0.063540
0.063511
0.063483
0.063455
0.063427
0.063398
0.063370
0.063342
0.063314
0.063286
0.063257
0.063229
0.063201
0.063173
0.063145
0.063117
0.063089
0.063060
0.063032
0.063004
0.062976
0.062948
0.062920
0.062892
0.062864
0.062836
0.062808
0.062780
0.062752
0.062725
0.062697
0.062669
0.062641
0.062613
0.062585
0.062557
0.062529
0.062502
0.062474
0.062446
0.062418
0.062391
0.062363
0.062335
0.062307
0.062280
0.062252
0.062224
0.062197
0.062169
0.062141
0.062114
0.062086
0.062058
0.062031
0.062003
0.061976
0.061948
0.061921
0.061893
0.061866
0.061838
0.061811
0.061783
0.061756
0.061728
0.061701
0.061673
0.061646
0.061619
0.061591
0.061564
0.061536
0.061509
0.061482
0.061455
0.061427
0.061400
0.061373
0.061345
0.061318
0.061291
0.061264
0.061236
0.061209
0.061182
0.061155
0.061128
0.061101
0.061073
0.061046
0.061019
0.060992
0.060965
0.060938
0.060911
0.060884
0.060857
0.060830
0.060803
0.060776
0.060749
0.060722
0.060695
0.060668
0.060641
0.060614
0.060587
0.060560
0.060534
0.060507
0.060480
0.060453
0.060426
0.060399
0.060373
0.060346
0.060319
0.060292
0.060265
0.060239
0.060212
0.060185
0.060159
0.060132
0.060105
0.060079
0.060052
0.060025
0.059999
0.059972
0.059946
0.059919
0.059892
0.059866
0.059839
0.059813
0.059786
0.059760
0.059733
0.059707
0.059680
0.059654
0.059627
0.059601
0.059575
0.059548
0.059522
0.059495
0.059469
0.059443
0.059416
0.059390
0.059364
0.059337
0.059311
0.059285
0.059259
0.059232
0.059206
0.059180
0.059154
0.059127
0.059101
0.059075
0.059049
0.059023
0.058997
0.058970
0.058944
0.058918
0.058892
0.058866
0.058840
0.058814
0.058788
0.058762
0.058736
0.058710
0.058684
0.058658
0.058632
0.058606
0.058580
0.058554
0.058528
0.058502
0.058476
0.058450
0.058425
0.058399
0.058373
0.058347
0.058321
0.058295
0.058270
0.058244
0.058218
0.058192
0.058167
0.058141
0.058115
0.058089
0.058064
0.058038
0.058012
0.057987
0.057961
0.057935
0.057910
0.057884
0.057858
0.057833
0.057807
0.057782
0.057756
0.057731
0.057705
0.057680
0.057654
0.057629
0.057603
0.057578
0.057552
0.057527
0.057501
0.057476
0.057451
0.057425
0.057400
0.057374
0.057349
0.057324
0.057298
0.057273
0.057248
0.057222
0.057197
0.057172
0.057147
0.057121
0.057096
0.057071
0.057046
0.057020
0.056995
0.056970
0.056945
0.056920
0.056895
0.056870
0.056844
0.056819
0.056794
0.056769
0.056744
0.056719
0.056694
0.056669
0.056644
0.056619
0.056594
0.056569
0.056544
0.056519
0.056494
0.056469
0.056444
0.056419
0.056394
0.056369
0.056344
0.056320
0.056295
0.056270
0.056245
0.056220
0.056195
0.056171
0.056146
0.056121
0.056096
0.056072
0.056047
0.056022
0.055997
0.055973
0.055948
0.055923
0.055899
0.055874
0.055849
0.055825
0.055800
0.055775
0.055751
0.055726
0.055702
0.055677
0.055653
0.055628
0.055603
0.055579
0.055554
0.055530
0.055505
0.055481
0.055456
0.055432
0.055408
0.055383
0.055359
0.055334
0.055310
0.055286
0.055261
0.055237
0.055213
0.055188
0.055164
0.055140
0.055115
0.055091
0.055067
0.055042
0.055018
0.054994
0.054970
0.054946
0.054921
0.054897
0.054873
0.054849
0.054825
0.054800
0.054776
0.054752
0.054728
0.054704
0.054680
0.054656
0.054632
0.054608
0.054584
0.054559
0.054535
0.054511
0.054487
0.054463
0.054440
0.054416
0.054392
0.054368
0.054344
0.054320
0.054296
0.054272
0.054248
0.054224
0.054200
0.054176
0.054153
0.054129
0.054105
0.054081
0.054057
0.054034
0.054010
0.053986
0.053962
0.053939
0.053915
0.053891
0.053867
0.053844
0.053820
0.053796
0.053773
0.053749
0.053725
0.053702
0.053678
0.053654
0.053631
0.053607
0.053584
0.053560
0.053537
0.053513
0.053489
0.053466
0.053442
0.053419
0.053395
0.053372
0.053349
0.053325
0.053302
0.053278
0.053255
0.053231
0.053208
0.053185
0.053161
0.053138
0.053114
0.053091
0.053068
0.053044
0.053021
0.052998
0.052975
0.052951
0.052928
0.052905
0.052882
0.052858
0.052835
0.052812
0.052789
0.052765
0.052742
0.052719
0.052696
0.052673
0.052650
0.052627
0.052603
0.052580
0.052557
0.052534
0.052511
0.052488
0.052465
0.052442
0.052419
0.052396
0.052373
0.052350
0.052327
0.052304
0.052281
0.052258
0.052235
0.052212
0.052189
0.052166
0.052143
0.052121
0.052098
0.052075
0.052052
0.052029
0.052006
0.051983
0.051961
0.051938
0.051915
0.051892
0.051869
0.051847
0.051824
0.051801
0.051778
0.051756
0.051733
0.051710
0.051688
0.051665
0.051642
0.051620
0.051597
0.051574
0.051552
0.051529
0.051507
0.051484
0.051461
0.051439
0.051416
0.051394
0.051371
0.051349
0.051326
0.051304
0.051281
0.051259
0.051236
0.051214
0.051191
0.051169
0.051146
0.051124
0.051102
0.051079
0.051057
0.051034
0.051012
0.050990
0.050967
0.050945
0.050923
0.050900
0.050878
0.050856
0.050833
0.050811
0.050789
0.050767
0.050744
0.050722
0.050700
0.050678
0.050656
0.050633
0.050611
0.050589
0.050567
0.050545
0.050523
0.050500
0.050478
0.050456
0.050434
0.050412
0.050390
0.050368
0.050346
0.050324
0.050302
0.050280
0.050258
0.050236
0.050214
0.050192
0.050170
0.050148
0.050126
0.050104
0.050082
0.050060
0.050038
0.050016
0.049994
0.049972
0.049950
0.049929
0.049907
0.049885
0.049863
0.049841
0.049820
0.049798
0.049776
0.049754
0.049732
0.049711
0.049689
0.049667
0.049645
0.049624
0.049602
0.049580
0.049559
0.049537
0.049515
0.049494
0.049472
0.049450
0.049429
0.049407
0.049385
0.049364
0.049342
0.049321
0.049299
0.049278
0.049256
0.049234
0.049213
0.049191
0.049170
0.049148
0.049127
0.049105
0.049084
0.049062
0.049041
0.049020
0.048998
0.048977
0.048955
0.048934
0.048913
0.048891
0.048870
0.048849
0.048827
0.048806
0.048784
0.048763
0.048742
0.048720
0.048699
0.048678
0.048657
0.048635
0.048614
0.048593
0.048572
0.048551
0.048529
0.048508
0.048487
0.048466
0.048445
0.048423
0.048402
0.048381
0.048360
0.048339
0.048318
0.048297
0.048276
0.048254
0.048234
0.048212
0.048191
0.048170
0.048149
0.048128
0.048107
0.048086
0.048065
0.048044
0.048023
0.048002
0.047981
0.047960
0.047940
0.047919
0.047898
0.047877
0.047856
0.047835
0.047814
0.047793
0.047772
0.047752
