1.000000
0.941111
0.370546
0.370661
0.370745
0.370829
0.370913
0.370996
0.371079
0.371161
0.371243
0.371325
0.371407
0.371488
0.371569
0.371649
0.371730
0.371810
0.371889
0.371968
0.372047
0.372126
0.372204
0.372282
0.372359
0.372436
0.372513
0.372590
0.372666
0.372742
0.372817
0.372892
0.372967
0.373041
0.373116
0.373189
0.373263
0.373336
0.373409
0.373481
0.373553
0.373625
0.373696
0.373767
0.373838
0.373908
0.373978
0.374047
0.374117
0.374186
0.374254
0.374322
0.374390
0.374458
0.374525
0.374592
0.374658
0.374724
0.374790
0.374856
0.374921
0.374985
0.375050
0.375114
0.375177
0.375241
0.375304
0.375366
0.375428
0.375490
0.375552
0.375613
0.375674
0.375734
0.375794
0.375854
0.375914
0.375973
0.376031
0.376090
0.376148
0.376205
0.376262
0.376319
0.376376
0.376432
0.376488
0.376543
0.376598
0.376653
0.376707
0.376761
0.376815
0.376868
0.376921
0.376974
0.377026
0.377078
0.377129
0.377180
0.377231
0.377282
0.377332
0.377381
0.377431
0.377479
0.377528
0.377576
0.377624
0.377672
0.377719
0.377765
0.377812
0.377858
0.377903
0.377949
0.377993
0.378038
0.378082
0.378126
0.378169
0.378212
0.378255
0.378297
0.378339
0.378381
0.378422
0.378463
0.378503
0.378543
0.378583
0.378623
0.378661
0.378700
0.378738
0.378776
0.378814
0.378851
0.378888
0.378924
0.378960
0.378996
0.379031
0.379066
0.379100
0.379134
0.379168
0.379201
0.379234
0.379267
0.379299
0.379331
0.379363
0.379394
0.379425
0.379455
0.379485
0.379515
0.379544
0.379573
0.379601
0.379629
0.379657
0.379685
0.379712
0.379738
0.379764
0.379790
0.379816
0.379841
0.379866
0.379890
0.379914
0.379938
0.379961
0.379984
0.380006
0.380028
0.380050
0.380071
0.380092
0.380113
0.380133
0.380153
0.380172
0.380191
0.380210
0.380228
0.380246
0.380264
0.380281
0.380298
0.380314
0.380330
0.380346
0.380361
0.380376
0.380390
0.380404
0.380418
0.380431
0.380444
0.380457
0.380469
0.380481
0.380493
0.380504
0.380514
0.380525
0.380534
0.380544
0.380553
0.380562
0.380570
0.380578
0.380586
0.380593
0.380600
0.380607
0.380613
0.380618
0.380624
0.380629
0.380633
0.380637
0.380641
0.380645
0.380648
0.380650
0.380653
0.380655
0.380656
0.380657
0.380658
0.380658
0.380658
0.380658
0.380657
0.380656
0.380654
0.380652
0.380650
0.380647
0.380644
0.380641
0.380637
0.380633
0.380628
0.380623
0.380618
0.380612
0.380606
0.380600
0.380593
0.380585
0.380578
0.380570
0.380561
0.380552
0.380543
0.380534
0.380524
0.380513
0.380503
0.380491
0.380480
0.380468
0.380456
0.380443
0.380430
0.380417
0.380403
0.380389
0.380374
0.380359
0.380344
0.380329
0.380312
0.380296
0.380279
0.380262
0.380244
0.380226
0.380208
0.380189
0.380170
0.380151
0.380131
0.380111
0.380090
0.380069
0.380048
0.380026
0.380004
0.379981
0.379958
0.379935
0.379911
0.379887
0.379863
0.379838
0.379813
0.379787
0.379761
0.379735
0.379708
0.379681
0.379654
0.379626
0.379598
0.379569
0.379540
0.379511
0.379481
0.379451
0.379421
0.379390
0.379359
0.379327
0.379295
0.379263
0.379230
0.379197
0.379163
0.379130
0.379095
0.379061
0.379026
0.378990
0.378955
0.378919
0.378882
0.378845
0.378808
0.378771
0.378733
0.378694
0.378655
0.378616
0.378577
0.378537
0.378497
0.378456
0.378415
0.378374
0.378332
0.378290
0.378248
0.378205
0.378162
0.378118
0.378074
0.378030
0.377986
0.377940
0.377895
0.377849
0.377803
0.377757
0.377710
0.377663
0.377615
0.377567
0.377519
0.377470
0.377421
0.377371
0.377322
0.377272
0.377221
0.377170
0.377119
0.377067
0.377015
0.376963
0.376910
0.376857
0.376804
0.376750
0.376696
0.376641
0.376586
0.376531
0.376475
0.376419
0.376363
0.376306
0.376249
0.376192
0.376134
0.376076
0.376017
0.375958
0.375899
0.375839
0.375779
0.375719
0.375658
0.375597
0.375536
0.375474
0.375412
0.375350
0.375287
0.375224
0.375160
0.375096
0.375032
0.374967
0.374902
0.374837
0.374771
0.374705
0.374639
0.374572
0.374505
0.374438
0.374370
0.374302
0.374233
0.374165
0.374095
0.374026
0.373956
0.373886
0.373815
0.373744
0.373673
0.373601
0.373529
0.373457
0.373384
0.373311
0.373238
0.373164
0.373090
0.373016
0.372941
0.372866
0.372791
0.372715
0.372639
0.372562
0.372485
0.372408
0.372331
0.372253
0.372175
0.372096
0.372017
0.371938
0.371859
0.371779
0.371699
0.371618
0.371537
0.371456
0.371374
0.371292
0.371210
0.371128
0.371045
0.370961
0.370878
0.370794
0.370710
0.370625
0.370540
0.370455
0.370369
0.370283
0.370197
0.370111
0.370024
0.369936
0.369849
0.369761
0.369673
0.369584
0.369495
0.369406
0.369316
0.369227
0.369136
0.369046
0.368955
0.368864
0.368772
0.368681
0.368588
0.368496
0.368403
0.368310
0.368217
0.368123
0.368029
0.367934
0.367840
0.367745
0.367649
0.367553
0.367457
0.367361
0.367264
0.367168
0.367070
0.366973
0.366875
0.366777
0.366678
0.366579
0.366480
0.366380
0.366281
0.366181
0.366080
0.365979
0.365878
0.365777
0.365675
0.365573
0.365471
0.365368
0.365266
0.365162
0.365059
0.364955
0.364851
0.364746
0.364642
0.364537
0.364431
0.364326
0.364220
0.364113
0.364007
0.363900
0.363793
0.363685
0.363578
0.363469
0.363361
0.363252
0.363143
0.363034
0.362925
0.362815
0.362705
0.362594
0.362483
0.362372
0.362261
0.362149
0.362037
0.361925
0.361813
0.361700
0.361587
0.361473
0.361360
0.361246
0.361131
0.361017
0.360902
0.360787
0.360672
0.360556
0.360440
0.360324
0.360207
0.360090
0.359973
0.359856
0.359738
0.359620
0.359502
0.359383
0.359264
0.359145
0.359026
0.358906
0.358786
0.358666
0.358545
0.358425
0.358304
0.358182
0.358061
0.357939
0.357817
0.357694
0.357572
0.357449
0.357325
0.357202
0.357078
0.356954
0.356830
0.356705
0.356580
0.356455
0.356330
0.356204
0.356078
0.355952
0.355825
0.355699
0.355571
0.355444
0.355317
0.355189
0.355061
0.354932
0.354804
0.354675
0.354546
0.354417
0.354287
0.354157
0.354027
0.353897
0.353766
0.353635
0.353504
0.353372
0.353241
0.353109
0.352977
0.352844
0.352711
0.352578
0.352445
0.352312
0.352178
0.352044
0.351910
0.351776
0.351641
0.351506
0.351371
0.351235
0.351100
0.350964
0.350827
0.350691
0.350554
0.350418
0.350280
0.350143
0.350005
0.349868
0.349729
0.349591
0.349452
0.349314
0.349175
0.349035
0.348896
0.348756
0.348616
0.348476
0.348335
0.348195
0.348054
0.347912
0.347771
0.347629
0.347488
0.347345
0.347203
0.347061
0.346918
0.346775
0.346632
0.346488
0.346344
0.346201
0.346056
0.345912
0.345767
0.345623
0.345478
0.345332
0.345187
0.345041
0.344895
0.344749
0.344603
0.344456
0.344309
0.344162
0.344015
0.343868
0.343720
0.343572
0.343424
0.343276
0.343127
0.342979
0.342830
0.342681
0.342531
0.342382
0.342232
0.342082
0.341932
0.341781
0.341631
0.341480
0.341329
0.341178
0.341026
0.340875
0.340723
0.340571
0.340419
0.340266
0.340113
0.339961
0.339808
0.339654
0.339501
0.339347
0.339193
0.339039
0.338885
0.338731
0.338576
0.338421
0.338266
0.338111
0.337956
0.337800
0.337644
0.337488
0.337332
0.337176
0.337019
0.336863
0.336706
0.336549
0.336391
0.336234
0.336076
0.335918
0.335760
0.335602
0.335444
0.335285
0.335126
0.334967
0.334808
0.334649
0.334490
0.334330
0.334170
0.334010
0.333850
0.333690
0.333529
0.333368
0.333207
0.333046
0.332885
0.332724
0.332562
0.332400
0.332238
0.332076
0.331914
0.331752
0.331589
0.331426
0.331263
0.331100
0.330937
0.330773
0.330610
0.330446
0.330282
0.330118
0.329954
0.329789
0.329625
0.329460
0.329295
0.329130
0.328965
0.328799
0.328634
0.328468
0.328302
0.328136
0.327970
0.327804
0.327637
0.327471
0.327304
0.327137
0.326970
0.326803
0.326635
0.326468
0.326300
0.326132
0.325964
0.325796
0.325628
0.325459
0.325291
0.325122
0.324953
0.324784
0.324615
0.324446
0.324276
0.324107
0.323937
0.323767
0.323597
0.323427
0.323257
0.323086
0.322916
0.322745
0.322574
0.322403
0.322232
0.322061
0.321889
0.321718
0.321546
0.321374
0.321203
0.321031
0.320858
0.320686
0.320514
0.320341
0.320168
0.319995
0.319823
0.319649
0.319476
0.319303
0.319129
0.318956
0.318782
0.318608
0.318434
0.318260
0.318086
0.317912
0.317737
0.317563
0.317388
0.317213
0.317038
0.316863
0.316688
0.316513
0.316338
0.316162
0.315986
0.315811
0.315635
0.315459
0.315283
0.315107
0.314930
0.314754
0.314577
0.314401
0.314224
0.314047
0.313870
0.313693
0.313516
0.313339
0.313161
0.312984
0.312806
0.312629
0.312451
0.312273
0.312095
0.311917
0.311738
0.311560
0.311382
0.311203
0.311025
0.310846
0.310667
0.310488
0.310309
0.310130
0.309951
0.309772
0.309592
0.309413
0.309233
0.309053
0.308874
0.308694
0.308514
0.308334
0.308154
0.307973
0.307793
0.307613
0.307432
0.307252
0.307071
0.306890
0.306709
0.306528
0.306347
0.306166
0.305985
0.305804
0.305623
0.305441
0.305260
0.305078
0.304896
0.304715
0.304533
0.304351
0.304169
0.303987
0.303805
0.303622
0.303440
0.303258
0.303075
0.302893
0.302710
0.302527
0.302345
0.302162
0.301979
0.301796
0.301613
0.301430
0.301246
0.301063
0.300880
0.300696
0.300513
0.300329
0.300146
0.299962
0.299778
0.299595
0.299411
0.299227
0.299043
0.298859
0.298675
0.298490
0.298306
0.298122
0.297937
0.297753
0.297568
0.297384
0.297199
0.297015
0.296830
0.296645
0.296460
0.296275
0.296090
0.295905
0.295720
0.295535
0.295350
0.295165
0.294979
0.294794
0.294608
0.294423
0.294238
0.294052
0.293866
0.293681
0.293495
0.293309
0.293123
0.292938
0.292752
0.292566
0.292380
0.292194
0.292008
0.291821
0.291635
0.291449
0.291263
0.291076
0.290890
0.290704
0.290517
0.290331
0.290144
0.289958
0.289771
0.289584
0.289398
0.289211
0.289024
0.288837
0.288650
0.288464
0.288277
0.288090
0.287903
0.287716
0.287529
0.287342
0.287154
0.286967
0.286780
0.286593
0.286406
0.286218
0.286031
0.285844
0.285656
0.285469
0.285281
0.285094
0.284906
0.284719
0.284531
0.284344
0.284156
0.283968
0.283781
0.283593
0.283405
0.283218
0.283030
0.282842
0.282654
0.282467
0.282279
0.282091
0.281903
0.281715
0.281527
0.281339
0.281151
0.280963
0.280775
0.280587
0.280399
0.280211
0.280023
0.279835
0.279647
0.279459
0.279270
0.279082
0.278894
0.278706
0.278518
0.278329
0.278141
0.277953
0.277765
0.277576
0.277388
0.277200
0.277012
0.276823
0.276635
0.276447
0.276258
0.276070
0.275882
0.275693
0.275505
0.275316
0.275128
0.274940
0.274751
0.274563
0.274375
0.274186
0.273998
0.273809
0.273621
0.273432
0.273244
0.273056
0.272867
0.272679
0.272490
0.272302
0.272113
0.271925
0.271737
0.271548
0.271360
0.271171
0.270983
0.270795
0.270606
0.270418
0.270229
0.270041
0.269852
0.269664
0.269476
0.269287
0.269099
0.268911
0.268722
0.268534
0.268346
0.268157
0.267969
0.267781
0.267592
0.267404
0.267216
0.267027
0.266839
0.266651
0.266463
0.266274
0.266086
0.265898
0.265710
0.265522
0.265333
0.265145
0.264957
0.264769
0.264581
0.264393
0.264205
0.264017
0.263828
0.263640
0.263452
0.263264
0.263076
0.262888
0.262701
0.262513
0.262325
0.262137
0.261949
0.261761
0.261573
0.261385
0.261198
0.261010
0.260822
0.260634
0.260447
0.260259
0.260071
0.259884
0.259696
0.259509
0.259321
0.259133
0.258946
0.258759
0.258571
0.258384
0.258196
0.258009
0.257822
0.257634
0.257447
0.257260
0.257072
0.256885
0.256698
0.256511
0.256324
0.256137
0.255950
0.255763
0.255576
0.255389
0.255202
0.255015
0.254828
0.254641
0.254454
0.254267
0.254081
0.253894
0.253707
0.253521
0.253334
0.253148
0.252961
0.252775
0.252588
0.252402
0.252215
0.252029
0.251843
0.251656
0.251470
0.251284
0.251098
0.250912
0.250726
0.250539
0.250353
0.250168
0.249982
0.249796
0.249610
0.249424
0.249238
0.249053
0.248867
0.248681
0.248496
0.248310
0.248125
0.247939
0.247754
0.247568
0.247383
0.247198
0.247012
0.246827
0.246642
0.246457
0.246272
0.246087
0.245902
0.245717
0.245532
0.245347
0.245163
0.244978
0.244793
0.244609
0.244424
0.244239
0.244055
0.243870
0.243686
0.243502
0.243317
0.243133
0.242949
0.242765
0.242581
0.242397
0.242213
0.242029
0.241845
0.241661
0.241477
0.241294
0.241110
0.240926
0.240743
0.240559
0.240376
0.240192
0.240009
0.239826
0.239642
0.239459
0.239276
0.239093
0.238910
0.238727
0.238544
0.238361
0.238178
0.237996
0.237813
0.237630
0.237448
0.237265
0.237083
0.236901
0.236718
0.236536
0.236354
0.236172
0.235989
0.235807
0.235625
0.235444
0.235262
0.235080
0.234898
0.234717
0.234535
0.234353
0.234172
0.233990
0.233809
0.233628
0.233447
0.233265
0.233084
0.232903
0.232722
0.232541
0.232361
0.232180
0.231999
0.231818
0.231638
0.231457
0.231277
0.231096
0.230916
0.230736
0.230556
0.230375
0.230195
0.230015
0.229835
0.229656
0.229476
0.229296
0.229116
0.228937
0.228757
0.228578
0.228398
0.228219
0.228040
0.227861
0.227682
0.227503
0.227324
0.227145
0.226966
0.226787
0.226608
0.226430
0.226251
0.226073
0.225894
0.225716
0.225538
0.225360
0.225181
0.225003
0.224825
0.224648
0.224470
0.224292
0.224114
0.223937
0.223759
0.223582
0.223404
0.223227
0.223050
0.222873
0.222696
0.222519
0.222342
0.222165
0.221988
0.221811
0.221635
0.221458
0.221282
0.221105
0.220929
0.220753
0.220576
0.220400
0.220224
0.220048
0.219872
0.219697
0.219521
0.219345
0.219170
0.218994
0.218819
0.218644
0.218468
0.218293
0.218118
0.217943
0.217768
0.217593
0.217419
0.217244
0.217069
0.216895
0.216720
0.216546
0.216372
0.216197
0.216023
0.215849
0.215675
0.215501
0.215328
0.215154
0.214980
0.214807
0.214633
0.214460
0.214286
0.214113
0.213940
0.213767
0.213594
0.213421
0.213248
0.213076
0.212903
0.212730
0.212558
0.212386
0.212213
0.212041
0.211869
0.211697
0.211525
0.211353
0.211181
0.211009
0.210838
0.210666
0.210495
0.210323
0.210152
0.209981
0.209810
0.209639
0.209468
0.209297
0.209126
0.208955
0.208785
0.208614
0.208444
0.208274
0.208103
0.207933
0.207763
0.207593
0.207423
0.207253
0.207084
0.206914
0.206744
0.206575
0.206406
0.206236
0.206067
0.205898
0.205729
0.205560
0.205391
0.205222
0.205054
0.204885
0.204717
0.204548
0.204380
0.204212
0.204044
0.203876
0.203708
0.203540
0.203372
0.203204
0.203037
0.202869
0.202702
0.202534
0.202367
0.202200
0.202033
0.201866
0.201699
0.201532
0.201366
0.201199
0.201033
0.200866
0.200700
0.200534
0.200368
0.200202
0.200036
0.199870
0.199704
0.199538
0.199373
0.199207
0.199042
0.198877
0.198711
0.198546
0.198381
0.198216
0.198052
0.197887
0.197722
0.197558
0.197393
0.197229
0.197065
0.196900
0.196736
0.196572
0.196408
0.196245
0.196081
0.195917
0.195754
0.195590
0.195427
0.195264
0.195101
0.194938
0.194775
0.194612
0.194449
0.194287
0.194124
0.193962
0.193799
0.193637
0.193475
0.193313
0.193151
0.192989
0.192827
0.192665
0.192504
0.192342
0.192181
0.192019
0.191858
0.191697
0.191536
0.191375
0.191214
0.191054
0.190893
0.190732
0.190572
0.190412
0.190251
0.190091
0.189931
0.189771
0.189611
0.189452
0.189292
0.189132
0.188973
0.188813
0.188654
0.188495
0.188336
0.188177
0.188018
0.187859
0.187701
0.187542
0.187384
0.187225
0.187067
0.186909
0.186751
0.186593
0.186435
0.186277
0.186119
0.185962
0.185804
0.185647
0.185489
0.185332
0.185175
0.185018
0.184861
0.184704
0.184548
0.184391
0.184234
0.184078
0.183922
0.183765
0.183609
0.183453
0.183297
0.183142
0.182986
0.182830
0.182675
0.182519
0.182364
0.182209
0.182054
0.181899
0.181744
0.181589
0.181434
0.181280
0.181125
0.180971
0.180816
0.180662
0.180508
0.180354
0.180200
0.180046
0.179892
0.179739
0.179585
0.179432
0.179279
0.179125
0.178972
0.178819
0.178666
0.178514
0.178361
0.178208
0.178056
0.177903
0.177751
0.177599
0.177447
0.177295
0.177143
0.176991
0.176839
0.176688
0.176536
0.176385
0.176234
0.176082
0.175931
0.175780
0.175629
0.175479
0.175328
0.175177
0.175027
0.174876
0.174726
0.174576
0.174426
0.174276
0.174126
0.173976
0.173827
0.173677
0.173528
0.173378
0.173229
0.173080
0.172931
0.172782
0.172633
0.172484
0.172335
0.172187
0.172038
0.171890
0.171742
0.171594
0.171446
0.171298
0.171150
0.171002
0.170855
0.170707
0.170560
0.170412
0.170265
0.170118
0.169971
0.169824
0.169677
0.169531
0.169384
0.169237
0.169091
0.168945
0.168798
0.168652
0.168506
0.168360
0.168215
0.168069
0.167923
0.167778
0.167633
0.167487
0.167342
0.167197
0.167052
0.166907
0.166762
0.166618
0.166473
0.166329
0.166184
0.166040
0.165896
0.165752
0.165608
0.165464
0.165320
0.165177
0.165033
0.164890
0.164746
0.164603
0.164460
0.164317
0.164174
0.164031
0.163889
0.163746
0.163604
0.163461
0.163319
0.163177
0.163034
0.162892
0.162751
0.162609
0.162467
0.162326
0.162184
0.162043
0.161901
0.161760
0.161619
0.161478
0.161337
0.161197
0.161056
0.160915
0.160775
0.160634
0.160494
0.160354
0.160214
0.160074
0.159934
0.159794
0.159655
0.159515
0.159376
0.159237
0.159097
0.158958
0.158819
0.158680
0.158541
0.158403
0.158264
0.158126
0.157987
0.157849
0.157711
0.157573
0.157435
0.157297
0.157159
0.157021
0.156884
0.156746
0.156609
0.156471
0.156334
0.156197
0.156060
0.155923
0.155787
0.155650
0.155513
0.155377
0.155240
0.155104
0.154968
0.154832
0.154696
0.154560
0.154424
0.154289
0.154153
0.154018
0.153882
0.153747
0.153612
0.153477
0.153342
0.153207
0.153073
0.152938
0.152803
0.152669
0.152535
0.152400
0.152266
0.152132
0.151998
0.151865
0.151731
0.151597
0.151464
0.151330
0.151197
0.151064
0.150931
0.150798
0.150665
0.150532
0.150399
0.150267
0.150134
0.150002
0.149870
0.149737
0.149605
0.149473
0.149341
0.149210
0.149078
0.148946
0.148815
0.148684
0.148552
0.148421
0.148290
0.148159
0.148028
0.147897
0.147767
0.147636
0.147506
0.147375
0.147245
0.147115
0.146985
0.146855
0.146725
0.146595
0.146466
0.146336
0.146207
0.146077
0.145948
0.145819
0.145690
0.145561
0.145432
0.145303
0.145175
0.145046
0.144918
0.144789
0.144661
0.144533
0.144405
0.144277
0.144149
0.144021
0.143894
0.143766
0.143639
0.143511
0.143384
0.143257
0.143130
0.143003
0.142876
0.142749
0.142623
0.142496
0.142370
0.142243
0.142117
0.141991
0.141865
0.141739
0.141613
0.141487
0.141362
0.141236
0.141111
0.140986
0.140860
0.140735
0.140610
0.140485
0.140360
0.140236
0.140111
0.139986
0.139862
0.139738
0.139613
0.139489
0.139365
0.139241
0.139117
0.138993
0.138870
0.138746
0.138623
0.138499
0.138376
0.138253
0.138130
0.138007
0.137884
0.137761
0.137639
0.137516
0.137394
0.137271
0.137149
0.137027
0.136905
0.136783
0.136661
0.136539
0.136417
0.136296
0.136174
0.136053
0.135932
0.135810
0.135689
0.135568
0.135447
0.135327
0.135206
0.135085
0.134965
0.134844
0.134724
0.134604
0.134484
0.134364
0.134244
0.134124
0.134004
0.133885
0.133765
0.133646
0.133526
0.133407
0.133288
0.133169
0.133050
0.132931
0.132812
0.132694
0.132575
0.132457
0.132338
0.132220
0.132102
0.131984
0.131866
0.131748
0.131630
0.131512
0.131395
0.131277
0.131160
0.131043
0.130925
0.130808
0.130691
0.130574
0.130457
0.130341
0.130224
0.130108
0.129991
0.129875
0.129759
0.129642
0.129526
0.129410
0.129294
0.129179
0.129063
0.128947
0.128832
0.128717
0.128601
0.128486
0.128371
0.128256
0.128141
0.128026
0.127912
0.127797
0.127682
0.127568
0.127454
0.127339
0.127225
0.127111
0.126997
0.126883
0.126770
0.126656
0.126542
0.126429
0.126315
0.126202
0.126089
0.125976
0.125863
0.125750
0.125637
0.125524
0.125412
0.125299
0.125187
0.125074
0.124962
0.124850
0.124738
0.124626
0.124514
0.124402
0.124290
0.124179
0.124067
0.123956
0.123844
0.123733
0.123622
0.123511
0.123400
0.123289
0.123178
0.123068
0.122957
0.122847
0.122736
0.122626
0.122516
0.122406
0.122296
0.122186
0.122076
0.121966
0.121856
0.121747
0.121637
0.121528
0.121419
0.121310
0.121200
0.121091
0.120983
0.120874
0.120765
0.120656
0.120548
0.120439
0.120331
0.120223
0.120115
0.120006
0.119898
0.119791
0.119683
0.119575
0.119467
0.119360
0.119252
0.119145
0.119038
0.118931
0.118823
0.118716
0.118610
0.118503
0.118396
0.118289
0.118183
0.118076
0.117970
0.117864
0.117758
0.117652
0.117546
0.117440
0.117334
0.117228
0.117122
0.117017
0.116911
0.116806
0.116701
0.116596
0.116491
0.116386
0.116281
0.116176
0.116071
0.115966
0.115862
0.115757
0.115653
0.115549
0.115444
0.115340
0.115236
0.115132
0.115029
0.114925
0.114821
0.114718
0.114614
0.114511
0.114407
0.114304
0.114201
0.114098
0.113995
0.113892
0.113789
0.113687
0.113584
0.113482
0.113379
0.113277
0.113175
0.113072
0.112970
0.112868
0.112766
0.112665
0.112563
0.112461
0.112360
0.112258
0.112157
0.112056
0.111954
0.111853
0.111752
0.111651
0.111551
0.111450
0.111349
0.111249
0.111148
0.111048
0.110947
0.110847
0.110747
0.110647
0.110547
0.110447
0.110347
0.110247
0.110148
0.110048
0.109949
0.109849
0.109750
0.109651
0.109552
0.109453
0.109354
0.109255
0.109156
0.109058
0.108959
0.108860
0.108762
0.108664
0.108565
0.108467
0.108369
0.108271
0.108173
0.108075
0.107978
0.107880
0.107782
0.107685
0.107588
0.107490
0.107393
0.107296
0.107199
0.107102
0.107005
0.106908
0.106811
0.106715
0.106618
0.106522
0.106425
0.106329
0.106233
0.106137
0.106041
0.105945
0.105849
0.105753
0.105657
0.105562
0.105466
0.105371
0.105275
0.105180
0.105085
0.104990
0.104895
0.104800
0.104705
0.104610
0.104515
0.104421
0.104326
0.104232
0.104137
0.104043
0.103949
0.103855
0.103761
0.103667
0.103573
0.103479
0.103385
0.103292
0.103198
0.103104
0.103011
0.102918
0.102825
0.102731
0.102638
0.102545
0.102452
0.102360
0.102267
0.102174
0.102082
0.101989
0.101897
0.101804
0.101712
0.101620
0.101528
0.101436
0.101344
0.101252
0.101160
0.101069
0.100977
0.100886
0.100794
0.100703
0.100612
0.100520
0.100429
0.100338
0.100247
0.100156
0.100066
0.099975
0.099884
0.099794
0.099703
0.099613
0.099523
0.099432
0.099342
0.099252
0.099162
0.099072
0.098982
0.098893
0.098803
0.098713
0.098624
0.098534
0.098445
0.098356
0.098267
0.098178
0.098088
0.098000
0.097911
0.097822
0.097733
0.097644
0.097556
0.097467
0.097379
0.097291
0.097202
0.097114
0.097026
0.096938
0.096850
0.096762
0.096675
0.096587
0.096499
0.096412
0.096324
0.096237
0.096150
0.096062
0.095975
0.095888
0.095801
0.095714
0.095627
0.095541
0.095454
0.095367
0.095281
0.095194
0.095108
0.095022
0.094935
0.094849
0.094763
0.094677
0.094591
0.094505
0.094420
0.094334
0.094248
0.094163
0.094077
0.093992
0.093907
0.093821
0.093736
0.093651
0.093566
0.093481
0.093396
0.093312
0.093227
0.093142
0.093058
0.092973
0.092889
0.092804
0.092720
0.092636
0.092552
0.092468
0.092384
0.092300
0.092216
0.092133
0.092049
0.091965
0.091882
0.091798
0.091715
0.091632
0.091549
0.091466
0.091382
0.091300
0.091217
0.091134
0.091051
0.090968
0.090886
0.090803
0.090721
0.090638
0.090556
0.090474
0.090392
0.090310
0.090228
0.090146
0.090064
0.089982
0.089900
0.089819
0.089737
0.089656
0.089574
0.089493
0.089412
0.089330
0.089249
0.089168
0.089087
0.089006
0.088925
0.088845
0.088764
0.088683
0.088603
0.088522
0.088442
0.088362
0.088281
0.088201
0.088121
0.088041
0.087961
0.087881
0.087801
0.087722
0.087642
0.087562
0.087483
0.087403
0.087324
0.087245
0.087165
0.087086
0.087007
0.086928
0.086849
0.086770
0.086691
0.086613
0.086534
0.086455
0.086377
0.086298
0.086220
0.086141
0.086063
0.085985
0.085907
0.085829
0.085751
0.085673
0.085595
0.085517
0.085440
0.085362
0.085285
0.085207
0.085130
0.085052
0.084975
0.084898
0.084821
0.084744
0.084667
0.084590
0.084513
0.084436
0.084359
0.084283
0.084206
0.084130
0.084053
0.083977
0.083901
0.083824
0.083748
0.083672
0.083596
0.083520
0.083444
0.083368
0.083293
0.083217
0.083141
0.083066
0.082990
0.082915
0.082840
0.082764
0.082689
0.082614
0.082539
0.082464
0.082389
0.082314
0.082239
0.082165
0.082090
0.082015
0.081941
0.081866
0.081792
0.081718
0.081644
0.081569
0.081495
0.081421
0.081347
0.081273
0.081199
0.081126
0.081052
0.080978
0.080905
0.080831
0.080758
0.080684
0.080611
0.080538
0.080465
0.080392
0.080319
0.080246
0.080173
0.080100
0.080027
0.079954
0.079882
0.079809
0.079737
0.079664
0.079592
0.079519
0.079447
0.079375
0.079303
0.079231
0.079159
0.079087
0.079015
0.078943
0.078871
0.078800
0.078728
0.078657
0.078585
0.078514
0.078442
0.078371
0.078300
0.078229
0.078158
0.078087
0.078016
0.077945
0.077874
0.077803
0.077733
0.077662
0.077592
0.077521
0.077451
0.077380
0.077310
0.077240
0.077170
0.077099
0.077029
0.076959
0.076889
0.076820
0.076750
0.076680
0.076610
0.076541
0.076471
0.076402
0.076332
0.076263
0.076194
0.076125
0.076055
0.075986
0.075917
0.075848
0.075779
0.075711
0.075642
0.075573
0.075504
0.075436
0.075367
0.075299
0.075230
0.075162
0.075094
0.075026
0.074957
0.074889
0.074821
0.074753
0.074685
0.074618
0.074550
0.074482
0.074414
0.074347
0.074279
0.074212
0.074144
0.074077
0.074010
0.073943
0.073875
0.073808
0.073741
0.073674
0.073607
0.073541
0.073474
0.073407
0.073340
0.073274
0.073207
0.073141
0.073074
0.073008
0.072942
0.072875
0.072809
0.072743
0.072677
0.072611
0.072545
0.072479
0.072413
0.072348
0.072282
0.072216
0.072151
0.072085
0.072020
0.071954
0.071889
0.071824
0.071758
0.071693
0.071628
0.071563
0.071498
0.071433
0.071368
0.071303
0.071239
0.071174
0.071109
0.071045
0.070980
0.070916
0.070852
0.070787
0.070723
0.070659
0.070595
0.070530
0.070466
0.070402
0.070339
0.070275
0.070211
0.070147
0.070083
0.070020
0.069956
0.069893
0.069829
0.069766
0.069703
0.069639
0.069576
0.069513
0.069450
0.069387
0.069324
0.069261
0.069198
0.069135
0.069072
0.069010
0.068947
0.068884
0.068822
0.068759
0.068697
0.068635
0.068572
0.068510
0.068448
0.068386
0.068324
0.068262
0.068200
0.068138
0.068076
0.068014
0.067953
0.067891
0.067829
0.067768
0.067706
0.067645
0.067583
0.067522
0.067461
0.067400
0.067338
0.067277
0.067216
0.067155
0.067094
0.067033
0.066973
0.066912
0.066851
0.066790
0.066730
0.066669
0.066609
0.066548
0.066488
0.066428
0.066367
0.066307
0.066247
0.066187
0.066127
0.066067
0.066007
0.065947
0.065887
0.065827
0.065768
0.065708
0.065648
0.065589
0.065529
0.065470
0.065411
0.065351
0.065292
0.065233
0.065174
0.065114
0.065055
0.064996
0.064937
0.064878
0.064820
0.064761
0.064702
0.064643
0.064585
0.064526
0.064468
0.064409
0.064351
0.064292
0.064234
0.064176
0.064118
0.064060
0.064001
0.063943
0.063885
0.063828
0.063770
0.063712
0.063654
0.063596
0.063539
0.063481
0.063424
0.063366
0.063309
0.063251
0.063194
0.063137
0.063079
0.063022
0.062965
0.062908
0.062851
0.062794
0.062737
0.062680
0.062623
0.062566
0.062510
0.062453
0.062396
0.062340
0.062283
0.062227
0.062171
0.062114
0.062058
0.062002
0.061945
0.061889
0.061833
0.061777
0.061721
0.061665
0.061609
0.061554
0.061498
0.061442
0.061386
0.061331
0.061275
0.061220
0.061164
0.061109
0.061053
0.060998
0.060943
0.060888
0.060832
0.060777
0.060722
0.060667
0.060612
0.060557
0.060502
0.060448
0.060393
0.060338
0.060283
0.060229
0.060174
0.060120
0.060065
0.060011
0.059957
0.059902
0.059848
0.059794
0.059740
0.059685
0.059631
0.059577
0.059523
0.059470
0.059416
0.059362
0.059308
0.059254
0.059201
0.059147
0.059094
0.059040
0.058987
0.058933
0.058880
0.058826
0.058773
0.058720
0.058667
0.058614
0.058561
0.058508
0.058455
0.058402
0.058349
0.058296
0.058243
0.058190
0.058138
0.058085
0.058033
0.057980
0.057928
0.057875
0.057823
0.057770
0.057718
0.057666
0.057614
0.057561
0.057509
0.057457
0.057405
0.057353
0.057301
0.057250
0.057198
0.057146
0.057094
0.057043
0.056991
0.056939
0.056888
0.056836
0.056785
0.056734
0.056682
0.056631
0.056580
0.056529
0.056477
0.056426
0.056375
0.056324
0.056273
0.056222
0.056171
0.056121
0.056070
0.056019
0.055968
0.055918
0.055867
0.055817
0.055766
0.055716
0.055665
0.055615
0.055565
0.055514
0.055464
0.055414
0.055364
0.055314
0.055264
0.055214
0.055164
0.055114
0.055064
0.055014
0.054965
0.054915
0.054865
0.054816
0.054766
0.054717
0.054667
0.054618
0.054568
0.054519
0.054470
0.054420
0.054371
0.054322
0.054273
0.054224
0.054175
0.054126
0.054077
0.054028
0.053979
0.053930
0.053882
0.053833
0.053784
0.053736
0.053687
0.053639
0.053590
0.053542
0.053493
0.053445
0.053397
0.053348
0.053300
0.053252
0.053204
0.053156
0.053108
0.053060
0.053012
0.052964
0.052916
0.052868
0.052821
0.052773
0.052725
0.052678
0.052630
0.052582
0.052535
0.052487
0.052440
0.052393
0.052345
0.052298
0.052251
0.052204
0.052156
0.052109
0.052062
0.052015
0.051968
0.051921
0.051874
0.051828
0.051781
0.051734
0.051687
0.051641
0.051594
0.051547
0.051501
0.051454
0.051408
0.051361
0.051315
0.051269
0.051222
0.051176
0.051130
0.051084
0.051038
0.050992
0.050946
0.050900
0.050854
0.050808
0.050762
0.050716
0.050670
0.050624
0.050579
0.050533
0.050488
0.050442
0.050396
0.050351
0.050305
0.050260
0.050215
0.050169
0.050124
0.050079
0.050034
0.049989
0.049943
0.049898
0.049853
0.049808
0.049763
0.049719
0.049674
0.049629
0.049584
0.049539
0.049495
0.049450
0.049405
0.049361
0.049316
0.049272
0.049227
0.049183
0.049139
0.049094
0.049050
0.049006
0.048962
0.048917
0.048873
0.048829
0.048785
0.048741
0.048697
0.048653
0.048609
0.048566
0.048522
0.048478
0.048434
0.048391
0.048347
0.048303
0.048260
0.048216
0.048173
0.048129
0.048086
0.048043
0.047999
0.047956
0.047913
0.047870
0.047826
0.047783
0.047740
0.047697
0.047654
0.047611
0.047568
0.047526
0.047483
0.047440
0.047397
0.047354
0.047312
0.047269
0.047227
0.047184
0.047141
0.047099
0.047057
0.047014
0.046972
0.046929
0.046887
0.046845
0.046803
0.046761
0.046718
0.046676
0.046634
0.046592
0.046550
0.046508
0.046466
0.046425
0.046383
0.046341
0.046299
0.046258
0.046216
0.046174
0.046133
0.046091
0.046050
0.046008
0.045967
0.045925
0.045884
0.045843
0.045801
0.045760
0.045719
0.045678
0.045637
0.045596
0.045554
0.045513
0.045472
0.045432
0.045391
0.045350
0.045309
0.045268
0.045227
0.045187
0.045146
0.045105
0.045065
0.045024
0.044984
0.044943
0.044903
0.044862
0.044822
0.044782
0.044741
0.044701
0.044661
0.044621
0.044580
0.044540
0.044500
0.044460
0.044420
0.044380
0.044340
0.044300
0.044261
0.044221
0.044181
0.044141
0.044102
0.044062
0.044022
0.043983
0.043943
0.043904
0.043864
0.043825
0.043785
0.043746
0.043706
0.043667
0.043628
0.043589
0.043549
0.043510
0.043471
0.043432
0.043393
0.043354
0.043315
0.043276
0.043237
0.043198
0.043159
0.043121
0.043082
0.043043
0.043004
0.042966
0.042927
0.042888
0.042850
0.042811
0.042773
0.042734
0.042696
0.042658
0.042619
0.042581
0.042543
0.042505
0.042466
0.042428
0.042390
0.042352
0.042314
0.042276
0.042238
0.042200
0.042162
0.042124
0.042086
0.042048
0.042011
0.041973
0.041935
0.041898
0.041860
0.041822
0.041785
0.041747
0.041710
0.041672
0.041635
0.041597
0.041560
0.041523
0.041485
0.041448
0.041411
0.041374
0.041337
0.041299
0.041262
0.041225
0.041188
0.041151
0.041114
0.041077
0.041041
0.041004
0.040967
0.040930
0.040893
0.040857
0.040820
0.040783
0.040747
0.040710
0.040674
0.040637
0.040601
0.040564
0.040528
0.040491
0.040455
0.040419
0.040382
0.040346
0.040310
0.040274
0.040238
0.040201
0.040165
0.040129
0.040093
0.040057
0.040021
0.039986
0.039950
0.039914
0.039878
0.039842
0.039806
0.039771
0.039735
0.039699
0.039664
0.039628
0.039593
0.039557
0.039522
0.039486
0.039451
0.039415
0.039380
0.039345
0.039309
0.039274
0.039239
0.039204
0.039169
0.039134
0.039098
0.039063
0.039028
0.038993
0.038958
0.038923
0.038889
0.038854
0.038819
0.038784
0.038749
0.038715
0.038680
0.038645
0.038610
0.038576
0.038541
0.038507
0.038472
0.038438
0.038403
0.038369
0.038334
0.038300
0.038266
0.038232
0.038197
0.038163
0.038129
0.038095
0.038061
0.038026
0.037992
0.037958
0.037924
0.037890
0.037856
0.037822
0.037789
0.037755
0.037721
0.037687
0.037653
0.037620
0.037586
0.037552
0.037519
0.037485
0.037451
0.037418
0.037384
0.037351
0.037317
0.037284
0.037251
0.037217
0.037184
0.037151
0.037117
0.037084
0.037051
0.037018
0.036985
0.036951
0.036918
0.036885
0.036852
0.036819
0.036786
0.036753
0.036721
0.036688
0.036655
0.036622
0.036589
0.036556
0.036524
0.036491
0.036458
0.036426
0.036393
0.036361
0.036328
0.036296
0.036263
0.036231
0.036198
0.036166
0.036133
0.036101
0.036069
0.036037
0.036004
0.035972
0.035940
0.035908
0.035876
0.035844
0.035811
0.035779
0.035747
0.035715
0.035683
0.035652
0.035620
0.035588
0.035556
0.035524
0.035492
0.035461
0.035429
0.035397
0.035366
0.035334
0.035302
0.035271
0.035239
0.035208
0.035176
0.035145
0.035113
0.035082
0.035051
0.035019
0.034988
0.034957
0.034926
0.034894
0.034863
0.034832
0.034801
0.034770
0.034739
0.034708
0.034677
0.034646
0.034615
0.034584
0.034553
0.034522
0.034491
0.034460
0.034429
0.034399
0.034368
0.034337
0.034307
0.034276
0.034245
0.034215
0.034184
0.034154
0.034123
0.034093
0.034062
0.034032
0.034001
0.033971
0.033941
0.033910
0.033880
0.033850
0.033819
0.033789
0.033759
0.033729
0.033699
0.033669
0.033639
0.033609
0.033579
0.033549
0.033519
0.033489
0.033459
0.033429
0.033399
0.033369
0.033339
0.033310
0.033280
0.033250
0.033221
0.033191
0.033161
0.033132
0.033102
0.033073
0.033043
0.033014
0.032984
0.032955
0.032925
0.032896
0.032867
0.032837
0.032808
0.032779
0.032749
0.032720
0.032691
0.032662
0.032633
0.032604
0.032574
0.032545
0.032516
0.032487
0.032458
0.032429
0.032400
0.032372
0.032343
0.032314
0.032285
0.032256
0.032227
0.032199
0.032170
0.032141
0.032113
0.032084
0.032055
0.032027
0.031998
0.031970
0.031941
0.031913
0.031884
0.031856
0.031827
0.031799
0.031771
0.031742
0.031714
0.031686
0.031658
0.031629
0.031601
0.031573
0.031545
0.031517
0.031489
0.031461
0.031432
0.031404
0.031376
0.031349
0.031321
0.031293
0.031265
0.031237
0.031209
0.031181
0.031154
0.031126
0.031098
0.031070
0.031043
0.031015
0.030987
0.030960
0.030932
0.030905
0.030877
0.030850
0.030822
0.030795
0.030767
0.030740
0.030712
0.030685
0.030658
0.030630
0.030603
0.030576
0.030549
0.030521
0.030494
0.030467
0.030440
0.030413
0.030386
0.030359
0.030332
0.030305
0.030278
0.030251
0.030224
0.030197
0.030170
0.030143
0.030116
0.030090
0.030063
0.030036
0.030009
0.029983
0.029956
0.029929
0.029903
0.029876
0.029849
0.029823
0.029796
0.029770
0.029743
0.029717
0.029690
0.029664
0.029638
0.029611
0.029585
0.029558
0.029532
0.029506
0.029480
0.029453
0.029427
0.029401
0.029375
0.029349
0.029323
0.029297
0.029271
0.029245
0.029218
0.029193
0.029167
0.029141
0.029115
0.029089
0.029063
0.029037
0.029011
0.028985
0.028960
0.028934
0.028908
0.028883
0.028857
0.028831
0.028806
0.028780
0.028754
0.028729
0.028703
0.028678
0.028652
0.028627
0.028601
0.028576
0.028551
0.028525
0.028500
0.028474
0.028449
0.028424
0.028399
0.028373
0.028348
0.028323
0.028298
0.028273
0.028248
0.028222
0.028197
0.028172
0.028147
0.028122
0.028097
0.028072
0.028047
0.028022
0.027998
0.027973
0.027948
0.027923
0.027898
0.027873
0.027849
0.027824
0.027799
0.027775
0.027750
0.027725
0.027701
0.027676
0.027651
0.027627
0.027602
0.027578
0.027553
0.027529
0.027504
0.027480
0.027456
0.027431
0.027407
0.027383
0.027358
0.027334
0.027310
0.027285
0.027261
0.027237
0.027213
0.027189
0.027165
0.027140
0.027116
0.027092
0.027068
0.027044
0.027020
0.026996
0.026972
0.026948
0.026924
0.026901
0.026877
0.026853
0.026829
0.026805
0.026781
0.026758
0.026734
0.026710
0.026687
0.026663
0.026639
0.026616
0.026592
0.026568
0.026545
0.026521
0.026498
0.026474
0.026451
0.026427
0.026404
0.026380
0.026357
0.026334
0.026310
0.026287
0.026264
0.026240
0.026217
0.026194
0.026171
0.026148
0.026124
0.026101
0.026078
0.026055
0.026032
0.026009
0.025986
0.025963
0.025940
0.025917
0.025894
0.025871
0.025848
0.025825
0.025802
0.025779
0.025756
0.025733
0.025711
0.025688
0.025665
0.025642
0.025620
0.025597
0.025574
0.025552
0.025529
0.025506
0.025484
0.025461
0.025439
0.025416
0.025394
0.025371
0.025349
0.025326
0.025304
0.025281
0.025259
0.025237
0.025214
0.025192
0.025170
0.025147
0.025125
0.025103
0.025081
0.025058
0.025036
0.025014
0.024992
0.024970
0.024948
0.024926
0.024903
0.024881
0.024859
0.024837
0.024815
0.024793
0.024771
0.024750
0.024728
0.024706
0.024684
0.024662
0.024640
0.024618
0.024597
0.024575
0.024553
0.024531
0.024510
0.024488
0.024466
0.024445
0.024423
0.024401
0.024380
0.024358
0.024337
0.024315
0.024294
0.024272
0.024251
0.024229
0.024208
0.024186
0.024165
0.024144
0.024122
0.024101
0.024080
0.024058
0.024037
0.024016
0.023995
0.023973
0.023952
0.023931
0.023910
0.023889
0.023867
0.023846
0.023825
0.023804
0.023783
0.023762
0.023741
0.023720
0.023699
0.023678
0.023657
0.023636
0.023616
0.023595
0.023574
0.023553
0.023532
0.023511
0.023491
0.023470
0.023449
0.023428
0.023408
0.023387
0.023366
0.023346
0.023325
0.023304
0.023284
0.023263
0.023243
0.023222
0.023202
0.023181
0.023161
0.023140
0.023120
0.023099
0.023079
0.023058
0.023038
0.023018
0.022997
0.022977
0.022957
0.022937
0.022916
0.022896
0.022876
0.022856
0.022835
0.022815
0.022795
0.022775
0.022755
0.022735
0.022715
0.022695
0.022675
0.022655
0.022635
0.022615
0.022595
0.022575
0.022555
0.022535
0.022515
0.022495
0.022475
0.022455
0.022436
0.022416
0.022396
0.022376
0.022356
0.022337
0.022317
0.022297
0.022278
0.022258
0.022238
0.022219
0.022199
0.022180
0.022160
0.022140
0.022121
0.022101
0.022082
0.022062
0.022043
0.022023
0.022004
0.021985
0.021965
0.021946
0.021927
0.021907
0.021888
0.021869
0.021849
0.021830
0.021811
0.021792
0.021772
0.021753
0.021734
0.021715
0.021696
0.021676
0.021657
0.021638
0.021619
0.021600
0.021581
0.021562
0.021543
0.021524
0.021505
0.021486
0.021467
0.021448
0.021429
0.021410
0.021392
0.021373
0.021354
0.021335
0.021316
0.021297
0.021279
0.021260
0.021241
0.021222
0.021204
0.021185
0.021166
0.021148
0.021129
0.021111
0.021092
0.021073
0.021055
0.021036
0.021018
0.020999
0.020981
0.020962
0.020944
0.020925
0.020907
0.020888
0.020870
0.020852
0.020833
0.020815
0.020797
0.020778
0.020760
0.020742
0.020723
0.020705
0.020687
0.020669
0.020651
0.020632
0.020614
0.020596
0.020578
0.020560
0.020542
0.020524
0.020506
0.020487
0.020469
0.020451
0.020433
0.020415
0.020397
0.020379
0.020362
0.020344
0.020326
0.020308
0.020290
0.020272
0.020254
0.020236
0.020219
0.020201
0.020183
0.020165
0.020148
0.020130
0.020112
0.020094
0.020077
0.020059
0.020041
0.020024
0.020006
0.019989
0.019971
0.019953
0.019936
0.019918
0.019901
0.019883
0.019866
0.019848
0.019831
0.019813
0.019796
0.019779
0.019761
0.019744
0.019726
0.019709
0.019692
0.019674
0.019657
0.019640
0.019623
0.019605
0.019588
0.019571
0.019554
0.019536
0.019519
0.019502
0.019485
0.019468
0.019451
0.019434
0.019417
0.019400
0.019382
0.019365
0.019348
0.019331
0.019314
0.019297
0.019280
0.019264
0.019247
0.019230
0.019213
0.019196
0.019179
0.019162
0.019145
0.019129
0.019112
0.019095
0.019078
0.019061
0.019045
0.019028
0.019011
0.018994
0.018978
0.018961
0.018944
0.018928
0.018911
0.018895
0.018878
0.018861
0.018845
0.018828
0.018812
0.018795
0.018779
0.018762
0.018746
0.018729
0.018713
0.018696
0.018680
0.018664
0.018647
0.018631
0.018615
0.018598
0.018582
0.018566
0.018549
0.018533
0.018517
0.018500
0.018484
0.018468
0.018452
0.018436
0.018419
0.018403
0.018387
0.018371
0.018355
0.018339
0.018323
0.018307
0.018290
0.018274
0.018258
0.018242
0.018226
0.018210
0.018194
0.018178
0.018162
0.018147
0.018131
0.018115
0.018099
0.018083
0.018067
0.018051
0.018035
0.018020
0.018004
0.017988
0.017972
0.017956
0.017941
0.017925
0.017909
0.017893
0.017878
0.017862
0.017846
0.017831
0.017815
0.017800
0.017784
0.017768
0.017753
0.017737
0.017722
0.017706
0.017691
0.017675
0.017660
0.017644
0.017629
0.017613
0.017598
0.017582
0.017567
0.017552
0.017536
0.017521
0.017505
0.017490
0.017475
0.017459
0.017444
0.017429
0.017414
0.017398
0.017383
0.017368
0.017353
0.017337
0.017322
0.017307
0.017292
0.017277
0.017262
0.017246
0.017231
0.017216
0.017201
0.017186
0.017171
0.017156
0.017141
0.017126
0.017111
0.017096
0.017081
0.017066
0.017051
0.017036
0.017021
0.017006
0.016991
0.016977
0.016962
0.016947
0.016932
0.016917
0.016902
0.016888
0.016873
0.016858
0.016843
0.016828
0.016814
0.016799
0.016784
0.016770
0.016755
0.016740
0.016726
0.016711
0.016696
0.016682
0.016667
0.016653
0.016638
0.016623
0.016609
0.016594
0.016580
0.016565
0.016551
0.016536
0.016522
0.016507
0.016493
0.016479
0.016464
0.016450
0.016435
0.016421
0.016407
0.016392
0.016378
0.016364
0.016349
0.016335
0.016321
0.016306
0.016292
0.016278
0.016264
0.016249
0.016235
0.016221
0.016207
0.016193
0.016178
0.016164
0.016150
0.016136
0.016122
0.016108
0.016094
0.016080
0.016066
0.016052
0.016038
0.016024
0.016010
0.015996
0.015982
0.015968
0.015954
0.015940
0.015926
0.015912
0.015898
0.015884
0.015870
0.015856
0.015842
0.015829
0.015815
0.015801
0.015787
0.015773
0.015759
0.015746
0.015732
0.015718
0.015704
0.015691
0.015677
0.015663
0.015650
0.015636
0.015622
0.015609
0.015595
0.015581
0.015568
0.015554
0.015541
0.015527
0.015513
0.015500
0.015486
0.015473
0.015459
0.015446
0.015432
0.015419
0.015405
0.015392
0.015379
0.015365
0.015352
0.015338
0.015325
0.015311
0.015298
0.015285
0.015271
0.015258
0.015245
0.015231
0.015218
0.015205
0.015192
0.015178
0.015165
0.015152
0.015139
0.015125
0.015112
0.015099
0.015086
0.015073
0.015059
0.015046
0.015033
0.015020
0.015007
0.014994
0.014981
0.014968
0.014955
0.014942
0.014929
0.014916
0.014903
0.014890
0.014877
0.014864
0.014851
0.014838
0.014825
0.014812
0.014799
0.014786
0.014773
0.014760
0.014747
0.014734
0.014722
0.014709
0.014696
0.014683
0.014670
0.014657
0.014645
0.014632
0.014619
0.014606
0.014594
0.014581
0.014568
0.014556
0.014543
0.014530
0.014517
0.014505
0.014492
0.014480
0.014467
0.014454
0.014442
0.014429
0.014417
0.014404
0.014391
0.014379
0.014366
0.014354
0.014341
0.014329
0.014316
0.014304
0.014291
0.014279
0.014266
0.014254
0.014242
0.014229
0.014217
0.014204
0.014192
0.014180
0.014167
0.014155
0.014143
0.014130
0.014118
0.014106
0.014093
0.014081
0.014069
0.014057
0.014044
0.014032
0.014020
0.014008
0.013995
0.013983
0.013971
0.013959
0.013947
0.013935
0.013923
0.013910
0.013898
0.013886
0.013874
0.013862
0.013850
0.013838
0.013826
0.013814
0.013802
0.013790
0.013778
0.013766
0.013754
0.013742
0.013730
0.013718
0.013706
0.013694
0.013682
0.013670
0.013658
0.013646
0.013634
0.013623
0.013611
0.013599
0.013587
0.013575
0.013563
0.013552
0.013540
0.013528
0.013516
0.013505
0.013493
0.013481
0.013469
0.013458
0.013446
0.013434
0.013422
0.013411
0.013399
0.013387
0.013376
0.013364
0.013353
0.013341
0.013329
0.013318
0.013306
0.013295
0.013283
0.013271
0.013260
0.013248
0.013237
0.013225
0.013214
0.013202
0.013191
0.013179
0.013168
0.013157
0.013145
0.013134
0.013122
0.013111
0.013099
0.013088
0.013077
0.013065
0.013054
0.013043
0.013031
0.013020
0.013009
0.012997
0.012986
0.012975
0.012963
0.012952
0.012941
0.012930
0.012918
0.012907
0.012896
0.012885
0.012874
0.012862
0.012851
0.012840
0.012829
0.012818
0.012807
0.012795
0.012784
0.012773
0.012762
0.012751
0.012740
0.012729
0.012718
0.012707
0.012696
0.012685
0.012674
0.012663
0.012652
0.012641
0.012630
0.012619
0.012608
0.012597
0.012586
0.012575
0.012564
0.012553
0.012542
0.012531
0.012520
0.012510
0.012499
0.012488
0.012477
0.012466
0.012455
0.012445
0.012434
0.012423
0.012412
0.012401
0.012391
0.012380
0.012369
0.012358
0.012348
0.012337
0.012326
0.012315
0.012305
0.012294
0.012283
0.012273
0.012262
0.012251
0.012241
0.012230
0.012220
0.012209
0.012198
0.012188
0.012177
0.012167
0.012156
0.012146
0.012135
0.012125
0.012114
0.012103
0.012093
0.012082
0.012072
0.012062
0.012051
0.012041
0.012030
0.012020
0.012009
0.011999
0.011988
0.011978
0.011968
0.011957
0.011947
0.011937
0.011926
0.011916
0.011906
0.011895
0.011885
0.011875
0.011864
0.011854
0.011844
0.011833
0.011823
0.011813
0.011803
0.011792
0.011782
0.011772
0.011762
0.011752
0.011741
0.011731
0.011721
0.011711
0.011701
0.011691
0.011681
0.011670
0.011660
0.011650
0.011640
0.011630
0.011620
0.011610
0.011600
0.011590
0.011580
0.011570
0.011560
0.011550
0.011540
0.011530
0.011520
0.011510
0.011500
0.011490
0.011480
0.011470
0.011460
0.011450
0.011440
0.011430
0.011420
0.011410
0.011400
0.011391
0.011381
0.011371
0.011361
0.011351
0.011341
0.011331
0.011322
0.011312
0.011302
0.011292
0.011282
0.011273
0.011263
0.011253
0.011243
0.011234
0.011224
0.011214
0.011205
0.011195
0.011185
0.011175
0.011166
0.011156
0.011146
0.011137
0.011127
0.011118
0.011108
0.011098
0.011089
0.011079
0.011070
0.011060
0.011050
0.011041
0.011031
0.011022
0.011012
0.011003
0.010993
0.010984
0.010974
0.010965
0.010955
0.010946
0.010936
0.010927
0.010917
0.010908
0.010898
0.010889
0.010879
0.010870
0.010861
0.010851
0.010842
0.010833
0.010823
0.010814
0.010804
0.010795
0.010786
0.010776
0.010767
0.010758
0.010748
0.010739
0.010730
0.010721
0.010711
0.010702
0.010693
0.010684
0.010674
0.010665
0.010656
0.010647
0.010637
0.010628
0.010619
0.010610
0.010601
0.010592
0.010582
0.010573
0.010564
0.010555
0.010546
0.010537
0.010528
0.010519
0.010509
0.010500
0.010491
0.010482
0.010473
0.010464
0.010455
0.010446
0.010437
0.010428
0.010419
0.010410
0.010401
0.010392
0.010383
0.010374
0.010365
0.010356
0.010347
0.010338
0.010329
0.010320
0.010311
0.010303
0.010294
0.010285
0.010276
0.010267
0.010258
0.010249
0.010240
0.010232
0.010223
0.010214
0.010205
0.010196
0.010187
0.010179
0.010170
0.010161
0.010152
0.010143
0.010135
0.010126
0.010117
0.010109
0.010100
0.010091
0.010082
0.010074
0.010065
0.010056
0.010048
0.010039
0.010030
0.010022
0.010013
0.010004
0.009996
0.009987
0.009978
0.009970
0.009961
0.009953
0.009944
0.009935
0.009927
0.009918
0.009910
0.009901
0.009893
0.009884
0.009876
0.009867
0.009858
0.009850
0.009841
0.009833
0.009824
0.009816
0.009808
0.009799
0.009791
0.009782
0.009774
0.009765
0.009757
0.009748
0.009740
0.009732
0.009723
0.009715
0.009706
0.009698
0.009690
0.009681
0.009673
0.009665
0.009656
0.009648
0.009640
0.009631
0.009623
0.009615
0.009607
0.009598
0.009590
0.009582
0.009573
0.009565
0.009557
0.009549
0.009540
0.009532
0.009524
0.009516
0.009508
0.009499
0.009491
0.009483
0.009475
0.009467
0.009458
0.009450
0.009442
0.009434
0.009426
0.009418
0.009410
0.009402
0.009393
0.009385
0.009377
0.009369
0.009361
0.009353
0.009345
0.009337
0.009329
0.009321
0.009313
0.009305
0.009297
0.009289
0.009281
0.009273
0.009265
0.009257
0.009249
0.009241
0.009233
0.009225
0.009217
0.009209
0.009201
0.009193
0.009185
0.009177
0.009169
0.009162
0.009154
0.009146
0.009138
0.009130
0.009122
0.009114
0.009106
0.009099
0.009091
0.009083
0.009075
0.009067
0.009060
0.009052
0.009044
0.009036
0.009028
0.009021
0.009013
0.009005
0.008997
0.008990
0.008982
0.008974
0.008966
0.008959
0.008951
0.008943
0.008936
0.008928
0.008920
0.008912
0.008905
0.008897
0.008889
0.008882
0.008874
0.008867
0.008859
0.008851
0.008844
0.008836
0.008828
0.008821
0.008813
0.008806
0.008798
0.008791
0.008783
0.008775
0.008768
0.008760
0.008753
0.008745
0.008738
0.008730
0.008723
0.008715
0.008708
0.008700
0.008693
0.008685
0.008678
0.008670
0.008663
0.008655
0.008648
0.008641
0.008633
0.008626
0.008618
0.008611
0.008603
0.008596
0.008589
0.008581
0.008574
0.008567
0.008559
0.008552
0.008544
0.008537
0.008530
0.008522
0.008515
0.008508
0.008500
0.008493
0.008486
0.008479
0.008471
0.008464
0.008457
0.008449
0.008442
0.008435
0.008428
0.008420
0.008413
0.008406
0.008399
0.008392
0.008384
0.008377
0.008370
0.008363
0.008356
0.008348
0.008341
0.008334
0.008327
0.008320
0.008313
0.008305
0.008298
0.008291
0.008284
0.008277
0.008270
0.008263
0.008256
0.008248
0.008241
0.008234
0.008227
0.008220
0.008213
0.008206
0.008199
0.008192
0.008185
0.008178
0.008171
0.008164
0.008157
0.008150
0.008143
0.008136
0.008129
0.008122
0.008115
0.008108
0.008101
0.008094
0.008087
0.008080
0.008073
0.008066
0.008059
0.008052
0.008045
0.008039
0.008032
0.008025
0.008018
0.008011
0.008004
0.007997
0.007990
0.007984
0.007977
0.007970
0.007963
0.007956
0.007949
0.007943
0.007936
0.007929
0.007922
0.007915
0.007909
0.007902
0.007895
0.007888
0.007881
0.007875
0.007868
0.007861
0.007854
0.007848
0.007841
0.007834
0.007827
0.007821
0.007814
0.007807
0.007801
0.007794
0.007787
0.007781
0.007774
0.007767
0.007761
0.007754
0.007747
0.007741
0.007734
0.007727
0.007721
0.007714
0.007707
0.007701
0.007694
0.007688
0.007681
0.007674
0.007668
0.007661
0.007655
0.007648
0.007642
0.007635
0.007629
0.007622
0.007615
0.007609
0.007602
0.007596
0.007589
0.007583
0.007576
0.007570
0.007563
0.007557
0.007550
0.007544
0.007537
0.007531
0.007525
0.007518
0.007512
0.007505
0.007499
0.007492
0.007486
0.007480
0.007473
0.007467
0.007460
0.007454
0.007448
0.007441
0.007435
0.007428
0.007422
0.007416
0.007409
0.007403
0.007397
0.007390
0.007384
0.007378
0.007371
0.007365
0.007359
0.007352
0.007346
0.007340
0.007334
0.007327
0.007321
0.007315
0.007308
0.007302
0.007296
0.007290
0.007283
0.007277
0.007271
0.007265
0.007259
0.007252
0.007246
0.007240
0.007234
0.007228
0.007221
0.007215
0.007209
0.007203
0.007197
0.007190
0.007184
0.007178
0.007172
0.007166
0.007160
0.007154
0.007147
0.007141
0.007135
0.007129
0.007123
0.007117
0.007111
0.007105
0.007099
0.007093
0.007087
0.007080
0.007074
0.007068
0.007062
0.007056
0.007050
0.007044
0.007038
0.007032
0.007026
0.007020
0.007014
0.007008
0.007002
0.006996
0.006990
0.006984
0.006978
0.006972
0.006966
0.006960
0.006954
0.006948
0.006942
0.006937
0.006931
0.006925
0.006919
0.006913
0.006907
0.006901
0.006895
0.006889
0.006883
0.006877
0.006872
0.006866
0.006860
0.006854
0.006848
0.006842
0.006836
0.006830
0.006825
0.006819
0.006813
0.006807
0.006801
0.006796
0.006790
0.006784
0.006778
0.006772
0.006767
0.006761
0.006755
0.006749
0.006743
0.006738
0.006732
0.006726
0.006720
0.006715
0.006709
0.006703
0.006697
0.006692
0.006686
0.006680
0.006675
0.006669
0.006663
0.006657
0.006652
0.006646
0.006640
0.006635
0.006629
0.006623
0.006618
0.006612
0.006606
0.006601
0.006595
0.006590
0.006584
0.006578
0.006573
0.006567
0.006561
0.006556
0.006550
0.006545
0.006539
0.006533
0.006528
0.006522
0.006517
0.006511
0.006506
0.006500
0.006495
0.006489
0.006483
0.006478
0.006472
0.006467
0.006461
0.006456
0.006450
0.006445
0.006439
0.006434
0.006428
0.006423
0.006417
0.006412
0.006406
0.006401
0.006395
0.006390
0.006385
0.006379
0.006374
0.006368
0.006363
0.006357
0.006352
0.006346
0.006341
0.006336
0.006330
0.006325
0.006319
0.006314
0.006309
0.006303
0.006298
0.006292
0.006287
0.006282
0.006276
0.006271
0.006266
0.006260
0.006255
0.006250
0.006244
0.006239
0.006234
0.006228
0.006223
0.006218
0.006212
0.006207
0.006202
0.006197
0.006191
0.006186
0.006181
0.006175
0.006170
0.006165
0.006160
0.006154
0.006149
0.006144
0.006139
0.006133
0.006128
0.006123
0.006118
0.006113
0.006107
0.006102
0.006097
0.006092
0.006087
0.006081
0.006076
0.006071
0.006066
0.006061
0.006055
0.006050
0.006045
0.006040
0.006035
0.006030
0.006025
0.006019
0.006014
0.006009
0.006004
0.005999
0.005994
0.005989
0.005984
0.005978
0.005973
0.005968
0.005963
0.005958
0.005953
0.005948
0.005943
0.005938
0.005933
0.005928
0.005923
0.005918
0.005913
0.005908
0.005902
0.005897
0.005892
0.005887
0.005882
0.005877
0.005872
0.005867
0.005862
0.005857
0.005852
0.005847
0.005842
0.005837
0.005832
0.005828
0.005823
0.005818
0.005813
0.005808
0.005803
0.005798
0.005793
0.005788
0.005783
0.005778
0.005773
0.005768
0.005763
0.005758
0.005754
0.005749
0.005744
0.005739
0.005734
0.005729
0.005724
0.005719
0.005714
0.005710
0.005705
0.005700
0.005695
0.005690
0.005685
0.005680
0.005676
0.005671
0.005666
0.005661
0.005656
0.005652
0.005647
0.005642
0.005637
0.005632
0.005628
0.005623
0.005618
0.005613
0.005608
0.005604
0.005599
0.005594
0.005589
0.005585
0.005580
0.005575
0.005570
0.005566
0.005561
0.005556
0.005551
0.005547
0.005542
0.005537
0.005533
0.005528
0.005523
0.005518
0.005514
0.005509
0.005504
0.005500
0.005495
0.005490
0.005486
0.005481
0.005476
0.005472
0.005467
0.005462
0.005458
0.005453
0.005448
0.005444
0.005439
0.005435
0.005430
0.005425
0.005421
0.005416
0.005411
0.005407
0.005402
0.005398
0.005393
0.005388
0.005384
0.005379
0.005375
0.005370
0.005366
0.005361
0.005357
0.005352
0.005347
0.005343
0.005338
0.005334
0.005329
0.005325
0.005320
0.005316
0.005311
0.005307
0.005302
0.005298
0.005293
0.005289
0.005284
0.005280
0.005275
0.005271
0.005266
0.005262
0.005257
0.005253
0.005248
0.005244
0.005239
0.005235
0.005230
0.005226
0.005222
0.005217
0.005213
0.005208
0.005204
0.005199
0.005195
0.005191
0.005186
0.005182
0.005177
0.005173
0.005169
0.005164
0.005160
0.005155
0.005151
0.005147
0.005142
0.005138
0.005134
0.005129
0.005125
0.005121
0.005116
0.005112
0.005107
0.005103
0.005099
0.005094
0.005090
0.005086
0.005082
0.005077
0.005073
0.005069
0.005064
0.005060
0.005056
0.005051
0.005047
0.005043
0.005039
0.005034
0.005030
0.005026
0.005021
0.005017
0.005013
0.005009
0.005004
0.005000
0.004996
0.004992
0.004987
0.004983
0.004979
0.004975
0.004971
0.004966
0.004962
0.004958
0.004954
0.004950
0.004945
0.004941
0.004937
0.004933
0.004929
0.004924
0.004920
0.004916
0.004912
0.004908
0.004904
0.004899
0.004895
0.004891
0.004887
0.004883
0.004879
0.004874
0.004870
0.004866
0.004862
0.004858
0.004854
0.004850
0.004846
0.004841
0.004837
0.004833
0.004829
0.004825
0.004821
0.004817
0.004813
0.004809
0.004805
0.004801
0.004797
0.004792
0.004788
0.004784
0.004780
0.004776
0.004772
0.004768
0.004764
0.004760
0.004756
0.004752
0.004748
0.004744
0.004740
0.004736
0.004732
0.004728
0.004724
0.004720
0.004716
0.004712
0.004708
0.004704
0.004700
0.004696
0.004692
0.004688
0.004684
0.004680
0.004676
0.004672
0.004668
0.004664
0.004660
0.004656
0.004652
0.004648
0.004644
0.004640
0.004637
0.004633
0.004629
0.004625
0.004621
0.004617
0.004613
0.004609
0.004605
0.004601
0.004597
0.004594
0.004590
0.004586
0.004582
0.004578
0.004574
0.004570
0.004566
0.004562
0.004559
0.004555
0.004551
0.004547
0.004543
0.004539
0.004536
0.004532
0.004528
0.004524
0.004520
0.004516
0.004513
0.004509
0.004505
0.004501
0.004497
0.004493
0.004490
0.004486
0.004482
0.004478
0.004474
0.004471
0.004467
0.004463
0.004459
0.004456
0.004452
0.004448
0.004444
0.004440
0.004437
0.004433
0.004429
0.004425
0.004422
0.004418
0.004414
0.004410
0.004407
0.004403
0.004399
0.004396
0.004392
0.004388
0.004384
0.004381
0.004377
0.004373
0.004370
0.004366
0.004362
0.004359
0.004355
0.004351
0.004347
0.004344
0.004340
0.004336
0.004333
0.004329
0.004325
0.004322
0.004318
0.004314
0.004311
0.004307
0.004304
0.004300
0.004296
0.004293
0.004289
0.004285
0.004282
0.004278
0.004275
0.004271
0.004267
0.004264
0.004260
0.004256
0.004253
0.004249
0.004246
0.004242
0.004239
0.004235
0.004231
0.004228
0.004224
0.004221
0.004217
0.004213
0.004210
0.004206
0.004203
0.004199
0.004196
0.004192
0.004189
0.004185
0.004182
0.004178
0.004174
0.004171
0.004167
0.004164
0.004160
0.004157
0.004153
0.004150
0.004146
0.004143
0.004139
0.004136
0.004132
0.004129
0.004125
0.004122
0.004118
0.004115
0.004111
0.004108
0.004104
0.004101
0.004098
0.004094
0.004091
0.004087
0.004084
0.004080
0.004077
0.004073
0.004070
0.004066
0.004063
0.004060
0.004056
0.004053
0.004049
0.004046
0.004042
0.004039
0.004036
0.004032
0.004029
0.004025
0.004022
0.004019
0.004015
0.004012
0.004008
0.004005
0.004002
0.003998
0.003995
0.003992
0.003988
0.003985
0.003981
0.003978
0.003975
0.003971
0.003968
0.003965
0.003961
0.003958
0.003955
0.003951
0.003948
0.003945
0.003941
0.003938
0.003935
0.003931
0.003928
0.003925
0.003921
0.003918
0.003915
0.003911
0.003908
0.003905
0.003902
0.003898
0.003895
0.003892
0.003888
0.003885
0.003882
0.003879
0.003875
0.003872
0.003869
0.003866
0.003862
0.003859
0.003856
0.003852
0.003849
0.003846
0.003843
0.003839
0.003836
0.003833
0.003830
