9012222545.681334
14968.843387
1061.468978
1054.414525
1047.373740
1040.380308
1033.433975
1026.534423
1019.681333
1012.874390
1006.113280
999.397692
992.727318
986.101849
979.520982
972.984413
966.491841
960.042969
953.637499
947.275137
940.955590
934.678569
928.443783
922.250946
916.099775
909.989986
903.921298
897.893433
891.906113
885.959064
880.052013
874.184688
868.356819
862.568140
856.818384
851.107288
845.434588
839.800026
834.203342
828.644280
823.122584
817.638002
812.190281
806.779172
801.404427
796.065799
790.763043
785.495917
780.264179
775.067589
769.905909
764.778902
759.686334
754.627972
749.603583
744.612937
739.655806
734.731964
729.841184
724.983242
720.157917
715.364987
710.604233
705.875437
701.178384
696.512857
691.878644
687.275532
682.703311
678.161773
673.650709
669.169912
664.719180
660.298307
655.907092
651.545334
647.212834
642.909394
638.634817
634.388909
630.171474
625.982322
621.821259
617.688097
613.582647
609.504721
605.454134
601.430700
597.434235
593.464558
589.521488
585.604844
581.714448
577.850122
574.011691
570.198979
566.411813
562.650019
558.913427
555.201866
551.515167
547.853162
544.215685
540.602569
537.013650
533.448765
529.907750
526.390446
522.896692
519.426329
515.979199
512.555145
509.154011
505.775643
502.419886
499.086589
495.775599
492.486767
489.219942
485.974976
482.751721
479.550031
476.369761
473.210766
470.072902
466.956027
463.859999
460.784677
457.729922
454.695596
451.681560
448.687678
445.713813
442.759830
439.825597
436.910978
434.015843
431.140060
428.283498
425.446027
422.627520
419.827848
417.046884
414.284503
411.540578
408.814986
406.107603
403.418306
400.746974
398.093485
395.457720
392.839558
390.238881
387.655572
385.089514
382.540590
380.008684
377.493683
374.995473
372.513940
370.048972
367.600457
365.168286
362.752347
360.352532
357.968731
355.600838
353.248745
350.912346
348.591535
346.286207
343.996259
341.721585
339.462085
337.217656
334.988196
332.773604
330.573781
328.388628
326.218045
324.061935
321.920200
319.792743
317.679470
315.580283
313.495090
311.423794
309.366304
307.322526
305.292368
303.275738
301.272546
299.282702
297.306115
295.342696
293.392357
291.455011
289.530569
287.618946
285.720054
283.833809
281.960125
280.098918
278.250105
276.413602
274.589326
272.777196
270.977129
269.189045
267.412863
265.648504
263.895888
262.154935
260.425569
258.707711
257.001283
255.306210
253.622415
251.949822
250.288356
248.637942
246.998507
245.369976
243.752276
242.145336
240.549082
238.963443
237.388347
235.823725
234.269505
232.725619
231.191996
229.668568
228.155266
226.652023
225.158771
223.675444
222.201974
220.738296
219.284343
217.840052
216.405356
214.980192
213.564496
212.158205
210.761255
209.373583
207.995129
206.625829
205.265622
203.914449
202.572247
201.238958
199.914521
198.598877
197.291967
195.993733
194.704116
193.423060
192.150506
190.886397
189.630678
188.383292
187.144183
185.913296
184.690576
183.475967
182.269417
181.070870
179.880274
178.697575
177.522721
176.355658
175.196335
174.044700
172.900701
171.764288
170.635409
169.514015
168.400055
167.293480
166.194240
165.102286
164.017569
162.940042
161.869655
160.806362
159.750114
158.700865
157.658569
156.623177
155.594645
154.572927
153.557976
152.549748
151.548199
150.553282
149.564954
148.583171
147.607890
146.639066
145.676656
144.720619
143.770910
142.827489
141.890313
140.959340
140.034528
139.115838
138.203227
137.296656
136.396084
135.501470
134.612776
133.729961
132.852987
131.981814
131.116404
130.256718
129.402719
128.554367
127.711626
126.874458
126.042826
125.216692
124.396022
123.580776
122.770921
121.966419
121.167235
120.373334
119.584680
118.801238
118.022974
117.249853
116.481841
115.718904
114.961007
114.208118
113.460203
112.717229
111.979162
111.245971
110.517622
109.794084
109.075324
108.361310
107.652012
106.947397
106.247435
105.552093
104.861343
104.175152
103.493491
102.816330
102.143638
101.475385
100.811543
100.152082
99.496972
98.846186
98.199693
97.557465
96.919475
96.285693
95.656092
95.030644
94.409321
93.792096
93.178942
92.569831
91.964737
91.363633
90.766492
90.173288
89.583995
88.998587
88.417037
87.839322
87.265414
86.695288
86.128920
85.566284
85.007356
84.452111
83.900524
83.352572
82.808229
82.267472
81.730278
81.196622
80.666481
80.139832
79.616651
79.096916
78.580603
78.067690
77.558154
77.051973
76.549124
76.049586
75.553336
75.060352
74.570614
74.084098
73.600785
73.120652
72.643679
72.169844
71.699127
71.231508
70.766964
70.305477
69.847025
69.391589
68.939149
68.489685
68.043176
67.599604
67.158949
66.721191
66.286312
65.854292
65.425112
64.998754
64.575199
64.154427
63.736422
63.321163
62.908634
62.498816
62.091691
61.687242
61.285450
60.886297
60.489767
60.095842
59.704505
59.315739
58.929526
58.545850
58.164693
57.786040
57.409873
57.036176
56.664934
56.296128
55.929744
55.565765
55.204176
54.844960
54.488102
54.133586
53.781397
53.431520
53.083938
52.738637
52.395602
52.054817
51.716269
51.379941
51.045820
50.713890
50.384138
50.056549
49.731108
49.407801
49.086614
48.767534
48.450546
48.135636
47.822791
47.511997
47.203240
46.896508
46.591786
46.289061
45.988320
45.689550
45.392738
45.097871
44.804936
44.513921
44.224812
43.937597
43.652264
43.368800
43.087193
42.807430
42.529499
42.253389
41.979087
41.706581
41.435860
41.166911
40.899722
40.634284
40.370583
40.108608
39.848347
39.589791
39.332927
39.077743
38.824230
38.572376
38.322169
38.073600
37.826657
37.581330
37.337608
37.095480
36.854935
36.615965
36.378557
36.142702
35.908389
35.675608
35.444350
35.214604
34.986360
34.759608
34.534338
34.310541
34.088207
33.867327
33.647890
33.429887
33.213308
32.998146
32.784389
32.572028
32.361056
32.151461
31.943236
31.736372
31.530858
31.326687
31.123849
30.922336
30.722140
30.523250
30.325660
30.129359
29.934340
29.740595
29.548114
29.356890
29.166914
28.978178
28.790674
28.604394
28.419329
28.235473
28.052816
27.871351
27.691069
27.511964
27.334028
27.157252
26.981630
26.807153
26.633814
26.461606
26.290521
26.120551
25.951690
25.783930
25.617264
25.451684
25.287184
25.123756
24.961394
24.800090
24.639838
24.480630
24.322459
24.165319
24.009204
23.854105
23.700018
23.546934
23.394847
23.243752
23.093640
22.944507
22.796344
22.649147
22.502909
22.357623
22.213283
22.069883
21.927416
21.785877
21.645260
21.505558
21.366766
21.228877
21.091886
20.955786
20.820572
20.686238
20.552779
20.420187
20.288459
20.157587
20.027567
19.898393
19.770060
19.642561
19.515891
19.390046
19.265018
19.140804
19.017398
18.894794
18.772988
18.651973
18.531746
18.412300
18.293630
18.175732
18.058600
17.942230
17.826616
17.711753
17.597637
17.484262
17.371624
17.259718
17.148539
17.038083
16.928344
16.819318
16.711000
16.603385
16.496470
16.390249
16.284718
16.179872
16.075707
15.972218
15.869402
15.767253
15.665767
15.564940
15.464767
15.365245
15.266368
15.168133
15.070536
14.973573
14.877238
14.781528
14.686440
14.591969
14.498110
14.404860
14.312215
14.220172
14.128725
14.037871
13.947607
13.857928
13.768830
13.680310
13.592364
13.504989
13.418180
13.331933
13.246246
13.161114
13.076535
12.992503
12.909016
12.826070
12.743661
12.661787
12.580443
12.499626
12.419332
12.339559
12.260303
12.181560
12.103327
12.025601
11.948378
11.871655
11.795430
11.719698
11.644456
11.569701
11.495431
11.421641
11.348329
11.275491
11.203126
11.131228
11.059796
10.988826
10.918315
10.848261
10.778660
10.709510
10.640806
10.572548
10.504731
10.437352
10.370410
10.303900
10.237821
10.172169
10.106942
10.042136
9.977750
9.913780
9.850223
9.787078
9.724340
9.662008
9.600080
9.538551
9.477420
9.416685
9.356342
9.296388
9.236823
9.177642
9.118843
9.060425
9.002384
8.944718
8.887424
8.830501
8.773945
8.717754
8.661927
8.606460
8.551351
8.496598
8.442198
8.388150
8.334451
8.281098
8.228090
8.175424
8.123098
8.071110
8.019457
7.968138
7.917150
7.866491
7.816159
7.766151
7.716467
7.667102
7.618057
7.569327
7.520912
7.472810
7.425017
7.377533
7.330355
7.283481
7.236910
7.190639
7.144666
7.098989
7.053607
7.008518
6.963719
6.919210
6.874986
6.831049
6.787394
6.744020
6.700926
6.658110
6.615570
6.573303
6.531309
6.489586
6.448131
6.406944
6.366021
6.325363
6.284966
6.244829
6.204951
6.165330
6.125963
6.086850
6.047989
6.009379
5.971016
5.932901
5.895031
5.857405
5.820021
5.782878
5.745974
5.709307
5.672876
5.636679
5.600716
5.564984
5.529481
5.494207
5.459160
5.424339
5.389741
5.355366
5.321212
5.287278
5.253562
5.220062
5.186779
5.153709
5.120851
5.088205
5.055769
5.023541
4.991521
4.959706
4.928096
4.896689
4.865484
4.834479
4.803673
4.773066
4.742655
4.712439
4.682418
4.652589
4.622952
4.593506
4.564248
4.535179
4.506296
4.477599
4.449086
4.420755
4.392607
4.364640
4.336852
4.309243
4.281811
4.254554
4.227473
4.200566
4.173831
4.147268
4.120875
4.094652
4.068597
4.042709
4.016988
3.991431
3.966038
3.940808
3.915740
3.890833
3.866085
3.841497
3.817065
3.792791
3.768672
3.744708
3.720898
3.697240
3.673734
3.650378
3.627172
3.604115
3.581206
3.558444
3.535827
3.513355
3.491028
3.468843
3.446801
3.424900
3.403139
3.381518
3.360035
3.338689
3.317481
3.296408
3.275470
3.254667
3.233996
3.213458
3.193051
3.172776
3.152629
3.132612
3.112723
3.092962
3.073326
3.053817
3.034432
3.015172
2.996035
2.977020
2.958127
2.939354
2.920702
2.902169
2.883755
2.865459
2.847279
2.829216
2.811269
2.793436
2.775717
2.758112
2.740619
2.723238
2.705968
2.688809
2.671759
2.654818
2.637986
2.621261
2.604643
2.588131
2.571725
2.555424
2.539227
2.523133
2.507143
2.491254
2.475467
2.459781
2.444195
2.428708
2.413321
2.398032
2.382840
2.367745
2.352747
2.337845
2.323038
2.308325
2.293706
2.279181
2.264749
2.250408
2.236159
2.222001
2.207934
2.193956
2.180067
2.166267
2.152555
2.138931
2.125394
2.111943
2.098577
2.085297
2.072102
2.058991
2.045964
2.033019
2.020157
2.007378
1.994680
1.982062
1.969526
1.957069
1.944691
1.932393
1.920173
1.908030
1.895966
1.883978
1.872066
1.860231
1.848471
1.836786
1.825175
1.813638
1.802175
1.790785
1.779467
1.768222
1.757048
1.745946
1.734914
1.723952
1.713060
1.702238
1.691484
1.680799
1.670182
1.659633
1.649151
1.638735
1.628386
1.618103
1.607885
1.597732
1.587644
1.577620
1.567660
1.557763
1.547930
1.538159
1.528450
1.518802
1.509217
1.499692
1.490227
1.480823
1.471479
1.462194
1.452969
1.443802
1.434693
1.425642
1.416649
1.407713
1.398834
1.390011
1.381244
1.372533
1.363878
1.355277
1.346731
1.338240
1.329802
1.321418
1.313088
1.304810
1.296585
1.288412
1.280291
1.272222
1.264204
1.256236
1.248320
1.240454
1.232637
1.224871
1.217154
1.209485
1.201866
1.194295
1.186771
1.179296
1.171868
1.164487
1.157154
1.149866
1.142625
1.135430
1.128281
1.121177
1.114118
1.107104
1.100134
1.093209
1.086327
1.079489
1.072695
1.065944
1.059235
1.052569
1.045946
1.039364
1.032824
1.026326
1.019868
1.013452
1.007077
1.000741
0.994446
0.988191
0.981976
0.975800
0.969663
0.963565
0.957506
0.951485
0.945502
0.939558
0.933650
0.927781
0.921948
0.916153
0.910394
0.904672
0.898985
0.893335
0.887721
0.882142
0.876599
0.871091
0.865617
0.860179
0.854774
0.849404
0.844068
0.838766
0.833497
0.828262
0.823060
0.817891
0.812754
0.807650
0.802578
0.797539
0.792531
0.787555
0.782610
0.777697
0.772815
0.767964
0.763143
0.758353
0.753593
0.748864
0.744164
0.739494
0.734853
0.730242
0.725660
0.721107
0.716583
0.712087
0.707620
0.703181
0.698770
0.694387
0.690032
0.685704
0.681404
0.677131
0.672885
0.668665
0.664473
0.660306
0.656166
0.652053
0.647965
0.643903
0.639867
0.635856
0.631871
0.627911
0.623975
0.620065
0.616179
0.612318
0.608481
0.604669
0.600880
0.597116
0.593375
0.589658
0.585964
0.582294
0.578647
0.575023
0.571421
0.567843
0.564287
0.560753
0.557242
0.553753
0.550286
0.546841
0.543417
0.540016
0.536635
0.533276
0.529938
0.526621
0.523326
0.520050
0.516796
0.513562
0.510349
0.507155
0.503982
0.500829
0.497696
0.494582
0.491488
0.488414
0.485359
0.482323
0.479307
0.476309
0.473330
0.470371
0.467429
0.464507
0.461602
0.458716
0.455848
0.452999
0.450167
0.447353
0.444557
0.441778
0.439017
0.436273
0.433547
0.430837
0.428145
0.425470
0.422811
0.420170
0.417545
0.414936
0.412344
0.409768
0.407209
0.404665
0.402138
0.399626
0.397130
0.394650
0.392186
0.389737
0.387303
0.384885
0.382482
0.380094
0.377721
0.375363
0.373020
0.370692
0.368378
0.366079
0.363794
0.361524
0.359268
0.357026
0.354798
0.352584
0.350385
0.348199
0.346026
0.343868
0.341723
0.339591
0.337473
0.335368
0.333276
0.331198
0.329132
0.327080
0.325040
0.323014
0.321000
0.318998
0.317009
0.315033
0.313069
0.311118
0.309178
0.307251
0.305336
0.303433
0.301542
0.299663
0.297796
0.295940
0.294096
0.292264
0.290443
0.288633
0.286835
0.285048
0.283273
0.281508
0.279755
0.278013
0.276281
0.274561
0.272851
0.271152
0.269463
0.267785
0.266118
0.264461
0.262815
0.261179
0.259553
0.257937
0.256332
0.254736
0.253151
0.251575
0.250010
0.248454
0.246908
0.245371
0.243845
0.242328
0.240820
0.239322
0.237833
0.236353
0.234883
0.233422
0.231970
0.230528
0.229094
0.227669
0.226253
0.224847
0.223448
0.222059
0.220678
0.219306
0.217943
0.216588
0.215242
0.213904
0.212574
0.211253
0.209940
0.208635
0.207339
0.206050
0.204770
0.203498
0.202233
0.200977
0.199728
0.198487
0.197254
0.196029
0.194811
0.193601
0.192399
0.191204
0.190016
0.188836
0.187663
0.186498
0.185340
0.184189
0.183046
0.181909
0.180780
0.179658
0.178542
0.177434
0.176333
0.175238
0.174151
0.173070
0.171996
0.170928
0.169868
0.168814
0.167766
0.166725
0.165691
0.164663
0.163641
0.162626
0.161617
0.160615
0.159619
0.158629
0.157645
0.156667
0.155696
0.154730
0.153771
0.152817
0.151870
0.150928
0.149993
0.149063
0.148139
0.147220
0.146308
0.145401
0.144500
0.143604
0.142714
0.141830
0.140951
0.140077
0.139209
0.138347
0.137490
0.136638
0.135791
0.134950
0.134114
0.133283
0.132458
0.131638
0.130822
0.130012
0.129207
0.128407
0.127612
0.126821
0.126036
0.125256
0.124480
0.123710
0.122944
0.122183
0.121426
0.120675
0.119928
0.119186
0.118448
0.117715
0.116986
0.116262
0.115543
0.114828
0.114118
0.113412
0.112710
0.112013
0.111320
0.110631
0.109947
0.109267
0.108591
0.107919
0.107252
0.106588
0.105929
0.105274
0.104623
0.103976
0.103334
0.102695
0.102060
0.101429
0.100802
0.100179
0.099559
0.098944
0.098333
0.097725
0.097121
0.096521
0.095924
0.095331
0.094742
0.094157
0.093575
0.092997
0.092423
0.091852
0.091284
0.090720
0.090160
0.089603
0.089050
0.088500
0.087953
0.087410
0.086870
0.086334
0.085801
0.085271
0.084744
0.084221
0.083701
0.083185
0.082671
0.082161
0.081654
0.081150
0.080649
0.080151
0.079656
0.079165
0.078676
0.078191
0.077708
0.077229
0.076752
0.076279
0.075808
0.075341
0.074876
0.074414
0.073955
0.073499
0.073046
0.072595
0.072147
0.071702
0.071260
0.070821
0.070384
0.069950
0.069519
0.069090
0.068664
0.068241
0.067820
0.067402
0.066987
0.066574
0.066164
0.065756
0.065351
0.064948
0.064548
0.064150
0.063755
0.063362
0.062971
0.062584
0.062198
0.061815
0.061434
0.061056
0.060679
0.060306
0.059934
0.059565
0.059198
0.058834
0.058471
0.058111
0.057754
0.057398
0.057045
0.056693
0.056344
0.055998
0.055653
0.055310
0.054970
0.054631
0.054295
0.053961
0.053629
0.053299
0.052971
0.052645
0.052321
0.051999
0.051679
0.051361
0.051045
0.050731
0.050419
0.050109
0.049801
0.049494
0.049190
0.048887
0.048587
0.048288
0.047991
0.047696
0.047403
0.047111
0.046821
0.046534
0.046248
0.045963
0.045681
0.045400
0.045121
0.044843
0.044568
0.044294
0.044022
0.043751
0.043482
0.043215
0.042949
0.042686
0.042423
0.042163
0.041904
0.041646
0.041390
0.041136
0.040883
0.040632
0.040383
0.040135
0.039888
0.039643
0.039400
0.039158
0.038917
0.038678
0.038441
0.038205
0.037970
0.037737
0.037505
0.037275
0.037046
0.036819
0.036593
0.036368
0.036145
0.035923
0.035703
0.035484
0.035266
0.035050
0.034835
0.034621
0.034408
0.034197
0.033987
0.033779
0.033572
0.033366
0.033161
0.032958
0.032756
0.032555
0.032355
0.032157
0.031959
0.031763
0.031569
0.031375
0.031183
0.030991
0.030801
0.030613
0.030425
0.030238
0.030053
0.029869
0.029686
0.029504
0.029323
0.029143
0.028965
0.028787
0.028611
0.028435
0.028261
0.028088
0.027916
0.027745
0.027575
0.027406
0.027238
0.027071
0.026905
0.026741
0.026577
0.026414
0.026252
0.026092
0.025932
0.025773
0.025615
0.025458
0.025302
0.025148
0.024994
0.024841
0.024688
0.024537
0.024387
0.024238
0.024089
0.023942
0.023796
0.023650
0.023505
0.023361
0.023218
0.023076
0.022935
0.022795
0.022655
0.022517
0.022379
0.022242
0.022106
0.021971
0.021836
0.021703
0.021570
0.021438
0.021307
0.021177
0.021047
0.020918
0.020791
0.020663
0.020537
0.020411
0.020287
0.020163
0.020039
0.019917
0.019795
0.019674
0.019554
0.019434
0.019316
0.019198
0.019080
0.018964
0.018848
0.018733
0.018618
0.018504
0.018391
0.018279
0.018167
0.018056
0.017946
0.017836
0.017727
0.017619
0.017511
0.017404
0.017298
0.017192
0.017087
0.016983
0.016879
0.016776
0.016674
0.016572
0.016471
0.016370
0.016270
0.016171
0.016072
0.015974
0.015877
0.015780
0.015684
0.015588
0.015493
0.015398
0.015304
0.015211
0.015118
0.015026
0.014934
0.014843
0.014752
0.014662
0.014573
0.014484
0.014396
0.014308
0.014220
0.014134
0.014048
0.013962
0.013877
0.013792
0.013708
0.013624
0.013541
0.013459
0.013377
0.013295
0.013214
0.013133
0.013053
0.012974
0.012895
0.012816
0.012738
0.012660
0.012583
0.012507
0.012430
0.012355
0.012279
0.012204
0.012130
0.012056
0.011983
0.011910
0.011837
0.011765
0.011693
0.011622
0.011551
0.011481
0.011411
0.011341
0.011272
0.011204
0.011135
0.011068
0.011000
0.010933
0.010867
0.010801
0.010735
0.010669
0.010604
0.010540
0.010476
0.010412
0.010349
0.010286
0.010223
0.010161
0.010099
0.010037
0.009976
0.009916
0.009855
0.009795
0.009736
0.009676
0.009618
0.009559
0.009501
0.009443
0.009386
0.009329
0.009272
0.009215
0.009159
0.009104
0.009048
0.008993
0.008939
0.008884
0.008830
0.008776
0.008723
0.008670
0.008617
0.008565
0.008513
0.008461
0.008410
0.008358
0.008308
0.008257
0.008207
0.008157
0.008108
0.008058
0.008009
0.007961
0.007912
0.007864
0.007816
0.007769
0.007722
0.007675
0.007628
0.007582
0.007536
0.007490
0.007444
0.007399
0.007354
0.007310
0.007265
0.007221
0.007177
0.007134
0.007090
0.007047
0.007004
0.006962
0.006920
0.006878
0.006836
0.006794
0.006753
0.006712
0.006671
0.006631
0.006591
0.006551
0.006511
0.006471
0.006432
0.006393
0.006354
0.006316
0.006277
0.006239
0.006201
0.006164
0.006126
0.006089
0.006052
0.006015
0.005979
0.005943
0.005907
0.005871
0.005835
0.005800
0.005765
0.005730
0.005695
0.005660
0.005626
0.005592
0.005558
0.005524
0.005491
0.005457
0.005424
0.005391
0.005359
0.005326
0.005294
0.005262
0.005230
0.005198
0.005167
0.005135
0.005104
0.005073
0.005043
0.005012
0.004982
0.004952
0.004922
0.004892
0.004862
0.004833
0.004803
0.004774
0.004745
0.004717
0.004688
0.004660
0.004631
0.004603
0.004575
0.004548
0.004520
0.004493
0.004466
0.004439
0.004412
0.004385
0.004358
0.004332
0.004306
0.004280
0.004254
0.004228
0.004202
0.004177
0.004152
0.004127
0.004102
0.004077
0.004052
0.004028
0.004003
0.003979
0.003955
0.003931
0.003907
0.003884
0.003860
0.003837
0.003813
0.003790
0.003767
0.003745
0.003722
0.003699
0.003677
0.003655
0.003633
0.003611
0.003589
0.003567
0.003546
0.003524
0.003503
0.003482
0.003461
0.003440
0.003419
0.003398
0.003378
0.003357
0.003337
0.003317
0.003297
0.003277
0.003257
0.003237
0.003218
0.003198
0.003179
0.003160
0.003141
0.003122
0.003103
0.003084
0.003065
0.003047
0.003029
0.003010
0.002992
0.002974
0.002956
0.002938
0.002920
0.002903
0.002885
0.002868
0.002850
0.002833
0.002816
0.002799
0.002782
0.002765
0.002749
0.002732
0.002716
0.002699
0.002683
0.002667
0.002651
0.002635
0.002619
0.002603
0.002587
0.002572
0.002556
0.002541
0.002525
0.002510
0.002495
0.002480
0.002465
0.002450
0.002435
0.002420
0.002406
0.002391
0.002377
0.002363
0.002348
0.002334
0.002320
0.002306
0.002292
0.002278
0.002265
0.002251
0.002237
0.002224
0.002210
0.002197
0.002184
0.002171
0.002158
0.002145
0.002132
0.002119
0.002106
0.002093
0.002081
0.002068
0.002056
0.002043
0.002031
0.002019
0.002007
0.001994
0.001982
0.001971
0.001959
0.001947
0.001935
0.001923
0.001912
0.001900
0.001889
0.001877
0.001866
0.001855
0.001844
0.001833
0.001822
0.001811
0.001800
0.001789
0.001778
0.001767
0.001757
0.001746
0.001736
0.001725
0.001715
0.001704
0.001694
0.001684
0.001674
0.001664
0.001654
0.001644
0.001634
0.001624
0.001614
0.001605
0.001595
0.001585
0.001576
0.001566
0.001557
0.001547
0.001538
0.001529
0.001520
0.001511
0.001501
0.001492
0.001483
0.001475
0.001466
0.001457
0.001448
0.001439
0.001431
0.001422
0.001414
0.001405
0.001397
0.001388
0.001380
0.001372
0.001363
0.001355
0.001347
0.001339
0.001331
0.001323
0.001315
0.001307
0.001299
0.001291
0.001283
0.001276
0.001268
0.001260
0.001253
0.001245
0.001238
0.001230
0.001223
0.001216
0.001208
0.001201
0.001194
0.001187
0.001180
0.001172
0.001165
0.001158
0.001151
0.001145
0.001138
0.001131
0.001124
0.001117
0.001111
0.001104
0.001097
0.001091
0.001084
0.001078
0.001071
0.001065
0.001058
0.001052
0.001046
0.001039
0.001033
0.001027
0.001021
0.001015
0.001008
0.001002
0.000996
0.000990
0.000984
0.000979
0.000973
0.000967
0.000961
0.000955
0.000950
0.000944
0.000938
0.000933
0.000927
0.000921
0.000916
0.000910
0.000905
0.000899
0.000894
0.000889
0.000883
0.000878
0.000873
0.000868
0.000862
0.000857
0.000852
0.000847
0.000842
0.000837
0.000832
0.000827
0.000822
0.000817
0.000812
0.000807
0.000802
0.000797
0.000793
0.000788
0.000783
0.000779
0.000774
0.000769
0.000765
0.000760
0.000755
0.000751
0.000746
0.000742
0.000737
0.000733
0.000729
0.000724
0.000720
0.000716
0.000711
0.000707
0.000703
0.000699
0.000694
0.000690
0.000686
0.000682
0.000678
0.000674
0.000670
0.000666
0.000662
0.000658
0.000654
0.000650
0.000646
0.000642
0.000638
0.000635
0.000631
0.000627
0.000623
0.000620
0.000616
0.000612
0.000608
0.000605
0.000601
0.000598
0.000594
0.000590
0.000587
0.000583
0.000580
0.000576
0.000573
0.000570
0.000566
0.000563
0.000559
0.000556
0.000553
0.000549
0.000546
0.000543
0.000540
0.000536
0.000533
0.000530
0.000527
0.000524
0.000521
0.000517
0.000514
0.000511
0.000508
0.000505
0.000502
0.000499
0.000496
0.000493
0.000490
0.000487
0.000484
0.000481
0.000479
0.000476
0.000473
0.000470
0.000467
0.000464
0.000462
0.000459
0.000456
0.000453
0.000451
0.000448
0.000445
0.000443
0.000440
0.000437
0.000435
0.000432
0.000430
0.000427
0.000424
0.000422
0.000419
0.000417
0.000414
0.000412
0.000409
0.000407
0.000405
0.000402
0.000400
0.000397
0.000395
0.000393
0.000390
0.000388
0.000386
0.000383
0.000381
0.000379
0.000377
0.000374
0.000372
0.000370
0.000368
0.000365
0.000363
0.000361
0.000359
0.000357
0.000355
0.000352
0.000350
0.000348
0.000346
0.000344
0.000342
0.000340
0.000338
0.000336
0.000334
0.000332
0.000330
0.000328
0.000326
0.000324
0.000322
0.000320
0.000318
0.000316
0.000315
0.000313
0.000311
0.000309
0.000307
0.000305
0.000303
0.000302
0.000300
0.000298
0.000296
0.000295
0.000293
0.000291
0.000289
0.000288
0.000286
0.000284
0.000282
0.000281
0.000279
0.000277
0.000276
0.000274
0.000272
0.000271
0.000269
0.000268
0.000266
0.000264
0.000263
0.000261
0.000260
0.000258
0.000257
0.000255
0.000254
0.000252
0.000251
0.000249
0.000248
0.000246
0.000245
0.000243
0.000242
0.000240
0.000239
0.000237
0.000236
0.000235
0.000233
0.000232
0.000230
0.000229
0.000228
0.000226
0.000225
0.000224
0.000222
0.000221
0.000220
0.000218
0.000217
0.000216
0.000215
0.000213
0.000212
0.000211
0.000209
0.000208
0.000207
0.000206
0.000205
0.000203
0.000202
0.000201
0.000200
0.000198
0.000197
0.000196
0.000195
0.000194
0.000193
0.000192
0.000190
0.000189
0.000188
0.000187
0.000186
0.000185
0.000184
0.000183
0.000181
0.000180
0.000179
0.000178
0.000177
0.000176
0.000175
0.000174
0.000173
0.000172
0.000171
0.000170
0.000169
0.000168
0.000167
0.000166
0.000165
0.000164
0.000163
0.000162
0.000161
0.000160
0.000159
0.000158
0.000157
0.000156
0.000155
0.000154
0.000154
0.000153
0.000152
0.000151
0.000150
0.000149
0.000148
0.000147
0.000146
0.000146
0.000145
0.000144
0.000143
0.000142
0.000141
0.000140
0.000140
0.000139
0.000138
0.000137
0.000136
0.000135
0.000135
0.000134
0.000133
0.000132
0.000131
0.000131
0.000130
0.000129
0.000128
0.000128
0.000127
0.000126
0.000125
0.000125
0.000124
0.000123
0.000122
0.000122
0.000121
0.000120
0.000120
0.000119
0.000118
0.000117
0.000117
0.000116
0.000115
0.000115
0.000114
0.000113
0.000113
0.000112
0.000111
0.000111
0.000110
0.000109
0.000109
0.000108
0.000107
0.000107
0.000106
0.000105
0.000105
0.000104
0.000104
0.000103
0.000102
0.000102
0.000101
0.000101
0.000100
0.000099
0.000099
0.000098
0.000098
0.000097
0.000096
0.000096
0.000095
0.000095
0.000094
0.000094
0.000093
0.000093
0.000092
0.000091
0.000091
0.000090
0.000090
0.000089
0.000089
0.000088
0.000088
0.000087
0.000087
0.000086
0.000086
0.000085
0.000085
0.000084
0.000084
0.000083
0.000083
0.000082
0.000082
0.000081
0.000081
0.000080
0.000080
0.000079
0.000079
0.000078
0.000078
0.000077
0.000077
0.000076
0.000076
0.000076
0.000075
0.000075
0.000074
0.000074
0.000073
0.000073
0.000072
0.000072
0.000072
0.000071
0.000071
0.000070
0.000070
0.000070
0.000069
0.000069
0.000068
0.000068
0.000068
0.000067
0.000067
0.000066
0.000066
0.000066
0.000065
0.000065
0.000064
0.000064
0.000064
0.000063
0.000063
0.000062
0.000062
0.000062
0.000061
0.000061
0.000061
0.000060
0.000060
0.000060
0.000059
0.000059
0.000059
0.000058
0.000058
0.000057
0.000057
0.000057
0.000056
0.000056
0.000056
0.000055
0.000055
0.000055
0.000055
0.000054
0.000054
0.000054
0.000053
0.000053
0.000053
0.000052
0.000052
0.000052
0.000051
0.000051
0.000051
0.000050
0.000050
0.000050
0.000050
0.000049
0.000049
0.000049
0.000048
0.000048
0.000048
0.000048
0.000047
0.000047
0.000047
0.000046
0.000046
0.000046
0.000046
0.000045
0.000045
0.000045
0.000045
0.000044
0.000044
0.000044
0.000043
0.000043
0.000043
0.000043
0.000042
0.000042
0.000042
0.000042
0.000041
0.000041
0.000041
0.000041
0.000041
0.000040
0.000040
0.000040
0.000040
0.000039
0.000039
0.000039
0.000039
0.000038
0.000038
0.000038
0.000038
0.000038
0.000037
0.000037
0.000037
0.000037
0.000036
0.000036
0.000036
0.000036
0.000036
0.000035
0.000035
0.000035
0.000035
0.000035
0.000034
0.000034
0.000034
0.000034
0.000034
0.000033
0.000033
0.000033
0.000033
0.000033
0.000032
0.000032
0.000032
0.000032
0.000032
0.000031
0.000031
0.000031
0.000031
0.000031
0.000030
0.000030
0.000030
0.000030
0.000030
0.000030
0.000029
0.000029
0.000029
0.000029
0.000029
0.000029
0.000028
0.000028
0.000028
0.000028
0.000028
0.000028
0.000027
0.000027
0.000027
0.000027
0.000027
0.000027
0.000026
0.000026
0.000026
0.000026
0.000026
0.000026
0.000026
0.000025
0.000025
0.000025
0.000025
0.000025
0.000025
0.000024
0.000024
0.000024
0.000024
0.000024
0.000024
0.000024
0.000023
0.000023
0.000023
0.000023
0.000023
0.000023
0.000023
0.000023
0.000022
0.000022
0.000022
0.000022
0.000022
0.000022
0.000022
0.000021
0.000021
0.000021
0.000021
0.000021
0.000021
0.000021
0.000021
0.000020
0.000020
0.000020
0.000020
0.000020
0.000020
0.000020
0.000020
0.000020
0.000019
0.000019
0.000019
0.000019
0.000019
0.000019
0.000019
0.000019
0.000019
0.000018
0.000018
0.000018
0.000018
0.000018
0.000018
0.000018
0.000018
0.000018
0.000017
0.000017
0.000017
0.000017
0.000017
0.000017
0.000017
0.000017
0.000017
0.000017
0.000016
0.000016
0.000016
0.000016
0.000016
0.000016
0.000016
0.000016
0.000016
0.000016
0.000016
0.000015
0.000015
0.000015
0.000015
0.000015
0.000015
0.000015
0.000015
0.000015
0.000015
0.000015
0.000014
0.000014
0.000014
0.000014
0.000014
0.000014
0.000014
0.000014
0.000014
0.000014
0.000014
0.000014
0.000013
0.000013
0.000013
0.000013
0.000013
0.000013
0.000013
0.000013
0.000013
0.000013
0.000013
0.000013
0.000013
0.000012
0.000012
0.000012
0.000012
0.000012
0.000012
0.000012
0.000012
0.000012
0.000012
0.000012
0.000012
0.000012
0.000012
0.000011
0.000011
0.000011
0.000011
0.000011
0.000011
0.000011
0.000011
0.000011
0.000011
0.000011
0.000011
0.000011
0.000011
0.000011
0.000011
0.000010
0.000010
0.000010
0.000010
0.000010
0.000010
0.000010
0.000010
0.000010
0.000010
0.000010
0.000010
0.000010
0.000010
0.000010
0.000010
0.000010
0.000009
0.000009
0.000009
0.000009
0.000009
0.000009
0.000009
0.000009
0.000009
0.000009
0.000009
0.000009
0.000009
0.000009
0.000009
0.000009
0.000009
0.000009
0.000009
0.000008
0.000008
0.000008
0.000008
0.000008
0.000008
0.000008
0.000008
0.000008
0.000008
0.000008
0.000008
0.000008
0.000008
0.000008
0.000008
0.000008
0.000008
0.000008
0.000008
0.000008
0.000007
0.000007
0.000007
0.000007
0.000007
0.000007
0.000007
0.000007
0.000007
0.000007
0.000007
0.000007
0.000007
0.000007
0.000007
0.000007
0.000007
0.000007
0.000007
0.000007
0.000007
0.000007
0.000007
0.000007
0.000006
0.000006
0.000006
0.000006
0.000006
0.000006
0.000006
0.000006
0.000006
0.000006
0.000006
0.000006
0.000006
0.000006
0.000006
0.000006
0.000006
0.000006
0.000006
0.000006
0.000006
0.000006
0.000006
0.000006
0.000006
0.000006
0.000006
0.000006
0.000006
0.000005
0.000005
0.000005
0.000005
0.000005
0.000005
0.000005
0.000005
0.000005
0.000005
0.000005
0.000005
0.000005
0.000005
0.000005
0.000005
0.000005
0.000005
0.000005
0.000005
0.000005
0.000005
0.000005
0.000005
0.000005
0.000005
0.000005
0.000005
0.000005
0.000005
0.000005
0.000005
0.000005
0.000005
0.000004
0.000004
0.000004
0.000004
0.000004
0.000004
0.000004
0.000004
0.000004
0.000004
0.000004
0.000004
0.000004
0.000004
0.000004
0.000004
0.000004
0.000004
0.000004
0.000004
0.000004
0.000004
0.000004
0.000004
0.000004
0.000004
0.000004
0.000004
0.000004
0.000004
0.000004
0.000004
0.000004
0.000004
0.000004
0.000004
0.000004
0.000004
0.000004
0.000004
0.000004
0.000004
0.000003
0.000003
0.000003
0.000003
0.000003
0.000003
0.000003
0.000003
0.000003
0.000003
0.000003
0.000003
0.000003
0.000003
0.000003
0.000003
0.000003
0.000003
0.000003
0.000003
0.000003
0.000003
0.000003
0.000003
0.000003
0.000003
0.000003
0.000003
0.000003
0.000003
0.000003
0.000003
0.000003
0.000003
0.000003
0.000003
0.000003
0.000003
0.000003
0.000003
0.000003
0.000003
0.000003
0.000003
0.000003
0.000003
0.000003
0.000003
0.000003
0.000003
0.000003
0.000003
0.000003
0.000003
0.000003
0.000003
0.000003
0.000003
0.000002
0.000002
0.000002
0.000002
0.000002
0.000002
0.000002
0.000002
0.000002
0.000002
0.000002
0.000002
0.000002
0.000002
0.000002
0.000002
0.000002
0.000002
0.000002
0.000002
0.000002
0.000002
0.000002
0.000002
0.000002
0.000002
0.000002
0.000002
0.000002
0.000002
0.000002
0.000002
0.000002
0.000002
0.000002
0.000002
0.000002
0.000002
0.000002
0.000002
0.000002
0.000002
0.000002
0.000002
0.000002
0.000002
0.000002
0.000002
0.000002
0.000002
0.000002
0.000002
0.000002
0.000002
0.000002
0.000002
0.000002
0.000002
0.000002
0.000002
0.000002
0.000002
0.000002
0.000002
0.000002
0.000002
0.000002
0.000002
0.000002
0.000002
0.000002
0.000002
0.000002
0.000002
0.000002
0.000002
0.000002
0.000002
0.000002
0.000002
0.000002
0.000002
0.000002
0.000002
0.000002
0.000002
0.000002
0.000001
0.000001
0.000001
0.000001
0.000001
0.000001
0.000001
0.000001
0.000001
0.000001
0.000001
0.000001
0.000001
0.000001
0.000001
0.000001
0.000001
0.000001
0.000001
0.000001
0.000001
0.000001
0.000001
0.000001
0.000001
0.000001
0.000001
0.000001
0.000001
0.000001
0.000001
0.000001
0.000001
0.000001
0.000001
0.000001
0.000001
0.000001
0.000001
0.000001
0.000001
0.000001
0.000001
0.000001
0.000001
0.000001
0.000001
0.000001
0.000001
0.000001
0.000001
0.000001
0.000001
0.000001
0.000001
0.000001
0.000001
0.000001
0.000001
0.000001
0.000001
0.000001
0.000001
0.000001
0.000001
0.000001
0.000001
0.000001
0.000001
0.000001
0.000001
0.000001
0.000001
0.000001
0.000001
0.000001
0.000001
0.000001
0.000001
0.000001
0.000001
0.000001
0.000001
0.000001
0.000001
0.000001
0.000001
0.000001
0.000001
0.000001
0.000001
0.000001
0.000001
0.000001
0.000001
0.000001
0.000001
0.000001
0.000001
0.000001
0.000001
0.000001
0.000001
0.000001
0.000001
0.000001
0.000001
0.000001
0.000001
0.000001
0.000001
0.000001
0.000001
0.000001
0.000001
0.000001
0.000001
0.000001
0.000001
0.000001
0.000001
0.000001
0.000001
0.000001
0.000001
0.000001
0.000001
0.000001
0.000001
0.000001
0.000001
0.000001
0.000001
0.000001
0.000001
0.000001
0.000001
0.000001
0.000001
0.000001
0.000001
0.000001
0.000001
0.000001
0.000001
0.000001
0.000001
0.000001
0.000001
0.000001
0.000001
0.000001
0.000001
0.000001
0.000001
0.000001
0.000001
0.000001
0.000001
0.000001
0.000001
0.000001
0.000001
0.000001
0.000001
0.000001
0.000001
0.000001
0.000001
0.000001
0.000001
0.000001
0.000001
0.000001
0.000001
0.000001
0.000001
0.000001
0.000001
0.000001
0.000001
0.000001
0.000001
0.000001
0.000001
0.000001
0.000001
0.000001
0.000000
0.000000
0.000000
0.000000
0.000000
0.000000
0.000000
0.000000
0.000000
0.000000
0.000000
0.000000
0.000000
0.000000
0.000000
0.000000
0.000000
0.000000
0.000000
0.000000
0.000000
0.000000
0.000000
0.000000
0.000000
0.000000
0.000000
0.000000
0.000000
0.000000
0.000000
0.000000
0.000000
0.000000
0.000000
0.000000
0.000000
0.000000
0.000000
0.000000
0.000000
0.000000
0.000000
0.000000
0.000000
0.000000
0.000000
0.000000
0.000000
0.000000
0.000000
0.000000
0.000000
0.000000
0.000000
0.000000
0.000000
0.000000
0.000000
0.000000
0.000000
0.000000
0.000000
0.000000
0.000000
0.000000
0.000000
0.000000
0.000000
0.000000
0.000000
0.000000
0.000000
0.000000
0.000000
0.000000
0.000000
0.000000
0.000000
0.000000
0.000000
0.000000
0.000000
0.000000
0.000000
0.000000
0.000000
0.000000
0.000000
0.000000
0.000000
0.000000
0.000000
0.000000
0.000000
0.000000
0.000000
0.000000
0.000000
0.000000
0.000000
0.000000
0.000000
0.000000
0.000000
0.000000
0.000000
0.000000
0.000000
0.000000
0.000000
0.000000
0.000000
0.000000
0.000000
0.000000
0.000000
0.000000
0.000000
0.000000
0.000000
0.000000
0.000000
0.000000
0.000000
0.000000
0.000000
0.000000
0.000000
0.000000
0.000000
0.000000
0.000000
0.000000
0.000000
0.000000
0.000000
0.000000
0.000000
0.000000
0.000000
0.000000
0.000000
0.000000
0.000000
0.000000
0.000000
0.000000
0.000000
0.000000
0.000000
0.000000
0.000000
0.000000
0.000000
0.000000
0.000000
0.000000
0.000000
0.000000
0.000000
0.000000
0.000000
0.000000
0.000000
0.000000
0.000000
0.000000
0.000000
0.000000
0.000000
0.000000
0.000000
0.000000
0.000000
0.000000
0.000000
0.000000
0.000000
0.000000
0.000000
0.000000
0.000000
0.000000
0.000000
0.000000
0.000000
0.000000
0.000000
0.000000
0.000000
0.000000
0.000000
0.000000
0.000000
0.000000
0.000000
0.000000
0.000000
0.000000
0.000000
0.000000
0.000000
0.000000
0.000000
0.000000
0.000000
0.000000
0.000000
0.000000
0.000000
0.000000
0.000000
0.000000
0.000000
0.000000
0.000000
0.000000
0.000000
0.000000
0.000000
0.000000
0.000000
0.000000
0.000000
0.000000
0.000000
0.000000
0.000000
0.000000
0.000000
0.000000
0.000000
0.000000
0.000000
0.000000
0.000000
0.000000
0.000000
0.000000
0.000000
0.000000
0.000000
0.000000
0.000000
0.000000
0.000000
0.000000
0.000000
0.000000
0.000000
0.000000
0.000000
0.000000
0.000000
0.000000
0.000000
0.000000
0.000000
0.000000
0.000000
0.000000
0.000000
0.000000
0.000000
0.000000
0.000000
0.000000
0.000000
0.000000
0.000000
0.000000
0.000000
0.000000
0.000000
0.000000
0.000000
0.000000
0.000000
0.000000
0.000000
0.000000
0.000000
0.000000
0.000000
0.000000
0.000000
0.000000
0.000000
0.000000
0.000000
0.000000
0.000000
0.000000
0.000000
0.000000
0.000000
0.000000
0.000000
0.000000
0.000000
0.000000
0.000000
0.000000
0.000000
0.000000
0.000000
0.000000
0.000000
0.000000
0.000000
0.000000
0.000000
0.000000
0.000000
0.000000
0.000000
0.000000
0.000000
0.000000
0.000000
0.000000
0.000000
0.000000
0.000000
0.000000
0.000000
0.000000
0.000000
0.000000
0.000000
0.000000
0.000000
0.000000
0.000000
0.000000
0.000000
0.000000
0.000000
0.000000
0.000000
0.000000
0.000000
0.000000
0.000000
0.000000
0.000000
0.000000
0.000000
0.000000
0.000000
0.000000
0.000000
0.000000
0.000000
0.000000
0.000000
0.000000
0.000000
0.000000
0.000000
0.000000
0.000000
0.000000
0.000000
0.000000
0.000000
0.000000
0.000000
0.000000
0.000000
0.000000
0.000000
0.000000
0.000000
0.000000
0.000000
0.000000
0.000000
0.000000
0.000000
0.000000
0.000000
0.000000
0.000000
0.000000
0.000000
0.000000
0.000000
0.000000
0.000000
0.000000
0.000000
0.000000
0.000000
0.000000
0.000000
0.000000
0.000000
0.000000
0.000000
0.000000
0.000000
0.000000
0.000000
0.000000
0.000000
0.000000
0.000000
0.000000
0.000000
0.000000
0.000000
0.000000
0.000000
0.000000
0.000000
0.000000
0.000000
0.000000
0.000000
0.000000
0.000000
0.000000
0.000000
0.000000
0.000000
0.000000
0.000000
0.000000
0.000000
0.000000
0.000000
0.000000
0.000000
0.000000
0.000000
0.000000
0.000000
0.000000
0.000000
0.000000
0.000000
0.000000
0.000000
0.000000
0.000000
0.000000
0.000000
0.000000
0.000000
0.000000
0.000000
0.000000
0.000000
0.000000
0.000000
0.000000
0.000000
0.000000
0.000000
0.000000
0.000000
0.000000
0.000000
0.000000
0.000000
0.000000
0.000000
0.000000
0.000000
0.000000
0.000000
0.000000
0.000000
0.000000
0.000000
0.000000
0.000000
0.000000
0.000000
0.000000
0.000000
0.000000
0.000000
0.000000
0.000000
0.000000
0.000000
0.000000
0.000000
0.000000
0.000000
0.000000
0.000000
0.000000
0.000000
0.000000
0.000000
0.000000
0.000000
0.000000
0.000000
0.000000
0.000000
0.000000
0.000000
0.000000
0.000000
0.000000
0.000000
0.000000
0.000000
0.000000
0.000000
0.000000
0.000000
0.000000
0.000000
0.000000
0.000000
0.000000
0.000000
0.000000
0.000000
0.000000
0.000000
0.000000
0.000000
0.000000
0.000000
0.000000
0.000000
0.000000
0.000000
0.000000
0.000000
0.000000
0.000000
0.000000
0.000000
0.000000
0.000000
0.000000
0.000000
0.000000
0.000000
0.000000
0.000000
0.000000
0.000000
0.000000
0.000000
0.000000
0.000000
0.000000
0.000000
0.000000
0.000000
0.000000
0.000000
0.000000
0.000000
0.000000
0.000000
0.000000
0.000000
0.000000
0.000000
0.000000
0.000000
0.000000
0.000000
0.000000
0.000000
0.000000
0.000000
0.000000
0.000000
0.000000
0.000000
0.000000
0.000000
0.000000
0.000000
0.000000
0.000000
0.000000
0.000000
0.000000
0.000000
0.000000
0.000000
0.000000
0.000000
0.000000
0.000000
0.000000
0.000000
0.000000
0.000000
0.000000
0.000000
0.000000
0.000000
0.000000
0.000000
0.000000
0.000000
0.000000
0.000000
0.000000
0.000000
0.000000
0.000000
0.000000
0.000000
0.000000
0.000000
0.000000
0.000000
0.000000
0.000000
0.000000
0.000000
0.000000
0.000000
0.000000
0.000000
0.000000
0.000000
0.000000
0.000000
0.000000
0.000000
0.000000
0.000000
0.000000
0.000000
0.000000
0.000000
0.000000
0.000000
0.000000
0.000000
0.000000
0.000000
0.000000
0.000000
0.000000
0.000000
0.000000
0.000000
0.000000
0.000000
0.000000
0.000000
0.000000
0.000000
0.000000
0.000000
0.000000
0.000000
0.000000
0.000000
0.000000
0.000000
0.000000
0.000000
0.000000
0.000000
0.000000
0.000000
0.000000
0.000000
0.000000
0.000000
0.000000
0.000000
0.000000
0.000000
0.000000
0.000000
0.000000
0.000000
0.000000
0.000000
0.000000
0.000000
0.000000
0.000000
0.000000
0.000000
0.000000
0.000000
0.000000
0.000000
0.000000
0.000000
0.000000
0.000000
0.000000
0.000000
0.000000
0.000000
0.000000
0.000000
0.000000
0.000000
0.000000
0.000000
0.000000
0.000000
0.000000
0.000000
0.000000
0.000000
0.000000
0.000000
0.000000
0.000000
0.000000
0.000000
0.000000
0.000000
0.000000
0.000000
0.000000
0.000000
0.000000
0.000000
0.000000
0.000000
0.000000
0.000000
0.000000
0.000000
0.000000
0.000000
0.000000
0.000000
0.000000
0.000000
0.000000
0.000000
0.000000
0.000000
0.000000
0.000000
0.000000
0.000000
0.000000
0.000000
0.000000
0.000000
0.000000
0.000000
0.000000
0.000000
0.000000
0.000000
0.000000
0.000000
0.000000
0.000000
0.000000
0.000000
0.000000
0.000000
0.000000
0.000000
0.000000
0.000000
0.000000
0.000000
0.000000
0.000000
0.000000
0.000000
0.000000
0.000000
0.000000
0.000000
0.000000
0.000000
0.000000
0.000000
0.000000
0.000000
0.000000
0.000000
0.000000
0.000000
0.000000
0.000000
0.000000
0.000000
0.000000
0.000000
0.000000
0.000000
0.000000
0.000000
0.000000
0.000000
0.000000
0.000000
0.000000
0.000000
0.000000
0.000000
0.000000
0.000000
0.000000
0.000000
0.000000
0.000000
0.000000
0.000000
0.000000
0.000000
0.000000
0.000000
0.000000
0.000000
0.000000
0.000000
0.000000
0.000000
0.000000
0.000000
0.000000
0.000000
0.000000
0.000000
0.000000
0.000000
0.000000
0.000000
0.000000
0.000000
0.000000
0.000000
0.000000
0.000000
0.000000
0.000000
0.000000
0.000000
0.000000
0.000000
0.000000
0.000000
0.000000
0.000000
0.000000
0.000000
0.000000
0.000000
0.000000
0.000000
0.000000
0.000000
0.000000
0.000000
0.000000
0.000000
0.000000
0.000000
0.000000
0.000000
0.000000
0.000000
0.000000
0.000000
0.000000
0.000000
0.000000
0.000000
0.000000
0.000000
0.000000
0.000000
0.000000
0.000000
0.000000
0.000000
0.000000
0.000000
0.000000
0.000000
0.000000
0.000000
0.000000
0.000000
0.000000
0.000000
0.000000
0.000000
0.000000
0.000000
0.000000
0.000000
0.000000
0.000000
0.000000
0.000000
0.000000
0.000000
0.000000
0.000000
0.000000
0.000000
0.000000
0.000000
0.000000
0.000000
0.000000
0.000000
0.000000
0.000000
0.000000
0.000000
0.000000
0.000000
0.000000
0.000000
0.000000
0.000000
0.000000
0.000000
0.000000
0.000000
0.000000
0.000000
0.000000
0.000000
0.000000
0.000000
0.000000
0.000000
0.000000
0.000000
0.000000
0.000000
0.000000
0.000000
0.000000
0.000000
0.000000
0.000000
0.000000
0.000000
0.000000
0.000000
0.000000
0.000000
0.000000
0.000000
0.000000
0.000000
0.000000
0.000000
0.000000
0.000000
0.000000
0.000000
0.000000
0.000000
0.000000
0.000000
0.000000
0.000000
0.000000
0.000000
0.000000
0.000000
0.000000
0.000000
0.000000
0.000000
0.000000
0.000000
0.000000
0.000000
0.000000
0.000000
0.000000
0.000000
0.000000
0.000000
0.000000
0.000000
0.000000
0.000000
0.000000
0.000000
0.000000
0.000000
0.000000
0.000000
0.000000
0.000000
0.000000
0.000000
0.000000
0.000000
0.000000
0.000000
0.000000
0.000000
0.000000
0.000000
0.000000
0.000000
0.000000
0.000000
0.000000
0.000000
0.000000
0.000000
0.000000
0.000000
0.000000
0.000000
0.000000
0.000000
0.000000
0.000000
0.000000
0.000000
0.000000
0.000000
0.000000
0.000000
0.000000
0.000000
0.000000
0.000000
0.000000
0.000000
0.000000
0.000000
0.000000
0.000000
0.000000
0.000000
0.000000
0.000000
0.000000
0.000000
0.000000
0.000000
0.000000
0.000000
0.000000
0.000000
0.000000
0.000000
0.000000
0.000000
0.000000
0.000000
0.000000
0.000000
0.000000
0.000000
0.000000
0.000000
0.000000
0.000000
0.000000
0.000000
0.000000
0.000000
0.000000
0.000000
0.000000
0.000000
0.000000
0.000000
0.000000
0.000000
0.000000
0.000000
0.000000
0.000000
0.000000
0.000000
0.000000
0.000000
0.000000
0.000000
0.000000
0.000000
0.000000
0.000000
0.000000
0.000000
0.000000
0.000000
0.000000
0.000000
0.000000
0.000000
0.000000
0.000000
0.000000
0.000000
0.000000
0.000000
0.000000
0.000000
0.000000
0.000000
0.000000
0.000000
0.000000
0.000000
0.000000
0.000000
0.000000
0.000000
0.000000
0.000000
0.000000
0.000000
0.000000
0.000000
0.000000
0.000000
0.000000
0.000000
0.000000
0.000000
0.000000
0.000000
0.000000
0.000000
0.000000
0.000000
0.000000
0.000000
0.000000
0.000000
0.000000
0.000000
0.000000
0.000000
0.000000
0.000000
0.000000
0.000000
0.000000
0.000000
0.000000
0.000000
0.000000
0.000000
0.000000
0.000000
0.000000
0.000000
0.000000
0.000000
0.000000
0.000000
0.000000
0.000000
0.000000
0.000000
0.000000
0.000000
0.000000
0.000000
0.000000
0.000000
0.000000
0.000000
0.000000
0.000000
0.000000
0.000000
0.000000
0.000000
0.000000
0.000000
0.000000
0.000000
0.000000
0.000000
0.000000
0.000000
0.000000
0.000000
0.000000
0.000000
0.000000
0.000000
0.000000
0.000000
0.000000
0.000000
0.000000
0.000000
0.000000
0.000000
0.000000
0.000000
0.000000
0.000000
0.000000
0.000000
0.000000
0.000000
0.000000
0.000000
0.000000
0.000000
0.000000
0.000000
0.000000
0.000000
0.000000
0.000000
0.000000
0.000000
0.000000
0.000000
0.000000
0.000000
0.000000
0.000000
0.000000
0.000000
0.000000
0.000000
0.000000
0.000000
0.000000
0.000000
0.000000
0.000000
0.000000
0.000000
0.000000
0.000000
0.000000
0.000000
0.000000
0.000000
0.000000
0.000000
0.000000
0.000000
0.000000
0.000000
0.000000
0.000000
0.000000
0.000000
0.000000
0.000000
0.000000
0.000000
0.000000
0.000000
0.000000
0.000000
0.000000
0.000000
0.000000
0.000000
0.000000
0.000000
0.000000
0.000000
0.000000
0.000000
0.000000
0.000000
0.000000
0.000000
0.000000
0.000000
0.000000
0.000000
0.000000
0.000000
0.000000
0.000000
0.000000
0.000000
0.000000
0.000000
0.000000
0.000000
0.000000
0.000000
0.000000
0.000000
0.000000
0.000000
0.000000
0.000000
0.000000
0.000000
0.000000
0.000000
0.000000
0.000000
0.000000
0.000000
0.000000
0.000000
0.000000
0.000000
0.000000
0.000000
0.000000
0.000000
0.000000
0.000000
0.000000
0.000000
0.000000
0.000000
0.000000
0.000000
0.000000
0.000000
0.000000
0.000000
0.000000
0.000000
0.000000
0.000000
0.000000
0.000000
0.000000
0.000000
0.000000
0.000000
0.000000
0.000000
0.000000
0.000000
0.000000
0.000000
0.000000
0.000000
0.000000
0.000000
0.000000
0.000000
0.000000
0.000000
0.000000
0.000000
0.000000
0.000000
0.000000
0.000000
0.000000
0.000000
0.000000
0.000000
0.000000
0.000000
0.000000
0.000000
0.000000
0.000000
0.000000
0.000000
0.000000
0.000000
0.000000
0.000000
0.000000
0.000000
0.000000
0.000000
0.000000
0.000000
0.000000
0.000000
0.000000
0.000000
0.000000
0.000000
0.000000
0.000000
0.000000
0.000000
0.000000
0.000000
0.000000
0.000000
0.000000
0.000000
0.000000
0.000000
0.000000
0.000000
0.000000
0.000000
0.000000
0.000000
0.000000
0.000000
0.000000
0.000000
0.000000
0.000000
0.000000
0.000000
0.000000
0.000000
0.000000
0.000000
0.000000
0.000000
0.000000
0.000000
0.000000
0.000000
0.000000
0.000000
0.000000
0.000000
0.000000
0.000000
0.000000
0.000000
0.000000
0.000000
0.000000
0.000000
0.000000
0.000000
0.000000
0.000000
0.000000
0.000000
0.000000
0.000000
0.000000
0.000000
0.000000
0.000000
0.000000
0.000000
0.000000
0.000000
0.000000
0.000000
0.000000
0.000000
0.000000
0.000000
0.000000
0.000000
0.000000
0.000000
0.000000
0.000000
0.000000
0.000000
0.000000
0.000000
0.000000
0.000000
0.000000
0.000000
0.000000
0.000000
0.000000
0.000000
0.000000
0.000000
0.000000
0.000000
0.000000
0.000000
0.000000
0.000000
0.000000
0.000000
0.000000
0.000000
0.000000
0.000000
0.000000
0.000000
0.000000
0.000000
0.000000
0.000000
0.000000
0.000000
0.000000
0.000000
0.000000
0.000000
0.000000
0.000000
0.000000
0.000000
0.000000
0.000000
0.000000
0.000000
0.000000
0.000000
0.000000
0.000000
0.000000
0.000000
0.000000
0.000000
0.000000
0.000000
0.000000
0.000000
0.000000
0.000000
0.000000
0.000000
0.000000
0.000000
0.000000
0.000000
0.000000
0.000000
0.000000
0.000000
0.000000
0.000000
0.000000
0.000000
0.000000
0.000000
0.000000
0.000000
0.000000
0.000000
0.000000
0.000000
0.000000
0.000000
0.000000
0.000000
0.000000
0.000000
0.000000
0.000000
0.000000
0.000000
0.000000
0.000000
0.000000
0.000000
0.000000
0.000000
0.000000
0.000000
0.000000
0.000000
0.000000
0.000000
0.000000
0.000000
0.000000
0.000000
0.000000
0.000000
0.000000
0.000000
0.000000
0.000000
0.000000
0.000000
0.000000
0.000000
0.000000
0.000000
0.000000
0.000000
0.000000
0.000000
0.000000
0.000000
0.000000
0.000000
0.000000
0.000000
0.000000
0.000000
0.000000
0.000000
0.000000
0.000000
0.000000
0.000000
0.000000
0.000000
0.000000
0.000000
0.000000
0.000000
0.000000
0.000000
0.000000
0.000000
0.000000
0.000000
0.000000
0.000000
0.000000
0.000000
0.000000
0.000000
0.000000
0.000000
0.000000
0.000000
0.000000
0.000000
0.000000
0.000000
0.000000
0.000000
0.000000
0.000000
0.000000
0.000000
0.000000
0.000000
0.000000
0.000000
0.000000
0.000000
0.000000
0.000000
0.000000
0.000000
0.000000
0.000000
0.000000
0.000000
0.000000
0.000000
0.000000
0.000000
0.000000
0.000000
0.000000
0.000000
0.000000
0.000000
0.000000
0.000000
0.000000
0.000000
0.000000
0.000000
0.000000
0.000000
0.000000
0.000000
0.000000
0.000000
0.000000
0.000000
0.000000
0.000000
0.000000
0.000000
0.000000
0.000000
0.000000
0.000000
0.000000
0.000000
0.000000
0.000000
0.000000
0.000000
0.000000
0.000000
0.000000
0.000000
0.000000
0.000000
0.000000
0.000000
0.000000
0.000000
0.000000
0.000000
0.000000
0.000000
0.000000
0.000000
0.000000
0.000000
0.000000
0.000000
0.000000
0.000000
0.000000
0.000000
0.000000
0.000000
0.000000
0.000000
0.000000
0.000000
0.000000
0.000000
0.000000
0.000000
0.000000
0.000000
0.000000
0.000000
0.000000
0.000000
0.000000
0.000000
0.000000
0.000000
0.000000
0.000000
0.000000
0.000000
0.000000
0.000000
0.000000
0.000000
0.000000
0.000000
0.000000
0.000000
0.000000
0.000000
0.000000
0.000000
0.000000
0.000000
0.000000
0.000000
0.000000
0.000000
0.000000
0.000000
0.000000
0.000000
0.000000
0.000000
0.000000
0.000000
0.000000
0.000000
0.000000
0.000000
0.000000
0.000000
0.000000
0.000000
0.000000
0.000000
0.000000
0.000000
0.000000
0.000000
0.000000
0.000000
0.000000
0.000000
0.000000
0.000000
0.000000
0.000000
0.000000
0.000000
0.000000
0.000000
0.000000
0.000000
0.000000
0.000000
0.000000
0.000000
0.000000
0.000000
0.000000
0.000000
0.000000
0.000000
0.000000
0.000000
0.000000
0.000000
0.000000
0.000000
0.000000
0.000000
0.000000
0.000000
0.000000
0.000000
0.000000
0.000000
0.000000
0.000000
0.000000
0.000000
0.000000
0.000000
0.000000
0.000000
0.000000
0.000000
0.000000
0.000000
0.000000
0.000000
0.000000
0.000000
0.000000
0.000000
0.000000
0.000000
0.000000
0.000000
0.000000
0.000000
0.000000
0.000000
0.000000
0.000000
0.000000
0.000000
0.000000
0.000000
0.000000
0.000000
0.000000
0.000000
0.000000
0.000000
0.000000
0.000000
0.000000
0.000000
0.000000
0.000000
0.000000
0.000000
0.000000
0.000000
0.000000
0.000000
0.000000
0.000000
0.000000
0.000000
0.000000
0.000000
0.000000
0.000000
0.000000
0.000000
0.000000
0.000000
0.000000
0.000000
0.000000
0.000000
0.000000
0.000000
0.000000
0.000000
0.000000
0.000000
0.000000
0.000000
0.000000
0.000000
0.000000
0.000000
0.000000
0.000000
0.000000
0.000000
0.000000
0.000000
0.000000
0.000000
0.000000
0.000000
0.000000
0.000000
0.000000
0.000000
0.000000
0.000000
0.000000
0.000000
0.000000
0.000000
0.000000
0.000000
0.000000
0.000000
0.000000
0.000000
0.000000
0.000000
0.000000
0.000000
0.000000
0.000000
0.000000
0.000000
0.000000
0.000000
0.000000
0.000000
0.000000
0.000000
0.000000
0.000000
0.000000
0.000000
0.000000
0.000000
0.000000
0.000000
0.000000
0.000000
0.000000
0.000000
0.000000
0.000000
0.000000
0.000000
0.000000
0.000000
0.000000
0.000000
0.000000
0.000000
0.000000
0.000000
0.000000
0.000000
0.000000
0.000000
0.000000
0.000000
0.000000
0.000000
0.000000
0.000000
0.000000
0.000000
0.000000
0.000000
0.000000
0.000000
0.000000
0.000000
0.000000
0.000000
0.000000
0.000000
0.000000
0.000000
0.000000
0.000000
0.000000
0.000000
0.000000
0.000000
0.000000
0.000000
0.000000
0.000000
0.000000
0.000000
0.000000
0.000000
0.000000
0.000000
0.000000
0.000000
0.000000
0.000000
0.000000
0.000000
0.000000
0.000000
0.000000
0.000000
0.000000
0.000000
0.000000
0.000000
0.000000
0.000000
0.000000
0.000000
0.000000
0.000000
0.000000
0.000000
0.000000
0.000000
0.000000
0.000000
0.000000
0.000000
0.000000
0.000000
0.000000
0.000000
0.000000
0.000000
0.000000
0.000000
0.000000
0.000000
0.000000
0.000000
0.000000
0.000000
0.000000
0.000000
0.000000
0.000000
0.000000
0.000000
0.000000
0.000000
0.000000
0.000000
0.000000
0.000000
0.000000
0.000000
0.000000
0.000000
0.000000
0.000000
0.000000
0.000000
0.000000
0.000000
0.000000
0.000000
0.000000
0.000000
0.000000
0.000000
0.000000
0.000000
0.000000
0.000000
0.000000
0.000000
0.000000
0.000000
0.000000
0.000000
0.000000
0.000000
0.000000
0.000000
0.000000
0.000000
0.000000
0.000000
0.000000
0.000000
0.000000
0.000000
0.000000
0.000000
0.000000
0.000000
0.000000
0.000000
0.000000
0.000000
0.000000
0.000000
0.000000
0.000000
0.000000
0.000000
0.000000
0.000000
0.000000
0.000000
0.000000
0.000000
0.000000
0.000000
0.000000
0.000000
0.000000
0.000000
0.000000
0.000000
0.000000
0.000000
0.000000
0.000000
0.000000
0.000000
0.000000
0.000000
0.000000
0.000000
0.000000
0.000000
0.000000
0.000000
0.000000
0.000000
0.000000
0.000000
0.000000
0.000000
0.000000
0.000000
0.000000
0.000000
0.000000
0.000000
0.000000
0.000000
0.000000
0.000000
0.000000
0.000000
0.000000
0.000000
0.000000
0.000000
0.000000
0.000000
0.000000
0.000000
0.000000
0.000000
0.000000
0.000000
0.000000
0.000000
0.000000
0.000000
0.000000
0.000000
0.000000
0.000000
0.000000
0.000000
0.000000
0.000000
0.000000
0.000000
0.000000
0.000000
0.000000
0.000000
0.000000
0.000000
0.000000
0.000000
0.000000
0.000000
0.000000
0.000000
0.000000
0.000000
0.000000
0.000000
0.000000
0.000000
0.000000
0.000000
0.000000
0.000000
0.000000
0.000000
0.000000
0.000000
0.000000
0.000000
0.000000
0.000000
0.000000
0.000000
0.000000
0.000000
0.000000
0.000000
0.000000
0.000000
0.000000
0.000000
0.000000
0.000000
0.000000
0.000000
0.000000
0.000000
0.000000
0.000000
0.000000
0.000000
0.000000
0.000000
0.000000
0.000000
0.000000
0.000000
0.000000
0.000000
0.000000
0.000000
0.000000
0.000000
0.000000
0.000000
0.000000
0.000000
0.000000
0.000000
0.000000
0.000000
0.000000
0.000000
0.000000
0.000000
0.000000
0.000000
0.000000
0.000000
0.000000
0.000000
0.000000
0.000000
0.000000
0.000000
0.000000
0.000000
0.000000
0.000000
0.000000
0.000000
0.000000
0.000000
0.000000
0.000000
0.000000
0.000000
0.000000
0.000000
0.000000
0.000000
0.000000
0.000000
0.000000
0.000000
0.000000
0.000000
0.000000
0.000000
0.000000
0.000000
0.000000
0.000000
0.000000
0.000000
0.000000
0.000000
0.000000
0.000000
0.000000
0.000000
0.000000
0.000000
0.000000
0.000000
0.000000
0.000000
0.000000
0.000000
0.000000
0.000000
0.000000
0.000000
0.000000
0.000000
0.000000
0.000000
0.000000
0.000000
0.000000
0.000000
0.000000
0.000000
0.000000
0.000000
0.000000
0.000000
0.000000
0.000000
0.000000
0.000000
0.000000
0.000000
0.000000
0.000000
0.000000
0.000000
0.000000
0.000000
0.000000
0.000000
0.000000
0.000000
0.000000
0.000000
0.000000
0.000000
0.000000
0.000000
0.000000
0.000000
0.000000
0.000000
0.000000
0.000000
0.000000
0.000000
0.000000
0.000000
0.000000
0.000000
0.000000
0.000000
0.000000
0.000000
0.000000
0.000000
0.000000
0.000000
0.000000
0.000000
0.000000
0.000000
0.000000
0.000000
0.000000
0.000000
0.000000
0.000000
0.000000
0.000000
0.000000
0.000000
0.000000
0.000000
0.000000
0.000000
0.000000
0.000000
0.000000
0.000000
0.000000
0.000000
0.000000
0.000000
0.000000
0.000000
0.000000
0.000000
0.000000
0.000000
0.000000
0.000000
0.000000
0.000000
0.000000
0.000000
0.000000
0.000000
0.000000
0.000000
0.000000
0.000000
0.000000
0.000000
0.000000
0.000000
0.000000
0.000000
0.000000
0.000000
0.000000
0.000000
0.000000
0.000000
0.000000
0.000000
0.000000
0.000000
0.000000
0.000000
0.000000
0.000000
0.000000
0.000000
0.000000
0.000000
0.000000
0.000000
0.000000
0.000000
0.000000
0.000000
0.000000
0.000000
0.000000
0.000000
0.000000
0.000000
0.000000
0.000000
0.000000
0.000000
0.000000
0.000000
0.000000
0.000000
0.000000
0.000000
0.000000
0.000000
0.000000
0.000000
0.000000
0.000000
0.000000
0.000000
0.000000
0.000000
0.000000
0.000000
0.000000
0.000000
0.000000
0.000000
0.000000
0.000000
0.000000
0.000000
0.000000
0.000000
0.000000
0.000000
0.000000
0.000000
0.000000
0.000000
0.000000
0.000000
0.000000
0.000000
0.000000
0.000000
0.000000
0.000000
0.000000
0.000000
0.000000
0.000000
0.000000
0.000000
0.000000
0.000000
0.000000
0.000000
0.000000
0.000000
0.000000
0.000000
0.000000
0.000000
0.000000
0.000000
0.000000
0.000000
0.000000
0.000000
0.000000
0.000000
0.000000
0.000000
0.000000
0.000000
0.000000
0.000000
