38673716724466.523438
68969120.975134
14391007.685391
14290579.786934
14190951.163995
14092039.730785
13993840.179934
13896347.244385
13799555.696972
13703460.350112
13608056.055502
13513337.703812
13419300.224388
13325938.584950
13233247.791297
13141222.887014
13049858.953179
12959151.108075
12869094.506901
12779684.341491
12690915.840025
12602784.266758
12515284.921730
12428413.140504
12342164.293878
12256533.787623
12171517.062212
12087109.592549
12003306.887706
11920104.490660
11837497.978032
11755482.959828
11674055.079179
11593210.012089
11512943.467184
11433251.185453
11354128.940007
11275572.535829
11197577.809528
11120140.629094
11043256.893662
10966922.533266
10891133.508608
10815885.810816
10741175.461213
10666998.511086
10593351.041453
10520229.162837
10447629.015037
10375546.766905
10303978.616122
10232920.788974
10162369.540139
10092321.152462
10022771.936742
9953718.231517
9885156.402851
9817082.844123
9749493.975817
9682386.245313
9615756.126684
9549600.120486
9483914.753561
9418696.578830
9353942.175096
9289648.146845
9225811.124051
9162427.761974
9099494.740974
9037008.766317
8974966.567979
8913364.900462
8852200.542607
8791470.297401
8731170.991798
8671299.476537
8611852.625950
8552827.337794
8494220.533064
8436029.155817
8378250.172994
8320880.574249
8263917.371771
8207357.600115
8151198.316029
8095436.598283
8040069.547505
7985094.286010
7930507.957635
7876307.727577
7822490.782226
7769054.329007
7715995.596216
7663311.832862
7611000.308508
7559058.313118
7507483.156896
7456272.170132
7405422.703054
7354932.125670
7304797.827620
7255017.218026
7205587.725341
7156506.797205
7107771.900299
7059380.520195
7011330.161216
6963618.346293
6916242.616823
6869200.532525
6822489.671305
6776107.629115
6730052.019817
6684320.475044
6638910.644067
6593820.193661
6549046.807970
6504588.188376
6460442.053367
6416606.138407
6373078.195808
6329855.994602
6286937.320410
6244319.975320
6202001.777763
6159980.562381
6118254.179915
6076820.497071
6035677.396409
5994822.776215
5954254.550386
5913970.648309
5873969.014744
5834247.609708
5794804.408359
5755637.400881
5716744.592368
5678124.002714
5639773.666498
5601691.632875
5563875.965465
5526324.742239
5489036.055418
5452008.011358
5415238.730447
5378726.346995
5342469.009133
5306464.878704
5270712.131162
5235208.955469
5199953.553989
5164944.142391
5130178.949546
5095656.217428
5061374.201011
5027331.168178
4993525.399617
4959955.188726
4926618.841519
4893514.676526
4860641.024702
4827996.229333
4795578.645941
4763386.642192
4731418.597805
4699672.904461
4668147.965710
4636842.196886
4605754.025013
4574881.888721
4544224.238155
4513779.534890
4483546.251844
4453522.873193
4423707.894285
4394099.821557
4364697.172449
4335498.475325
4306502.269387
4277707.104594
4249111.541583
4220714.151584
4192513.516346
4164508.228053
4136696.889249
4109078.112755
4081650.521598
4054412.748928
4027363.437947
4000501.241828
3973824.823645
3947332.856297
3921024.022430
3894897.014370
3868950.534045
3843183.292918
3817594.011908
3792181.421326
3766944.260800
3741881.279209
3716991.234606
3692272.894159
3667725.034074
3643346.439532
3619135.904621
3595092.232265
3571214.234164
3547500.730723
3523950.550990
3500562.532588
3477335.521655
3454268.372774
3431359.948916
3408609.121373
3386014.769696
3363575.781635
3341291.053076
3319159.487981
3297179.998325
3275351.504039
3253672.932950
3232143.220718
3210761.310784
3189526.154306
3168436.710103
3147491.944598
3126690.831762
3106032.353056
3085515.497375
3065139.260992
3044902.647506
3024804.667783
3004844.339903
2985020.689107
2965332.747745
2945779.555217
2926360.157927
2907073.609226
2887918.969364
2868895.305434
2850001.691324
2831237.207667
2812600.941786
2794091.987650
2775709.445821
2757452.423403
2739320.034000
2721311.397657
2703425.640824
2685661.896297
2668019.303181
2650497.006834
2633094.158825
2615809.916888
2598643.444875
2581593.912708
2564660.496339
2547842.377701
2531138.744665
2514548.790995
2498071.716306
2481706.726017
2465453.031312
2449309.849093
2433276.401941
2417351.918071
2401535.631293
2385826.780967
2370224.611963
2354728.374623
2339337.324715
2324050.723397
2308867.837176
2293787.937865
2278810.302550
2263934.213543
2249158.958351
2234483.829631
2219908.125157
2205431.147776
2191052.205378
2176770.610852
2162585.682052
2148496.741758
2134503.117644
2120604.142236
2106799.152881
2093087.491708
2079468.505593
2065941.546124
2052505.969570
2039161.136840
2025906.413450
2012741.169494
1999664.779604
1986676.622920
1973776.083056
1960962.548064
1948235.410408
1935594.066922
1923037.918785
1910566.371488
1898178.834799
1885874.722732
1873653.453519
1861514.449575
1849457.137469
1837480.947892
1825585.315630
1813769.679529
1802033.482467
1790376.171327
1778797.196961
1767296.014169
1755872.081663
1744524.862041
1733253.821757
1722058.431097
1710938.164143
1699892.498753
1688920.916526
1678022.902782
1667197.946527
1656445.540431
1645765.180800
1635156.367546
1624618.604167
1614151.397713
1603754.258766
1593426.701411
1583168.243209
1572978.405176
1562856.711752
1552802.690781
1542815.873483
1532895.794430
1523041.991518
1513254.005951
1503531.382207
1493873.668021
1484280.414357
1474751.175386
1465285.508463
1455882.974103
1446543.135955
1437265.560786
1428049.818449
1418895.481868
1409802.127013
1400769.332875
1391796.681449
1382883.757705
1374030.149575
1365235.447924
1356499.246531
1347821.142068
1339200.734079
1330637.624959
1322131.419932
1313681.727030
1305288.157074
1296950.323656
1288667.843111
1280440.334504
1272267.419609
1264148.722884
1256083.871460
1248072.495114
1240114.226252
1232208.699893
1224355.553643
1216554.427683
1208804.964748
1201106.810106
1193459.611541
1185863.019338
1178316.686258
1170820.267525
1163373.420807
1155975.806198
1148627.086199
1141326.925703
1134074.991975
1126870.954637
1119714.485648
1112605.259290
1105542.952150
1098527.243101
1091557.813289
1084634.346115
1077756.527218
1070924.044458
1064136.587901
1057393.849805
1050695.524600
1044041.308875
1037430.901360
1030864.002913
1024340.316504
1017859.547197
1011421.402139
1005025.590543
998671.823669
992359.814818
986089.279307
979859.934463
973671.499604
967523.696024
961416.246982
955348.877683
949321.315270
943333.288805
937384.529255
931474.769484
925603.744231
919771.190102
913976.845557
908220.450891
902501.748228
896820.481502
891176.396445
885569.240578
879998.763192
874464.715341
868966.849824
863504.921176
858078.685654
852687.901226
847332.327556
842011.725993
836725.859561
831474.492944
826257.392474
821074.326121
815925.063480
810809.375761
805727.035773
800677.817917
795661.498174
790677.854091
785726.664770
780807.710860
775920.774544
771065.639526
766242.091023
761449.915753
756688.901923
751958.839220
747259.518800
742590.733278
737952.276714
733343.944607
728765.533884
724216.842886
719697.671362
715207.820457
710747.092702
706315.292006
701912.223642
697537.694241
693191.511780
688873.485575
684583.426268
680321.145819
676086.457498
671879.175872
667699.116800
663546.097421
659419.936145
655320.452645
651247.467847
647200.803921
643180.284272
639185.733534
635216.977556
631273.843397
627356.159316
623463.754765
619596.460378
615754.107965
611936.530500
608143.562119
604375.038103
600630.794879
596910.670005
593214.502163
589542.131156
585893.397893
582268.144385
578666.213739
575087.450143
571531.698867
567998.806250
564488.619692
561000.987650
557535.759628
554092.786169
550671.918850
547273.010271
543895.914054
540540.484827
537206.578225
533894.050876
530602.760401
527332.565400
524083.325449
520854.901095
517647.153841
514459.946149
511293.141428
508146.604025
505020.199226
501913.793240
498827.253200
495760.447152
492713.244052
489685.513755
486677.127013
483687.955465
480717.871635
477766.748922
474834.461593
471920.884782
469025.894480
466149.367528
463291.181613
460451.215264
457629.347840
454825.459531
452039.431346
449271.145112
446520.483467
443787.329850
441071.568502
438373.084457
435691.763534
433027.492338
430380.158247
427749.649411
425135.854746
422538.663928
419957.967387
417393.656305
414845.622603
412313.758946
409797.958730
407298.116081
404814.125845
402345.883591
399893.285597
397456.228852
395034.611046
392628.330569
390237.286502
387861.378617
385500.507367
383154.573885
380823.479979
378507.128124
376205.421460
373918.263787
371645.559561
369387.213887
367143.132517
364913.221844
362697.388898
360495.541342
358307.587465
356133.436181
353972.997024
351826.180141
349692.896291
347573.056838
345466.573748
343373.359586
341293.327509
339226.391265
337172.465185
335131.464184
333103.303752
331087.899952
329085.169416
327095.029343
325117.397490
323152.192174
321199.332264
319258.737177
317330.326877
315414.021869
313509.743198
311617.412439
309736.951702
307868.283620
306011.331352
304166.018572
302332.269476
300510.008766
298699.161656
296899.653864
295111.411610
293334.361611
291568.431079
289813.547717
288069.639717
286336.635752
284614.464978
282903.057029
281202.342012
279512.250505
277832.713553
276163.662667
274505.029817
272856.747433
271218.748398
269590.966047
267973.334163
266365.786976
264768.259155
263180.685812
261603.002491
260035.145172
258477.050263
256928.654601
255389.895445
253860.710477
252341.037794
250830.815913
249329.983759
247838.480669
246356.246386
244883.221056
243419.345227
241964.559846
240518.806254
239082.026185
237654.161764
236235.155503
234824.950297
233423.489426
232030.716546
230646.575694
229271.011276
227903.968074
226545.391236
225195.226277
223853.419078
222519.915879
221194.663279
219877.608235
218568.698057
217267.880405
215975.103290
214690.315069
213413.464444
212144.500458
210883.372493
209630.030270
208384.423842
207146.503598
205916.220255
204693.524858
203478.368779
202270.703712
201070.481673
199877.654997
198692.176336
197513.998656
196343.075236
195179.359666
194022.805843
192873.367970
191731.000555
190595.658408
189467.296637
188345.870649
187231.336148
186123.649130
185022.765882
183928.642983
182841.237298
181760.505977
180686.406457
179618.896452
178557.933961
177503.477257
176455.484890
175413.915687
174378.728742
173349.883424
172327.339369
171311.056479
170300.994921
169297.115126
168299.377787
167307.743853
166322.174535
165342.631298
164369.075860
163401.470193
162439.776519
161483.957311
160533.975287
159589.793411
158651.374892
157718.683180
156791.681967
155870.335184
154954.606997
154044.461810
153139.864261
152240.779221
151347.171790
150459.007299
149576.251306
148698.869596
147826.828179
146960.093286
146098.631374
145242.409115
144391.393403
143545.551349
142704.850279
141869.257732
141038.741463
140213.269436
139392.809826
138577.331015
137766.801593
136961.190356
136160.466305
135364.598642
134573.556772
133787.310298
133005.829025
132229.082954
131457.042281
130689.677398
129926.958890
129168.857535
128415.344300
127666.390344
126921.967013
126182.045839
125446.598541
124715.597023
123989.013371
123266.819853
122548.988919
121835.493197
121126.305495
120421.398797
119720.746262
119024.321227
118332.097198
117644.047858
116960.147058
116280.368820
115604.687336
114933.076964
114265.512230
113601.967824
112942.418604
112286.839586
111635.205952
110987.493045
110343.676366
109703.731577
109067.634496
108435.361100
107806.887519
107182.190041
106561.245106
105944.029305
105330.519384
104720.692237
104114.524909
103511.994592
102913.078629
102317.754505
101725.999854
101137.792453
100553.110224
99971.931230
99394.233678
98819.995913
98249.196422
97681.813831
97117.826903
96557.214538
95999.955773
95446.029778
94895.415862
94348.093462
93804.042152
93263.241635
92725.671745
92191.312446
91660.143834
91132.146128
90607.299678
90085.584959
89566.982573
89051.473246
88539.037826
88029.657288
87523.312726
87019.985357
86519.656518
86022.307667
85527.920380
85036.476353
84547.957396
84062.345439
83579.622527
83099.770819
82622.772590
82148.610229
81677.266235
81208.723223
80742.963916
80279.971150
79819.727869
79362.217128
78907.422089
78455.326023
78005.912307
77559.164425
77115.065966
76673.600625
76234.752199
75798.504592
75364.841806
74933.747951
74505.207233
74079.203962
73655.722548
73234.747499
72816.263423
72400.255026
71986.707111
71575.604578
71166.932424
70760.675741
70356.819715
69955.349628
69556.250855
69159.508864
68765.109216
68373.037562
67983.279647
67595.821305
67210.648460
66827.747126
66447.103407
66068.703491
65692.533660
65318.580278
64946.829797
64577.268757
64209.883780
63844.661576
63481.588937
63120.652741
62761.839946
62405.137596
62050.532814
61698.012808
61347.564864
60999.176350
60652.834713
60308.527482
59966.242260
59625.966734
59287.688665
58951.395893
58617.076334
58284.717981
57954.308903
57625.837244
57299.291223
56974.659133
56651.929342
56331.090289
56012.130489
55695.038527
55379.803061
55066.412822
54754.856608
54445.123292
54137.201815
53831.081186
53526.750487
53224.198866
52923.415541
52624.389795
52327.110981
52031.568518
51737.751893
51445.650657
51155.254428
50866.552888
50579.535785
50294.192931
50010.514202
49728.489537
49448.108939
49169.362473
48892.240268
48616.732511
48342.829455
48070.521412
47799.798755
47530.651916
47263.071389
46997.047727
46732.571540
46469.633501
46208.224338
45948.334837
45689.955844
45433.078260
45177.693043
44923.791210
44671.363831
44420.402033
44170.897000
43922.839968
43676.222230
43431.035132
43187.270076
42944.918515
42703.971957
42464.421963
42226.260145
41989.478169
41754.067753
41520.020666
41287.328727
41055.983808
40825.977830
40597.302766
40369.950637
40143.913515
39919.183521
39695.752825
39473.613645
39252.758249
39033.178950
38814.868113
38597.818147
38382.021509
38167.470703
37954.158280
37742.076837
37531.219017
37321.577507
37113.145042
36905.914400
36699.878405
36495.029925
36291.361871
36088.867200
35887.538911
35687.370048
35488.353696
35290.482984
35093.751084
34898.151208
34703.676613
34510.320595
34318.076493
34126.937686
33936.897597
33747.949684
33560.087451
33373.304439
33187.594229
33002.950443
32819.366741
32636.836823
32455.354427
32274.913330
32095.507348
31917.130334
31739.776179
31563.438813
31388.112201
31213.790348
31040.467293
30868.137114
30696.793923
30526.431872
30357.045144
30188.627962
30021.174583
29854.679299
29689.136436
29524.540357
29360.885459
29198.166172
29036.376962
28875.512329
28715.566804
28556.534954
28398.411379
28241.190712
28084.867619
27929.436798
27774.892980
27621.230928
27468.445437
27316.531334
27165.483478
27015.296759
26865.966099
26717.486450
26569.852795
26423.060149
26277.103555
26131.978089
25987.678855
25844.200988
25701.539652
25559.690042
25418.647380
25278.406919
25138.963941
25000.313755
24862.451700
24725.373143
24589.073480
24453.548133
24318.792555
24184.802224
24051.572647
23919.099358
23787.377916
23656.403912
23526.172959
23396.680699
23267.922799
23139.894956
23012.592888
22886.012342
22760.149091
22634.998933
22510.557691
22386.821215
22263.785377
22141.446078
22019.799242
21898.840816
21778.566775
21658.973116
21540.055861
21421.811055
21304.234770
21187.323098
21071.072158
20955.478089
20840.537057
20726.245249
20612.598875
20499.594168
20387.227387
20275.494808
20164.392733
20053.917486
19944.065414
19834.832883
19726.216284
19618.212029
19510.816550
19404.026304
19297.837765
19192.247432
19087.251824
18982.847479
18879.030959
18775.798844
18673.147736
18571.074258
18469.575053
18368.646782
18268.286130
18168.489798
18069.254510
17970.577008
17872.454054
17774.882429
17677.858934
17581.380390
17485.443635
17390.045528
17295.182946
17200.852784
17107.051956
17013.777396
16921.026056
16828.794903
16737.080927
16645.881133
16555.192545
16465.012205
16375.337171
16286.164522
16197.491350
16109.314769
16021.631907
15934.439910
15847.735943
15761.517185
15675.780834
15590.524103
15505.744224
15421.438443
15337.604025
15254.238248
15171.338410
15088.901823
15006.925816
14925.407732
14844.344932
14763.734792
14683.574703
14603.862073
14524.594325
14445.768897
14367.383241
14289.434826
14211.921136
14134.839670
14058.187940
13981.963476
13906.163819
13830.786528
13755.829175
13681.289346
13607.164642
13533.452678
13460.151084
13387.257503
13314.769592
13242.685023
13171.001481
13099.716665
13028.828288
12958.334075
12888.231767
12818.519115
12749.193888
12680.253864
12611.696836
12543.520610
12475.723005
12408.301852
12341.254997
12274.580297
12208.275622
12142.338854
12076.767888
12011.560634
11946.715010
11882.228948
11818.100395
11754.327305
11690.907649
11627.839406
11565.120570
11502.749145
11440.723148
11379.040607
11317.699561
11256.698061
11196.034172
11135.705966
11075.711530
11016.048960
10956.716364
10897.711862
10839.033585
10780.679672
10722.648277
10664.937563
10607.545704
10550.470885
10493.711300
10437.265157
10381.130671
10325.306070
10269.789591
10214.579483
10159.674003
10105.071419
10050.770011
9996.768067
9943.063886
9889.655776
9836.542056
9783.721055
9731.191111
9678.950572
9626.997796
9575.331150
9523.949012
9472.849767
9422.031812
9371.493552
9321.233402
9271.249785
9221.541136
9172.105895
9122.942516
9074.049457
9025.425190
8977.068192
8928.976950
8881.149962
8833.585731
8786.282773
8739.239608
8692.454769
8645.926795
8599.654235
8553.635644
8507.869588
8462.354640
8417.089383
8372.072406
8327.302308
8282.777695
8238.497181
8194.459390
8150.662951
8107.106505
8063.788696
8020.708180
7977.863620
7935.253684
7892.877052
7850.732407
7808.818445
7767.133865
7725.677376
7684.447693
7643.443540
7602.663648
7562.106755
7521.771606
7481.656953
7441.761558
7402.084187
7362.623614
7323.378620
7284.347995
7245.530534
7206.925039
7168.530320
7130.345193
7092.368481
7054.599015
7017.035631
6979.677172
6942.522490
6905.570441
6868.819887
6832.269701
6795.918758
6759.765941
6723.810139
6688.050250
6652.485175
6617.113824
6581.935110
6546.947956
6512.151289
6477.544043
6443.125157
6408.893579
6374.848259
6340.988156
6307.312234
6273.819464
6240.508821
6207.379288
6174.429852
6141.659507
6109.067253
6076.652094
6044.413042
6012.349114
5980.459331
5948.742722
5917.198321
5885.825166
5854.622303
5823.588781
5792.723656
5762.025989
5731.494846
5701.129300
5670.928428
5640.891311
5611.017038
5581.304702
5551.753401
5522.362238
5493.130322
5464.056767
5435.140690
5406.381217
5377.777475
5349.328599
5321.033726
5292.892002
5264.902575
5237.064597
5209.377228
5181.839630
5154.450972
5127.210426
5100.117170
5073.170385
5046.369259
5019.712983
4993.200754
4966.831771
4940.605241
4914.520372
4888.576381
4862.772484
4837.107906
4811.581874
4786.193620
4760.942382
4735.827399
4710.847917
4686.003186
4661.292460
4636.714996
4612.270056
4587.956908
4563.774822
4539.723072
4515.800939
4492.007704
4468.342655
4444.805084
4421.394285
4398.109558
4374.950206
4351.915537
4329.004861
4306.217493
4283.552753
4261.009964
4238.588452
4216.287548
4194.106586
4172.044904
4150.101844
4128.276752
4106.568977
4084.977873
4063.502795
4042.143105
4020.898165
3999.767345
3978.750015
3957.845550
3937.053328
3916.372731
3895.803144
3875.343957
3854.994561
3834.754352
3814.622729
3794.599096
3774.682858
3754.873423
3735.170206
3715.572621
3696.080089
3676.692031
3657.407873
3638.227046
3619.148980
3600.173111
3581.298879
3562.525725
3543.853094
3525.280434
3506.807196
3488.432836
3470.156810
3451.978578
3433.897606
3415.913358
3398.025305
3380.232919
3362.535676
3344.933055
3327.424536
3310.009605
3292.687748
3275.458457
3258.321223
3241.275542
3224.320915
3207.456841
3190.682826
3173.998377
3157.403003
3140.896218
3124.477536
3108.146477
3091.902560
3075.745310
3059.674252
3043.688917
3027.788834
3011.973539
2996.242568
2980.595461
2965.031759
2949.551008
2934.152754
2918.836547
2903.601939
2888.448485
2873.375743
2858.383271
2843.470633
2828.637392
2813.883115
2799.207374
2784.609738
2770.089782
2755.647084
2741.281222
2726.991778
2712.778335
2698.640479
2684.577799
2670.589886
2656.676332
2642.836733
2629.070687
2615.377792
2601.757652
2588.209870
2574.734053
2561.329810
2547.996751
2534.734489
2521.542640
2508.420821
2495.368652
2482.385753
2469.471749
2456.626265
2443.848930
2431.139374
2418.497227
2405.922126
2393.413704
2380.971602
2368.595458
2356.284916
2344.039619
2331.859213
2319.743347
2307.691670
2295.703835
2283.779496
2271.918308
2260.119930
2248.384021
2236.710242
2225.098257
2213.547732
2202.058334
2190.629731
2179.261595
2167.953598
2156.705416
2145.516724
2134.387200
2123.316525
2112.304379
2101.350448
2090.454416
2079.615969
2068.834797
2058.110590
2047.443041
2036.831842
2026.276691
2015.777283
2005.333319
1994.944498
1984.610523
1974.331098
1964.105928
1953.934721
1943.817185
1933.753031
1923.741970
1913.783718
1903.877988
1894.024497
1884.222964
1874.473110
1864.774654
1855.127320
1845.530834
1835.984920
1826.489306
1817.043722
1807.647898
1798.301566
1789.004460
1779.756314
1770.556866
1761.405852
1752.303013
1743.248090
1734.240823
1725.280958
1716.368240
1707.502414
1698.683228
1689.910433
1681.183778
1672.503016
1663.867899
1655.278184
1646.733625
1638.233981
1629.779010
1621.368472
1613.002128
1604.679742
1596.401078
1588.165900
1579.973976
1571.825074
1563.718962
1555.655411
1547.634192
1539.655080
1531.717848
1523.822271
1515.968127
1508.155192
1500.383247
1492.652072
1484.961448
1477.311159
1469.700987
1462.130719
1454.600140
1447.109038
1439.657202
1432.244421
1424.870487
1417.535192
1410.238329
1402.979692
1395.759077
1388.576281
1381.431101
1374.323336
1367.252787
1360.219253
1353.222539
1346.262445
1339.338778
1332.451342
1325.599944
1318.784392
1312.004493
1305.260058
1298.550897
1291.876823
1285.237646
1278.633182
1272.063246
1265.527652
1259.026218
1252.558761
1246.125101
1239.725057
1233.358450
1227.025101
1220.724834
1214.457471
1208.222838
1202.020760
1195.851064
1189.713577
1183.608128
1177.534546
1171.492661
1165.482305
1159.503309
1153.555507
1147.638733
1141.752822
1135.897608
1130.072930
1124.278625
1118.514530
1112.780486
1107.076332
1101.401910
1095.757062
1090.141630
1084.555458
1078.998390
1073.470273
1067.970951
1062.500272
1057.058084
1051.644236
1046.258577
1040.900957
1035.571228
1030.269242
1024.994850
1019.747907
1014.528268
1009.335786
1004.170319
999.031723
993.919855
988.834573
983.775737
978.743207
973.736842
968.756505
963.802057
958.873361
953.970281
949.092681
944.240426
939.413381
934.611413
929.834390
925.082180
920.354650
915.651670
910.973111
906.318843
901.688737
897.082667
892.500503
887.942121
883.407394
878.896198
874.408407
869.943898
865.502548
861.084235
856.688836
852.316232
847.966300
843.638922
839.333978
835.051350
830.790920
826.552570
822.336185
818.141648
813.968843
809.817657
805.687975
801.579683
797.492669
793.426820
789.382025
785.358172
781.355152
777.372854
773.411169
769.469989
765.549205
761.648710
757.768396
753.908158
750.067890
746.247486
742.446843
738.665855
734.904419
731.162432
727.439793
723.736398
720.052147
716.386939
712.740674
709.113252
705.504574
701.914540
698.343054
694.790018
691.255334
687.738907
684.240639
680.760436
677.298202
673.853844
670.427266
667.018377
663.627082
660.253289
656.896907
653.557844
650.236009
646.931311
643.643661
640.372969
637.119145
633.882103
630.661752
627.458006
624.270777
621.099980
617.945527
614.807333
611.685313
608.579381
605.489454
602.415448
599.357278
596.314863
593.288119
590.276964
587.281317
584.301096
581.336220
578.386610
575.452185
572.532865
569.628572
566.739227
563.864751
561.005066
558.160096
555.329764
552.513991
549.712703
546.925824
544.153278
541.394990
538.650886
535.920891
533.204932
530.502935
527.814827
525.140536
522.479989
519.833114
517.199841
514.580098
511.973814
509.380919
506.801343
504.235016
501.681869
499.141834
496.614842
494.100824
491.599714
489.111443
486.635945
484.173153
481.723001
479.285422
476.860351
474.447723
472.047473
469.659536
467.283849
464.920347
462.568966
460.229644
457.902317
455.586924
453.283401
450.991688
448.711722
446.443442
444.186787
441.941698
439.708113
437.485972
435.275217
433.075787
430.887624
428.710669
426.544864
424.390150
422.246471
420.113768
417.991984
415.881063
413.780948
411.691583
409.612912
407.544880
405.487430
403.440508
401.404059
399.378029
397.362364
395.357010
393.361912
391.377018
389.402276
387.437631
385.483031
383.538426
381.603761
379.678987
377.764051
375.858902
373.963490
372.077763
370.201673
368.335168
366.478199
364.630717
362.792672
360.964015
359.144698
357.334671
355.533888
353.742300
351.959858
350.186517
348.422228
346.666945
344.920621
343.183210
341.454664
339.734940
338.023990
336.321769
334.628232
332.943334
331.267031
329.599277
327.940029
326.289242
324.646872
323.012877
321.387212
319.769835
318.160702
316.559772
314.967001
313.382347
311.805768
310.237223
308.676669
307.124067
305.579374
304.042549
302.513552
300.992343
299.478880
297.973125
296.475037
294.984576
293.501704
292.026380
290.558567
289.098224
287.645314
286.199799
284.761639
283.330797
281.907235
280.490916
279.081802
277.679855
276.285040
274.897319
273.516655
272.143013
270.776355
269.416646
268.063850
266.717931
265.378854
264.046583
262.721084
261.402321
260.090260
258.784866
257.486105
256.193942
254.908344
253.629277
252.356707
251.090600
249.830923
248.577644
247.330729
246.090145
244.855860
243.627841
242.406056
241.190474
239.981061
238.777786
237.580618
236.389525
235.204476
234.025440
232.852386
231.685283
230.524100
229.368807
228.219373
227.075770
225.937965
224.805931
223.679636
222.559052
221.444149
220.334898
219.231270
218.133236
217.040767
215.953834
214.872410
213.796465
212.725972
211.660903
210.601230
209.546924
208.497959
207.454307
206.415941
205.382833
204.354957
203.332286
202.314793
201.302451
200.295234
199.293116
198.296070
197.304071
196.317092
195.335109
194.358094
193.386023
192.418870
191.456611
190.499219
189.546671
188.598940
187.656004
186.717836
185.784412
184.855709
183.931701
183.012366
182.097678
181.187615
180.282152
179.381265
178.484933
177.593130
176.705834
175.823021
174.944670
174.070757
173.201258
172.336153
171.475417
170.619029
169.766967
168.919208
168.075731
167.236512
166.401532
165.570767
164.744197
163.921799
163.103554
162.289438
161.479432
160.673514
159.871663
159.073858
158.280079
157.490306
156.704517
155.922692
155.144812
154.370855
153.600803
152.834634
152.072329
151.313869
150.559233
149.808402
149.061357
148.318079
147.578547
146.842744
146.110649
145.382245
144.657511
143.936430
143.218983
142.505151
141.794916
141.088259
140.385162
139.685607
138.989576
138.297051
137.608014
136.922448
136.240334
135.561654
134.886392
134.214531
133.546051
132.880937
132.219172
131.560737
130.905617
130.253794
129.605251
128.959973
128.317941
127.679140
127.043553
126.411163
125.781955
125.155913
124.533019
123.913259
123.296615
122.683073
122.072617
121.465230
120.860897
120.259602
119.661331
119.066067
118.473796
117.884502
117.298170
116.714785
116.134332
115.556796
114.982161
114.410415
113.841541
113.275525
112.712353
112.152010
111.594481
111.039753
110.487811
109.938641
109.392229
108.848561
108.307623
107.769400
107.233881
106.701049
106.170893
105.643397
105.118550
104.596336
104.076744
103.559759
103.045369
102.533560
102.024318
101.517632
101.013488
100.511873
100.012774
99.516179
99.022075
98.530448
98.041288
97.554580
97.070313
96.588474
96.109051
95.632032
95.157405
94.685156
94.215275
93.747749
93.282567
92.819715
92.359184
91.900960
91.445033
90.991389
90.540019
90.090910
89.644052
89.199431
88.757038
88.316861
87.878888
87.443109
87.009512
86.578086
86.148821
85.721705
85.296728
84.873878
84.453145
84.034519
83.617987
83.203541
82.791169
82.380861
81.972606
81.566394
81.162214
80.760057
80.359912
79.961770
79.565618
79.171449
78.779251
78.389015
78.000731
77.614388
77.229978
76.847490
76.466914
76.088242
75.711463
75.336567
74.963546
74.592389
74.223088
73.855632
73.490014
73.126222
72.764248
72.404084
72.045719
71.689145
71.334352
70.981332
70.630075
70.280573
69.932818
69.586799
69.242508
68.899937
68.559077
68.219919
67.882454
67.546675
67.212572
66.880137
66.549362
66.220238
65.892758
65.566911
65.242692
64.920090
64.599099
64.279709
63.961913
63.645703
63.331071
63.018009
62.706508
62.396562
62.088162
61.781300
61.475969
61.172160
60.869867
60.569082
60.269796
59.972003
59.675695
59.380865
59.087504
58.795606
58.505163
58.216168
57.928614
57.642493
57.357798
57.074522
56.792657
56.512198
56.233136
55.955464
55.679176
55.404265
55.130723
54.858544
54.587721
54.318247
54.050115
53.783318
53.517851
53.253705
52.990875
52.729354
52.469135
52.210212
51.952578
51.696226
51.441151
51.187345
50.934803
50.683518
50.433484
50.184694
49.937143
49.690823
49.445729
49.201855
48.959194
48.717740
48.477488
48.238431
48.000563
47.763879
47.528372
47.294036
47.060866
46.828855
46.597999
46.368290
46.139723
45.912294
45.685994
45.460821
45.236766
45.013826
44.791993
44.571264
44.351631
44.133091
43.915636
43.699262
43.483963
43.269735
43.056571
42.844466
42.633415
42.423412
42.214453
42.006532
41.799644
41.593783
41.388945
41.185124
40.982316
40.780515
40.579716
40.379914
40.181104
39.983282
39.786442
39.590579
39.395688
39.201765
39.008804
38.816802
38.625752
38.435651
38.246493
38.058274
37.870989
37.684633
37.499202
37.314691
37.131096
36.948411
36.766633
36.585757
36.405778
36.226692
36.048494
35.871179
35.694745
35.519185
35.344496
35.170673
34.997712
34.825609
34.654359
34.483959
34.314403
34.145687
33.977808
33.810761
33.644542
33.479147
33.314572
33.150813
32.987865
32.825724
32.664387
32.503850
32.344107
32.185157
32.026994
31.869614
31.713014
31.557190
31.402138
31.247854
31.094333
30.941574
30.789571
30.638320
30.487819
30.338063
30.189048
30.040771
29.893229
29.746416
29.600331
29.454969
29.310326
29.166400
29.023185
28.880680
28.738880
28.597782
28.457382
28.317676
28.178662
28.040336
27.902695
27.765734
27.629451
27.493842
27.358904
27.224634
27.091027
26.958082
26.825794
26.694161
26.563178
26.432843
26.303153
26.174104
26.045693
25.917917
25.790773
25.664257
25.538367
25.413099
25.288451
25.164418
25.040999
24.918190
24.795987
24.674389
24.553392
24.432992
24.313188
24.193975
24.075352
23.957314
23.839860
23.722986
23.606690
23.490968
23.375817
23.261236
23.147220
23.033768
22.920875
22.808541
22.696761
22.585533
22.474854
22.364722
22.255134
22.146087
22.037578
21.929605
21.822165
21.715255
21.608873
21.503016
21.397681
21.292867
21.188570
21.084787
20.981517
20.878756
20.776502
20.674753
20.573506
20.472759
20.372508
20.272752
20.173488
20.074714
19.976427
19.878625
19.781306
19.684466
19.588104
19.492217
19.396803
19.301860
19.207385
19.113375
19.019829
18.926745
18.834119
18.741950
18.650235
18.558972
18.468160
18.377795
18.287875
18.198398
18.109363
18.020766
17.932606
17.844881
17.757587
17.670724
17.584289
17.498279
17.412694
17.327530
17.242786
17.158459
17.074547
16.991049
16.907962
16.825285
16.743014
16.661149
16.579687
16.498626
16.417964
16.337700
16.257830
16.178354
16.099270
16.020574
15.942266
15.864344
15.786805
15.709648
15.632871
15.556471
15.480448
15.404798
15.329522
15.254615
15.180077
15.105906
15.032100
14.958657
14.885576
14.812854
14.740490
14.668481
14.596828
14.525526
14.454575
14.383974
14.313719
14.243810
14.174245
14.105022
14.036140
13.967596
13.899390
13.831518
13.763981
13.696775
13.629900
13.563354
13.497135
13.431242
13.365672
13.300425
13.235498
13.170891
13.106601
13.042627
12.978968
12.915621
12.852586
12.789860
12.727443
12.665332
12.603527
12.542025
12.480826
12.419927
12.359327
12.299025
12.239019
12.179308
12.119891
12.060765
12.001929
11.943383
11.885124
11.827151
11.769463
11.712058
11.654935
11.598093
11.541530
11.485244
11.429235
11.373500
11.318040
11.262851
11.207934
11.153286
11.098906
11.044793
10.990946
10.937363
10.884044
10.830985
10.778187
10.725649
10.673368
10.621343
10.569574
10.518059
10.466797
10.415786
10.365025
10.314514
10.264250
10.214233
10.164461
10.114933
10.065648
10.016605
9.967802
9.919239
9.870914
9.822826
9.774974
9.727356
9.679972
9.632820
9.585899
9.539209
9.492747
9.446513
9.400506
9.354724
9.309167
9.263833
9.218721
9.173830
9.129160
9.084708
9.040474
8.996457
8.952655
8.909068
8.865695
8.822534
8.779585
8.736846
8.694317
8.651996
8.609882
8.567975
8.526273
8.484775
8.443480
8.402388
8.361497
8.320806
8.280315
8.240021
8.199925
8.160026
8.120322
8.080812
8.041496
8.002372
7.963440
7.924698
7.886146
7.847783
7.809608
7.771619
7.733816
7.696199
7.658766
7.621515
7.584447
7.547561
7.510855
7.474329
7.437981
7.401811
7.365819
7.330002
7.294361
7.258894
7.223600
7.188480
7.153531
7.118753
7.084145
7.049706
7.015436
6.981334
6.947398
6.913628
6.880024
6.846583
6.813307
6.780193
6.747241
6.714450
6.681820
6.649349
6.617036
6.584882
6.552885
6.521045
6.489360
6.457830
6.426454
6.395231
6.364161
6.333243
6.302476
6.271860
6.241393
6.211075
6.180905
6.150883
6.121007
6.091277
6.061693
6.032253
6.002957
5.973804
5.944794
5.915925
5.887197
5.858610
5.830162
5.801854
5.773683
5.745650
5.717754
5.689995
5.662371
5.634881
5.607526
5.580305
5.553217
5.526260
5.499436
5.472742
5.446179
5.419746
5.393441
5.367265
5.341217
5.315296
5.289501
5.263833
5.238290
5.212871
5.187576
5.162405
5.137357
5.112431
5.087627
5.062943
5.038381
5.013938
4.989614
4.965409
4.941322
4.917353
4.893500
4.869764
4.846144
4.822639
4.799249
4.775972
4.752810
4.729760
4.706823
4.683997
4.661283
4.638680
4.616187
4.593804
4.571530
4.549364
4.527307
4.505357
4.483514
4.461777
4.440147
4.418622
4.397202
4.375887
4.354675
4.333567
4.312562
4.291659
4.270858
4.250158
4.229559
4.209061
4.188663
4.168364
4.148164
4.128062
4.108058
4.088152
4.068343
4.048630
4.029014
4.009493
3.990067
3.970736
3.951499
3.932355
3.913305
3.894348
3.875483
3.856710
3.838029
3.819438
3.800938
3.782528
3.764208
3.745977
3.727835
3.709781
3.691815
3.673936
3.656145
3.638440
3.620822
3.603289
3.585842
3.568479
3.551201
3.534007
3.516897
3.499871
3.482927
3.466065
3.449286
3.432588
3.415972
3.399436
3.382981
3.366606
3.350311
3.334095
3.317958
3.301900
3.285919
3.270017
3.254192
3.238443
3.222772
3.207177
3.191657
3.176213
3.160844
3.145550
3.130331
3.115185
3.100113
3.085115
3.070189
3.055336
3.040555
3.025846
3.011209
2.996643
2.982147
2.967723
2.953368
2.939083
2.924868
2.910721
2.896644
2.882635
2.868694
2.854821
2.841015
2.827276
2.813605
2.799999
2.786460
2.772987
2.759579
2.746236
2.732958
2.719745
2.706596
2.693511
2.680489
2.667531
2.654635
2.641803
2.629032
2.616324
2.603677
2.591092
2.578569
2.566105
2.553703
2.541361
2.529078
2.516856
2.504693
2.492589
2.480543
2.468556
2.456628
2.444757
2.432944
2.421188
2.409490
2.397848
2.386263
2.374734
2.363261
2.351844
2.340482
2.329176
2.317924
2.306727
2.295584
2.284496
2.273461
2.262480
2.251552
2.240677
2.229855
2.219086
2.208368
2.197703
2.187090
2.176528
2.166017
2.155558
2.145149
2.134791
2.124483
2.114225
2.104016
2.093858
2.083748
2.073688
2.063676
2.053714
2.043799
2.033932
2.024114
2.014343
2.004619
1.994943
1.985313
1.975731
1.966194
1.956704
1.947260
1.937862
1.928510
1.919203
1.909941
1.900723
1.891551
1.882423
1.873339
1.864300
1.855304
1.846352
1.837443
1.828577
1.819755
1.810975
1.802238
1.793543
1.784890
1.776280
1.767711
1.759183
1.750697
1.742252
1.733848
1.725485
1.717162
1.708879
1.700637
1.692435
1.684272
1.676149
1.668066
1.660021
1.652016
1.644049
1.636121
1.628231
1.620380
1.612566
1.604791
1.597053
1.589353
1.581690
1.574064
1.566475
1.558922
1.551407
1.543928
1.536485
1.529078
1.521707
1.514371
1.507071
1.499807
1.492578
1.485383
1.478224
1.471099
1.464009
1.456953
1.449931
1.442944
1.435990
1.429069
1.422183
1.415329
1.408509
1.401722
1.394968
1.388246
1.381557
1.374900
1.368276
1.361684
1.355123
1.348594
1.342097
1.335632
1.329197
1.322794
1.316422
1.310080
1.303770
1.297490
1.291240
1.285020
1.278831
1.272671
1.266542
1.260442
1.254371
1.248330
1.242318
1.236336
1.230382
1.224457
1.218560
1.212693
1.206853
1.201042
1.195259
1.189504
1.183776
1.178077
1.172405
1.166760
1.161143
1.155553
1.149990
1.144454
1.138944
1.133462
1.128005
1.122575
1.117172
1.111794
1.106443
1.101117
1.095818
1.090543
1.085295
1.080071
1.074873
1.069700
1.064553
1.059430
1.054331
1.049258
1.044209
1.039184
1.034183
1.029207
1.024255
1.019327
1.014422
1.009542
1.004685
0.999851
0.995041
0.990254
0.985490
0.980749
0.976031
0.971336
0.966663
0.962013
0.957386
0.952781
0.948198
0.943637
0.939099
0.934582
0.930087
0.925614
0.921162
0.916732
0.912323
0.907936
0.903570
0.899225
0.894901
0.890597
0.886315
0.882053
0.877812
0.873591
0.869391
0.865211
0.861051
0.856912
0.852792
0.848692
0.844612
0.840551
0.836511
0.832489
0.828488
0.824505
0.820542
0.816598
0.812673
0.808766
0.804879
0.801011
0.797161
0.793330
0.789517
0.785722
0.781946
0.778188
0.774449
0.770727
0.767023
0.763338
0.759670
0.756019
0.752387
0.748771
0.745174
0.741593
0.738030
0.734484
0.730956
0.727444
0.723949
0.720471
0.717010
0.713565
0.710138
0.706726
0.703331
0.699953
0.696591
0.693245
0.689915
0.686601
0.683304
0.680022
0.676756
0.673505
0.670271
0.667052
0.663848
0.660660
0.657488
0.654330
0.651188
0.648061
0.644949
0.641852
0.638770
0.635703
0.632651
0.629613
0.626590
0.623582
0.620588
0.617609
0.614644
0.611693
0.608756
0.605834
0.602926
0.600031
0.597151
0.594285
0.591432
0.588593
0.585768
0.582956
0.580158
0.577374
0.574603
0.571845
0.569101
0.566369
0.563651
0.560946
0.558254
0.555575
0.552909
0.550256
0.547616
0.544988
0.542373
0.539770
0.537180
0.534603
0.532038
0.529485
0.526945
0.524417
0.521901
0.519397
0.516905
0.514426
0.511958
0.509502
0.507058
0.504625
0.502205
0.499796
0.497399
0.495013
0.492638
0.490276
0.487924
0.485584
0.483255
0.480937
0.478631
0.476335
0.474051
0.471778
0.469515
0.467264
0.465023
0.462793
0.460574
0.458365
0.456168
0.453980
0.451804
0.449637
0.447481
0.445336
0.443201
0.441076
0.438961
0.436857
0.434763
0.432678
0.430604
0.428540
0.426486
0.424441
0.422407
0.420382
0.418367
0.416362
0.414366
0.412380
0.410403
0.408436
0.406479
0.404531
0.402592
0.400663
0.398742
0.396832
0.394930
0.393037
0.391154
0.389279
0.387414
0.385558
0.383710
0.381872
0.380042
0.378221
0.376409
0.374605
0.372811
0.371024
0.369247
0.367478
0.365717
0.363965
0.362222
0.360487
0.358760
0.357041
0.355331
0.353629
0.351935
0.350249
0.348571
0.346902
0.345240
0.343587
0.341941
0.340303
0.338674
0.337052
0.335437
0.333831
0.332232
0.330641
0.329058
0.327482
0.325914
0.324353
0.322800
0.321254
0.319716
0.318185
0.316662
0.315146
0.313637
0.312135
0.310641
0.309153
0.307673
0.306200
0.304735
0.303276
0.301824
0.300379
0.298941
0.297510
0.296086
0.294669
0.293258
0.291854
0.290457
0.289067
0.287684
0.286307
0.284936
0.283573
0.282215
0.280865
0.279521
0.278183
0.276852
0.275527
0.274208
0.272896
0.271590
0.270290
0.268997
0.267710
0.266429
0.265154
0.263885
0.262623
0.261366
0.260116
0.258871
0.257633
0.256400
0.255173
0.253953
0.252738
0.251529
0.250325
0.249128
0.247936
0.246750
0.245570
0.244395
0.243226
0.242063
0.240905
0.239753
0.238606
0.237465
0.236329
0.235199
0.234074
0.232954
0.231840
0.230731
0.229628
0.228530
0.227437
0.226349
0.225267
0.224190
0.223118
0.222051
0.220989
0.219932
0.218881
0.217834
0.216793
0.215756
0.214725
0.213698
0.212676
0.211659
0.210648
0.209640
0.208638
0.207641
0.206648
0.205660
0.204677
0.203699
0.202725
0.201756
0.200792
0.199832
0.198877
0.197926
0.196980
0.196039
0.195102
0.194169
0.193241
0.192318
0.191399
0.190484
0.189573
0.188668
0.187766
0.186869
0.185976
0.185087
0.184202
0.183322
0.182446
0.181574
0.180707
0.179843
0.178984
0.178129
0.177278
0.176431
0.175588
0.174749
0.173914
0.173083
0.172256
0.171434
0.170615
0.169799
0.168988
0.168181
0.167378
0.166578
0.165782
0.164991
0.164202
0.163418
0.162638
0.161861
0.161088
0.160318
0.159553
0.158791
0.158032
0.157277
0.156526
0.155779
0.155035
0.154294
0.153558
0.152824
0.152095
0.151368
0.150645
0.149926
0.149210
0.148498
0.147789
0.147083
0.146381
0.145682
0.144986
0.144294
0.143605
0.142920
0.142237
0.141558
0.140882
0.140210
0.139540
0.138874
0.138211
0.137552
0.136895
0.136241
0.135591
0.134944
0.134300
0.133659
0.133021
0.132386
0.131754
0.131125
0.130499
0.129876
0.129257
0.128640
0.128026
0.127415
0.126807
0.126201
0.125599
0.125000
0.124403
0.123810
0.123219
0.122631
0.122046
0.121463
0.120884
0.120307
0.119733
0.119162
0.118593
0.118027
0.117464
0.116904
0.116346
0.115791
0.115239
0.114689
0.114142
0.113597
0.113055
0.112516
0.111979
0.111445
0.110913
0.110384
0.109858
0.109334
0.108812
0.108293
0.107777
0.107263
0.106751
0.106242
0.105735
0.105231
0.104729
0.104229
0.103732
0.103238
0.102745
0.102255
0.101768
0.101282
0.100799
0.100319
0.099840
0.099364
0.098890
0.098419
0.097950
0.097482
0.097018
0.096555
0.096095
0.095637
0.095181
0.094727
0.094275
0.093826
0.093378
0.092933
0.092490
0.092049
0.091610
0.091174
0.090739
0.090306
0.089876
0.089448
0.089021
0.088597
0.088175
0.087754
0.087336
0.086920
0.086505
0.086093
0.085683
0.085274
0.084868
0.084463
0.084061
0.083660
0.083262
0.082865
0.082470
0.082077
0.081686
0.081296
0.080909
0.080523
0.080140
0.079758
0.079378
0.079000
0.078623
0.078249
0.077876
0.077505
0.077135
0.076768
0.076402
0.076038
0.075676
0.075315
0.074956
0.074599
0.074244
0.073890
0.073538
0.073188
0.072839
0.072492
0.072147
0.071803
0.071461
0.071121
0.070782
0.070445
0.070109
0.069775
0.069443
0.069112
0.068783
0.068456
0.068130
0.067805
0.067482
0.067161
0.066841
0.066523
0.066206
0.065890
0.065577
0.065264
0.064954
0.064644
0.064336
0.064030
0.063725
0.063422
0.063120
0.062819
0.062520
0.062222
0.061926
0.061631
0.061338
0.061046
0.060755
0.060466
0.060178
0.059892
0.059606
0.059323
0.059040
0.058759
0.058479
0.058201
0.057924
0.057648
0.057374
0.057101
0.056829
0.056558
0.056289
0.056021
0.055755
0.055489
0.055225
0.054962
0.054701
0.054440
0.054181
0.053923
0.053667
0.053411
0.053157
0.052904
0.052652
0.052402
0.052152
0.051904
0.051657
0.051411
0.051167
0.050923
0.050681
0.050440
0.050200
0.049961
0.049723
0.049487
0.049251
0.049017
0.048784
0.048551
0.048320
0.048091
0.047862
0.047634
0.047407
0.047182
0.046957
0.046734
0.046512
0.046290
0.046070
0.045851
0.045633
0.045416
0.045200
0.044985
0.044771
0.044558
0.044346
0.044135
0.043925
0.043716
0.043508
0.043301
0.043095
0.042890
0.042686
0.042483
0.042281
0.042080
0.041880
0.041681
0.041483
0.041285
0.041089
0.040894
0.040699
0.040506
0.040313
0.040121
0.039931
0.039741
0.039552
0.039364
0.039176
0.038990
0.038805
0.038620
0.038437
0.038254
0.038072
0.037891
0.037711
0.037532
0.037353
0.037176
0.036999
0.036823
0.036648
0.036474
0.036300
0.036128
0.035956
0.035785
0.035615
0.035446
0.035277
0.035109
0.034943
0.034776
0.034611
0.034447
0.034283
0.034120
0.033958
0.033796
0.033636
0.033476
0.033317
0.033158
0.033001
0.032844
0.032688
0.032533
0.032378
0.032224
0.032071
0.031919
0.031767
0.031616
0.031466
0.031316
0.031167
0.031019
0.030872
0.030725
0.030579
0.030434
0.030289
0.030145
0.030002
0.029860
0.029718
0.029577
0.029436
0.029296
0.029157
0.029019
0.028881
0.028743
0.028607
0.028471
0.028336
0.028201
0.028067
0.027934
0.027801
0.027669
0.027538
0.027407
0.027277
0.027147
0.027018
0.026890
0.026762
0.026635
0.026508
0.026383
0.026257
0.026133
0.026008
0.025885
0.025762
0.025640
0.025518
0.025397
0.025276
0.025156
0.025037
0.024918
0.024799
0.024682
0.024564
0.024448
0.024332
0.024216
0.024101
0.023987
0.023873
0.023759
0.023647
0.023534
0.023423
0.023311
0.023201
0.023091
0.022981
0.022872
0.022763
0.022655
0.022548
0.022441
0.022334
0.022228
0.022122
0.022017
0.021913
0.021809
0.021705
0.021602
0.021500
0.021398
0.021296
0.021195
0.021094
0.020994
0.020895
0.020795
0.020697
0.020599
0.020501
0.020403
0.020307
0.020210
0.020114
0.020019
0.019924
0.019829
0.019735
0.019642
0.019548
0.019456
0.019363
0.019271
0.019180
0.019089
0.018998
0.018908
0.018818
0.018729
0.018640
0.018552
0.018464
0.018376
0.018289
0.018202
0.018116
0.018030
0.017944
0.017859
0.017774
0.017690
0.017606
0.017523
0.017439
0.017357
0.017274
0.017192
0.017111
0.017030
0.016949
0.016869
0.016788
0.016709
0.016630
0.016551
0.016472
0.016394
0.016316
0.016239
0.016162
0.016085
0.016009
0.015933
0.015857
0.015782
0.015707
0.015633
0.015559
0.015485
0.015411
0.015338
0.015266
0.015193
0.015121
0.015049
0.014978
0.014907
0.014836
0.014766
0.014696
0.014626
0.014557
0.014488
0.014419
0.014351
0.014283
0.014215
0.014148
0.014081
0.014014
0.013947
0.013881
0.013815
0.013750
0.013685
0.013620
0.013555
0.013491
0.013427
0.013363
0.013300
0.013237
0.013174
0.013112
0.013050
0.012988
0.012926
0.012865
0.012804
0.012743
0.012683
0.012623
0.012563
0.012503
0.012444
0.012385
0.012326
0.012268
0.012210
0.012152
0.012094
0.012037
0.011980
0.011923
0.011867
0.011810
0.011754
0.011699
0.011643
0.011588
0.011533
0.011478
0.011424
0.011370
0.011316
0.011262
0.011209
0.011156
0.011103
0.011050
0.010998
0.010946
0.010894
0.010842
0.010791
0.010740
0.010689
0.010638
0.010588
0.010538
0.010488
0.010438
0.010389
0.010339
0.010290
0.010242
0.010193
0.010145
0.010097
0.010049
0.010001
0.009954
0.009907
0.009860
0.009813
0.009767
0.009720
0.009674
0.009629
0.009583
0.009538
0.009492
0.009447
0.009403
0.009358
0.009314
0.009270
0.009226
0.009182
0.009139
0.009095
0.009052
0.009009
0.008967
0.008924
0.008882
0.008840
0.008798
0.008756
0.008715
0.008674
0.008632
0.008592
0.008551
0.008510
0.008470
0.008430
0.008390
0.008350
0.008311
0.008271
0.008232
0.008193
0.008154
0.008116
0.008077
0.008039
0.008001
0.007963
0.007926
0.007888
0.007851
0.007813
0.007776
0.007740
0.007703
0.007667
0.007630
0.007594
0.007558
0.007522
0.007487
0.007451
0.007416
0.007381
0.007346
0.007311
0.007277
0.007242
0.007208
0.007174
0.007140
0.007106
0.007072
0.007039
0.007006
0.006972
0.006939
0.006907
0.006874
0.006841
0.006809
0.006777
0.006745
0.006713
0.006681
0.006649
0.006618
0.006587
0.006555
0.006524
0.006493
0.006463
0.006432
0.006402
0.006371
0.006341
0.006311
0.006281
0.006252
0.006222
0.006193
0.006163
0.006134
0.006105
0.006076
0.006047
0.006019
0.005990
0.005962
0.005934
0.005906
0.005878
0.005850
0.005822
0.005795
0.005767
0.005740
0.005713
0.005686
0.005659
0.005632
0.005606
0.005579
0.005553
0.005526
0.005500
0.005474
0.005448
0.005422
0.005397
0.005371
0.005346
0.005321
0.005295
0.005270
0.005245
0.005221
0.005196
0.005171
0.005147
0.005123
0.005098
0.005074
0.005050
0.005026
0.005003
0.004979
0.004955
0.004932
0.004909
0.004885
0.004862
0.004839
0.004816
0.004794
0.004771
0.004748
0.004726
0.004704
0.004681
0.004659
0.004637
0.004615
0.004593
0.004572
0.004550
0.004528
0.004507
0.004486
0.004465
0.004443
0.004422
0.004402
0.004381
0.004360
0.004339
0.004319
0.004298
0.004278
0.004258
0.004238
0.004218
0.004198
0.004178
0.004158
0.004138
0.004119
0.004099
0.004080
0.004061
0.004042
0.004022
0.004003
0.003985
0.003966
0.003947
0.003928
0.003910
0.003891
0.003873
0.003855
0.003836
0.003818
0.003800
0.003782
0.003764
0.003746
0.003729
0.003711
0.003694
0.003676
0.003659
0.003641
0.003624
0.003607
0.003590
0.003573
0.003556
0.003539
0.003523
0.003506
0.003489
0.003473
0.003457
0.003440
0.003424
0.003408
0.003392
0.003376
0.003360
0.003344
0.003328
0.003312
0.003297
0.003281
0.003266
0.003250
0.003235
0.003219
0.003204
0.003189
0.003174
0.003159
0.003144
0.003129
0.003114
0.003100
0.003085
0.003071
0.003056
0.003042
0.003027
0.003013
0.002999
0.002985
0.002970
0.002956
0.002942
0.002929
0.002915
0.002901
0.002887
0.002874
0.002860
0.002846
0.002833
0.002820
0.002806
0.002793
0.002780
0.002767
0.002754
0.002741
0.002728
0.002715
0.002702
0.002689
0.002677
0.002664
0.002651
0.002639
0.002626
0.002614
0.002602
0.002589
0.002577
0.002565
0.002553
0.002541
0.002529
0.002517
0.002505
0.002493
0.002481
0.002470
0.002458
0.002446
0.002435
0.002423
0.002412
0.002400
0.002389
0.002378
0.002367
0.002355
0.002344
0.002333
0.002322
0.002311
0.002300
0.002289
0.002279
0.002268
0.002257
0.002246
0.002236
0.002225
0.002215
0.002204
0.002194
0.002184
0.002173
0.002163
0.002153
0.002143
0.002133
0.002122
0.002112
0.002102
0.002093
0.002083
0.002073
0.002063
0.002053
0.002044
0.002034
0.002024
0.002015
0.002005
0.001996
0.001986
0.001977
0.001968
0.001958
0.001949
0.001940
0.001931
0.001922
0.001913
0.001904
0.001895
0.001886
0.001877
0.001868
0.001859
0.001850
0.001842
0.001833
0.001824
0.001816
0.001807
0.001799
0.001790
0.001782
0.001773
0.001765
0.001756
0.001748
0.001740
0.001732
0.001724
0.001715
0.001707
0.001699
0.001691
0.001683
0.001675
0.001667
0.001660
0.001652
0.001644
0.001636
0.001628
0.001621
0.001613
0.001605
0.001598
0.001590
0.001583
0.001575
0.001568
0.001561
0.001553
0.001546
0.001539
0.001531
0.001524
0.001517
0.001510
0.001503
0.001496
0.001488
0.001481
0.001474
0.001468
0.001461
0.001454
0.001447
0.001440
0.001433
0.001426
0.001420
0.001413
0.001406
0.001400
0.001393
0.001387
0.001380
0.001374
0.001367
0.001361
0.001354
0.001348
0.001341
0.001335
0.001329
0.001323
0.001316
0.001310
0.001304
0.001298
0.001292
0.001286
0.001279
0.001273
0.001267
0.001261
0.001255
0.001250
0.001244
0.001238
0.001232
0.001226
0.001220
0.001215
0.001209
0.001203
0.001198
0.001192
0.001186
0.001181
0.001175
0.001170
0.001164
0.001159
0.001153
0.001148
0.001142
0.001137
0.001131
0.001126
0.001121
0.001116
0.001110
0.001105
0.001100
0.001095
0.001090
0.001084
0.001079
0.001074
0.001069
0.001064
0.001059
0.001054
0.001049
0.001044
0.001039
0.001034
0.001029
0.001025
0.001020
0.001015
0.001010
0.001005
0.001001
0.000996
0.000991
0.000987
0.000982
0.000977
0.000973
0.000968
0.000964
0.000959
0.000954
0.000950
0.000945
0.000941
0.000937
0.000932
0.000928
0.000923
0.000919
0.000915
0.000910
0.000906
0.000902
0.000898
0.000893
0.000889
0.000885
0.000881
0.000877
0.000873
0.000868
0.000864
0.000860
0.000856
0.000852
0.000848
0.000844
0.000840
0.000836
0.000832
0.000828
0.000824
0.000821
0.000817
0.000813
0.000809
0.000805
0.000801
0.000798
0.000794
0.000790
0.000786
0.000783
0.000779
0.000775
0.000772
0.000768
0.000764
0.000761
0.000757
0.000754
0.000750
0.000747
0.000743
0.000740
0.000736
0.000733
0.000729
0.000726
0.000722
0.000719
0.000716
0.000712
0.000709
0.000705
0.000702
0.000699
0.000696
0.000692
0.000689
0.000686
0.000683
0.000679
0.000676
0.000673
0.000670
0.000667
0.000663
0.000660
0.000657
0.000654
0.000651
0.000648
0.000645
0.000642
0.000639
0.000636
0.000633
0.000630
0.000627
0.000624
0.000621
0.000618
0.000615
0.000612
0.000609
0.000607
0.000604
0.000601
0.000598
0.000595
0.000592
0.000590
0.000587
0.000584
0.000581
0.000579
0.000576
0.000573
0.000570
0.000568
0.000565
0.000562
0.000560
0.000557
0.000554
0.000552
0.000549
0.000547
0.000544
0.000542
0.000539
0.000536
0.000534
0.000531
0.000529
0.000526
0.000524
0.000521
0.000519
0.000517
0.000514
0.000512
0.000509
0.000507
0.000505
0.000502
0.000500
0.000497
0.000495
0.000493
0.000490
0.000488
0.000486
0.000484
0.000481
0.000479
0.000477
0.000474
0.000472
0.000470
0.000468
0.000466
0.000463
0.000461
0.000459
0.000457
0.000455
0.000453
0.000450
0.000448
0.000446
0.000444
0.000442
0.000440
0.000438
0.000436
0.000434
0.000432
0.000430
0.000428
0.000426
0.000424
0.000422
0.000420
0.000418
0.000416
0.000414
0.000412
0.000410
0.000408
0.000406
0.000404
0.000402
0.000400
0.000398
0.000397
0.000395
0.000393
0.000391
0.000389
0.000387
0.000386
0.000384
0.000382
0.000380
0.000378
0.000377
0.000375
0.000373
0.000371
0.000370
0.000368
0.000366
0.000364
0.000363
0.000361
0.000359
0.000358
0.000356
0.000354
0.000352
0.000351
0.000349
0.000348
0.000346
0.000344
0.000343
0.000341
0.000339
0.000338
0.000336
0.000335
0.000333
0.000332
0.000330
0.000328
0.000327
0.000325
0.000324
0.000322
0.000321
0.000319
0.000318
0.000316
0.000315
0.000313
0.000312
0.000310
0.000309
0.000307
0.000306
0.000305
0.000303
0.000302
0.000300
0.000299
0.000297
0.000296
0.000295
0.000293
0.000292
0.000291
0.000289
0.000288
0.000286
0.000285
0.000284
0.000282
0.000281
0.000280
0.000278
0.000277
0.000276
0.000275
0.000273
0.000272
0.000271
0.000269
0.000268
0.000267
0.000266
0.000264
0.000263
0.000262
0.000261
0.000259
0.000258
0.000257
0.000256
0.000255
0.000253
0.000252
0.000251
0.000250
0.000249
0.000247
0.000246
0.000245
0.000244
0.000243
0.000242
0.000241
0.000239
0.000238
0.000237
0.000236
0.000235
0.000234
0.000233
0.000232
0.000231
0.000230
0.000228
0.000227
0.000226
0.000225
0.000224
0.000223
0.000222
0.000221
0.000220
0.000219
0.000218
0.000217
0.000216
0.000215
0.000214
0.000213
0.000212
0.000211
0.000210
0.000209
0.000208
0.000207
0.000206
0.000205
0.000204
0.000203
0.000202
0.000201
0.000200
0.000199
0.000198
0.000197
0.000196
0.000196
0.000195
0.000194
0.000193
0.000192
0.000191
0.000190
0.000189
0.000188
0.000187
0.000187
0.000186
0.000185
0.000184
0.000183
0.000182
0.000181
0.000180
0.000180
0.000179
0.000178
0.000177
0.000176
0.000175
0.000175
0.000174
0.000173
0.000172
0.000171
0.000171
0.000170
0.000169
0.000168
0.000167
0.000167
0.000166
0.000165
0.000164
0.000163
0.000163
0.000162
0.000161
0.000160
0.000160
0.000159
0.000158
0.000157
0.000157
0.000156
0.000155
0.000154
0.000154
0.000153
0.000152
0.000152
0.000151
0.000150
0.000149
0.000149
0.000148
0.000147
0.000147
0.000146
0.000145
0.000145
0.000144
0.000143
0.000143
0.000142
0.000141
0.000141
0.000140
0.000139
0.000139
0.000138
0.000137
0.000137
0.000136
0.000135
0.000135
0.000134
0.000133
0.000133
0.000132
0.000132
0.000131
0.000130
0.000130
0.000129
0.000129
0.000128
0.000127
0.000127
0.000126
0.000126
0.000125
0.000124
0.000124
0.000123
0.000123
0.000122
0.000121
0.000121
0.000120
0.000120
0.000119
0.000119
0.000118
0.000118
0.000117
0.000116
0.000116
0.000115
0.000115
0.000114
0.000114
0.000113
0.000113
0.000112
0.000112
0.000111
0.000111
0.000110
0.000110
0.000109
0.000109
0.000108
0.000107
0.000107
0.000106
0.000106
0.000105
0.000105
0.000105
0.000104
0.000104
0.000103
0.000103
0.000102
0.000102
0.000101
0.000101
0.000100
0.000100
0.000099
0.000099
0.000098
0.000098
0.000097
0.000097
0.000096
0.000096
0.000096
0.000095
0.000095
0.000094
0.000094
0.000093
0.000093
0.000092
0.000092
0.000092
0.000091
0.000091
0.000090
0.000090
0.000089
0.000089
0.000089
0.000088
0.000088
0.000087
0.000087
0.000087
0.000086
0.000086
0.000085
0.000085
0.000085
0.000084
0.000084
0.000083
0.000083
0.000083
0.000082
0.000082
0.000081
0.000081
0.000081
0.000080
0.000080
0.000080
0.000079
0.000079
0.000078
0.000078
0.000078
0.000077
0.000077
0.000077
0.000076
0.000076
0.000076
0.000075
0.000075
0.000074
0.000074
0.000074
0.000073
0.000073
0.000073
0.000072
0.000072
0.000072
0.000071
0.000071
0.000071
0.000070
0.000070
0.000070
0.000069
0.000069
0.000069
0.000068
0.000068
0.000068
0.000067
0.000067
0.000067
0.000067
0.000066
0.000066
0.000066
0.000065
0.000065
0.000065
0.000064
0.000064
0.000064
0.000063
0.000063
0.000063
0.000063
0.000062
0.000062
0.000062
0.000061
0.000061
0.000061
0.000061
0.000060
0.000060
0.000060
0.000059
0.000059
0.000059
0.000059
0.000058
0.000058
0.000058
0.000057
0.000057
0.000057
0.000057
0.000056
0.000056
0.000056
0.000056
0.000055
0.000055
0.000055
0.000055
0.000054
0.000054
0.000054
0.000054
0.000053
0.000053
0.000053
0.000053
0.000052
0.000052
0.000052
0.000052
0.000051
0.000051
0.000051
0.000051
0.000050
0.000050
0.000050
0.000050
0.000049
0.000049
0.000049
0.000049
0.000049
0.000048
0.000048
0.000048
0.000048
0.000047
0.000047
0.000047
0.000047
0.000047
0.000046
0.000046
0.000046
0.000046
0.000045
0.000045
0.000045
0.000045
0.000045
0.000044
0.000044
0.000044
0.000044
0.000044
0.000043
0.000043
0.000043
0.000043
0.000043
0.000042
0.000042
0.000042
0.000042
0.000042
0.000041
0.000041
0.000041
0.000041
0.000041
0.000040
0.000040
0.000040
0.000040
0.000040
0.000039
0.000039
0.000039
0.000039
0.000039
0.000039
0.000038
0.000038
0.000038
0.000038
0.000038
0.000037
0.000037
0.000037
0.000037
0.000037
0.000037
0.000036
0.000036
0.000036
0.000036
0.000036
0.000036
0.000035
0.000035
0.000035
0.000035
0.000035
0.000035
0.000034
0.000034
0.000034
0.000034
0.000034
0.000034
0.000033
0.000033
0.000033
0.000033
0.000033
0.000033
0.000033
0.000032
0.000032
0.000032
0.000032
0.000032
0.000032
0.000031
0.000031
0.000031
0.000031
0.000031
0.000031
0.000031
0.000030
0.000030
0.000030
0.000030
0.000030
0.000030
0.000030
0.000029
0.000029
0.000029
0.000029
0.000029
0.000029
0.000029
0.000029
0.000028
0.000028
0.000028
0.000028
0.000028
0.000028
0.000028
0.000027
0.000027
0.000027
0.000027
0.000027
0.000027
0.000027
0.000027
0.000026
0.000026
0.000026
0.000026
0.000026
0.000026
0.000026
0.000026
0.000025
0.000025
0.000025
0.000025
0.000025
0.000025
0.000025
0.000025
0.000025
0.000024
0.000024
0.000024
0.000024
0.000024
0.000024
0.000024
0.000024
0.000024
0.000023
0.000023
0.000023
0.000023
0.000023
0.000023
0.000023
0.000023
0.000023
0.000022
0.000022
0.000022
0.000022
0.000022
0.000022
0.000022
0.000022
0.000022
0.000022
0.000021
0.000021
0.000021
0.000021
0.000021
0.000021
0.000021
0.000021
0.000021
0.000021
0.000020
0.000020
0.000020
0.000020
0.000020
0.000020
0.000020
0.000020
0.000020
0.000020
0.000020
0.000019
0.000019
0.000019
0.000019
0.000019
0.000019
0.000019
0.000019
0.000019
0.000019
0.000019
0.000018
0.000018
0.000018
0.000018
0.000018
0.000018
0.000018
0.000018
0.000018
0.000018
0.000018
0.000018
0.000017
0.000017
0.000017
0.000017
0.000017
0.000017
0.000017
0.000017
0.000017
0.000017
0.000017
0.000017
0.000016
0.000016
0.000016
0.000016
0.000016
0.000016
0.000016
0.000016
0.000016
0.000016
0.000016
0.000016
0.000016
0.000015
0.000015
0.000015
0.000015
0.000015
0.000015
0.000015
0.000015
0.000015
0.000015
0.000015
0.000015
0.000015
0.000015
0.000015
0.000014
0.000014
0.000014
0.000014
0.000014
0.000014
0.000014
0.000014
0.000014
0.000014
0.000014
0.000014
0.000014
0.000014
0.000014
0.000013
0.000013
0.000013
0.000013
0.000013
0.000013
0.000013
0.000013
0.000013
0.000013
0.000013
0.000013
0.000013
0.000013
0.000013
0.000013
0.000012
0.000012
0.000012
0.000012
0.000012
0.000012
0.000012
0.000012
0.000012
0.000012
0.000012
0.000012
0.000012
0.000012
0.000012
0.000012
0.000012
0.000012
0.000011
0.000011
0.000011
0.000011
0.000011
0.000011
0.000011
0.000011
0.000011
0.000011
0.000011
0.000011
0.000011
0.000011
0.000011
0.000011
0.000011
0.000011
0.000011
0.000010
0.000010
0.000010
0.000010
0.000010
0.000010
0.000010
0.000010
0.000010
0.000010
0.000010
0.000010
0.000010
0.000010
0.000010
0.000010
0.000010
0.000010
0.000010
0.000010
0.000010
0.000010
0.000009
0.000009
0.000009
0.000009
0.000009
0.000009
0.000009
0.000009
0.000009
0.000009
0.000009
0.000009
0.000009
0.000009
0.000009
0.000009
0.000009
0.000009
0.000009
0.000009
0.000009
0.000009
0.000009
0.000008
0.000008
0.000008
0.000008
0.000008
0.000008
0.000008
0.000008
0.000008
0.000008
0.000008
0.000008
0.000008
0.000008
0.000008
0.000008
0.000008
0.000008
0.000008
0.000008
0.000008
0.000008
0.000008
0.000008
0.000008
0.000008
0.000008
0.000007
0.000007
0.000007
0.000007
0.000007
0.000007
0.000007
0.000007
0.000007
0.000007
0.000007
0.000007
0.000007
0.000007
0.000007
0.000007
0.000007
0.000007
0.000007
0.000007
0.000007
0.000007
0.000007
0.000007
0.000007
0.000007
0.000007
0.000007
0.000007
0.000007
0.000007
0.000006
0.000006
0.000006
0.000006
0.000006
0.000006
0.000006
0.000006
0.000006
0.000006
0.000006
0.000006
0.000006
0.000006
0.000006
0.000006
0.000006
0.000006
0.000006
0.000006
0.000006
0.000006
0.000006
0.000006
0.000006
0.000006
0.000006
0.000006
0.000006
0.000006
0.000006
0.000006
0.000006
0.000006
0.000006
0.000005
0.000005
0.000005
0.000005
0.000005
0.000005
0.000005
0.000005
0.000005
0.000005
0.000005
0.000005
0.000005
0.000005
0.000005
0.000005
0.000005
0.000005
0.000005
0.000005
0.000005
0.000005
0.000005
0.000005
0.000005
0.000005
0.000005
0.000005
0.000005
0.000005
0.000005
0.000005
0.000005
0.000005
0.000005
0.000005
0.000005
0.000005
0.000005
0.000005
0.000005
0.000005
0.000005
0.000004
0.000004
0.000004
0.000004
0.000004
0.000004
0.000004
0.000004
0.000004
0.000004
0.000004
0.000004
0.000004
0.000004
0.000004
0.000004
0.000004
0.000004
0.000004
0.000004
0.000004
0.000004
0.000004
0.000004
0.000004
0.000004
0.000004
0.000004
0.000004
0.000004
0.000004
0.000004
0.000004
0.000004
0.000004
0.000004
0.000004
0.000004
0.000004
0.000004
0.000004
0.000004
0.000004
0.000004
0.000004
0.000004
0.000004
0.000004
0.000004
0.000004
0.000004
0.000004
0.000004
0.000004
0.000003
0.000003
0.000003
0.000003
0.000003
0.000003
0.000003
0.000003
0.000003
0.000003
0.000003
0.000003
0.000003
0.000003
0.000003
0.000003
0.000003
0.000003
0.000003
0.000003
0.000003
0.000003
0.000003
0.000003
0.000003
0.000003
0.000003
0.000003
0.000003
0.000003
0.000003
0.000003
0.000003
0.000003
0.000003
0.000003
0.000003
0.000003
0.000003
0.000003
0.000003
0.000003
0.000003
0.000003
0.000003
0.000003
0.000003
0.000003
0.000003
0.000003
0.000003
0.000003
0.000003
0.000003
0.000003
0.000003
0.000003
0.000003
0.000003
0.000003
0.000003
0.000003
0.000003
0.000003
0.000003
0.000003
0.000003
0.000003
0.000003
0.000003
0.000003
0.000002
0.000002
0.000002
0.000002
0.000002
0.000002
0.000002
0.000002
0.000002
0.000002
0.000002
0.000002
0.000002
0.000002
0.000002
0.000002
0.000002
0.000002
0.000002
0.000002
0.000002
0.000002
0.000002
0.000002
0.000002
0.000002
0.000002
0.000002
0.000002
0.000002
0.000002
0.000002
0.000002
0.000002
0.000002
0.000002
0.000002
0.000002
0.000002
0.000002
0.000002
0.000002
0.000002
0.000002
0.000002
0.000002
0.000002
0.000002
0.000002
0.000002
0.000002
0.000002
0.000002
0.000002
0.000002
0.000002
0.000002
0.000002
0.000002
0.000002
0.000002
0.000002
0.000002
0.000002
0.000002
0.000002
0.000002
0.000002
0.000002
0.000002
0.000002
0.000002
0.000002
0.000002
0.000002
0.000002
0.000002
0.000002
0.000002
0.000002
0.000002
0.000002
0.000002
0.000002
0.000002
0.000002
0.000002
0.000002
0.000002
0.000002
0.000002
0.000002
0.000002
0.000002
0.000002
0.000002
0.000002
0.000002
0.000002
0.000002
0.000002
0.000002
0.000002
0.000002
0.000002
0.000002
0.000002
0.000002
0.000002
0.000001
0.000001
0.000001
0.000001
0.000001
0.000001
0.000001
0.000001
0.000001
0.000001
0.000001
0.000001
0.000001
0.000001
0.000001
0.000001
0.000001
0.000001
0.000001
0.000001
0.000001
0.000001
0.000001
0.000001
0.000001
0.000001
0.000001
0.000001
0.000001
0.000001
0.000001
0.000001
0.000001
0.000001
0.000001
0.000001
0.000001
0.000001
0.000001
0.000001
0.000001
0.000001
0.000001
0.000001
0.000001
0.000001
0.000001
0.000001
0.000001
0.000001
0.000001
0.000001
0.000001
0.000001
0.000001
0.000001
0.000001
0.000001
0.000001
0.000001
0.000001
0.000001
0.000001
0.000001
0.000001
0.000001
0.000001
0.000001
0.000001
0.000001
0.000001
0.000001
0.000001
0.000001
0.000001
0.000001
0.000001
0.000001
0.000001
0.000001
0.000001
0.000001
0.000001
0.000001
0.000001
0.000001
0.000001
0.000001
0.000001
0.000001
0.000001
0.000001
0.000001
0.000001
0.000001
0.000001
0.000001
0.000001
0.000001
0.000001
0.000001
0.000001
0.000001
0.000001
0.000001
0.000001
0.000001
0.000001
0.000001
0.000001
0.000001
0.000001
0.000001
0.000001
0.000001
0.000001
0.000001
0.000001
0.000001
0.000001
0.000001
0.000001
0.000001
0.000001
0.000001
0.000001
0.000001
0.000001
0.000001
0.000001
0.000001
0.000001
0.000001
0.000001
0.000001
0.000001
