9012222545.681334
15501.203813
1896.052175
1883.216493
1870.489465
1857.849976
1845.297414
1832.831171
1820.450644
1808.155234
1795.944346
1783.817390
1771.773780
1759.812933
1747.934271
1736.137221
1724.421212
1712.785679
1701.230060
1689.753798
1678.356337
1667.037129
1655.795627
1644.631290
1633.543578
1622.531957
1611.595896
1600.734869
1589.948353
1579.235826
1568.596775
1558.030686
1547.537051
1537.115364
1526.765125
1516.485836
1506.277001
1496.138131
1486.068738
1476.068337
1466.136449
1456.272596
1446.476304
1436.747103
1427.084526
1417.488110
1407.957392
1398.491917
1389.091231
1379.754881
1370.482421
1361.273407
1352.127397
1343.043952
1334.022638
1325.063022
1316.164676
1307.327173
1298.550091
1289.833009
1281.175510
1272.577181
1264.037611
1255.556390
1247.133114
1238.767380
1230.458788
1222.206941
1214.011446
1205.871912
1197.787948
1189.759171
1181.785196
1173.865643
1166.000136
1158.188297
1150.429756
1142.724142
1135.071089
1127.470231
1119.921207
1112.423657
1104.977224
1097.581554
1090.236295
1082.941097
1075.695614
1068.499501
1061.352415
1054.254018
1047.203972
1040.201941
1033.247593
1026.340599
1019.480629
1012.667359
1005.900465
999.179626
992.504523
985.874840
979.290262
972.750477
966.255176
959.804050
953.396794
947.033104
940.712679
934.435221
928.200431
922.008014
915.857679
909.749134
903.682090
897.656260
891.671359
885.727106
879.823218
873.959417
868.135426
862.350971
856.605778
850.899575
845.232095
839.603069
834.012233
828.459321
822.944074
817.466231
812.025533
806.621725
801.254552
795.923761
790.629102
785.370325
780.147183
774.959430
769.806823
764.689119
759.606077
754.557458
749.543026
744.562545
739.615781
734.702502
729.822476
724.975476
720.161273
715.379642
710.630359
705.913201
701.227946
696.574376
691.952272
687.361418
682.801598
678.272600
673.774210
669.306220
664.868419
660.460600
656.082557
651.734086
647.414982
643.125044
638.864073
634.631867
630.428231
626.252968
622.105882
617.986781
613.895471
609.831763
605.795467
601.786395
597.804359
593.849174
589.920656
586.018622
582.142890
578.293279
574.469612
570.671708
566.899393
563.152490
559.430825
555.734225
552.062519
548.415535
544.793104
541.195058
537.621230
534.071454
530.545565
527.043400
523.564795
520.109591
516.677625
513.268741
509.882778
506.519581
503.178994
499.860861
496.565030
493.291347
490.039661
486.809822
483.601681
480.415088
477.249896
474.105960
470.983134
467.881273
464.800234
461.739876
458.700056
455.680634
452.681471
449.702429
446.743369
443.804157
440.884655
437.984730
435.104248
432.243076
429.401083
426.578137
423.774108
420.988868
418.222288
415.474240
412.744600
410.033240
407.340037
404.664866
402.007604
399.368131
396.746323
394.142061
391.555226
388.985697
386.433359
383.898093
381.379783
378.878314
376.393571
373.925441
371.473809
369.038564
366.619594
364.216789
361.830038
359.459232
357.104263
354.765023
352.441405
350.133303
347.840611
345.563224
343.301039
341.053952
338.821860
336.604662
334.402256
332.214542
330.041420
327.882790
325.738555
323.608617
321.492878
319.391243
317.303615
315.229899
313.170001
311.123827
309.091284
307.072279
305.066721
303.074519
301.095581
299.129818
297.177141
295.237460
293.310689
291.396738
289.495521
287.606953
285.730947
283.867417
282.016281
280.177453
278.350850
276.536390
274.733990
272.943569
271.165045
269.398338
267.643369
265.900056
264.168323
262.448089
260.739279
259.041813
257.355616
255.680611
254.016723
252.363877
250.721997
249.091010
247.470842
245.861419
244.262671
242.674523
241.096905
239.529746
237.972974
236.426520
234.890314
233.364287
231.848370
230.342495
228.846594
227.360600
225.884446
224.418065
222.961392
221.514361
220.076907
218.648966
217.230473
215.821365
214.421578
213.031050
211.649718
210.277520
208.914395
207.560282
206.215119
204.878847
203.551406
202.232735
200.922777
199.621473
198.328764
197.044592
195.768900
194.501631
193.242729
191.992136
190.749797
189.515657
188.289660
187.071752
185.861878
184.659985
183.466018
182.279924
181.101651
179.931146
178.768356
177.613231
176.465717
175.325765
174.193324
173.068342
171.950771
170.840559
169.737659
168.642020
167.553594
166.472333
165.398189
164.331113
163.271059
162.217980
161.171827
160.132556
159.100120
158.074473
157.055570
156.043366
155.037815
154.038873
153.046495
152.060639
151.081260
150.108314
149.141759
148.181552
147.227651
146.280012
145.338595
144.403358
143.474258
142.551256
141.634311
140.723381
139.818428
138.919410
138.026288
137.139022
136.257575
135.381905
134.511976
133.647749
132.789185
131.936247
131.088897
130.247098
129.410812
128.580004
127.754636
126.934672
126.120076
125.310812
124.506845
123.708139
122.914660
122.126372
121.343240
120.565231
119.792310
119.024443
118.261596
117.503737
116.750832
116.002847
115.259750
114.521509
113.788091
113.059464
112.335597
111.616456
110.902012
110.192232
109.487086
108.786543
108.090571
107.399142
106.712224
106.029788
105.351803
104.678241
104.009071
103.344264
102.683793
102.027626
101.375737
100.728097
100.084677
99.445449
98.810386
98.179459
97.552642
96.929908
96.311228
95.696576
95.085925
94.479250
93.876522
93.277717
92.682808
92.091770
91.504576
90.921201
90.341620
89.765807
89.193739
88.625389
88.060733
87.499747
86.942407
86.388688
85.838566
85.292017
84.749019
84.209546
83.673577
83.141087
82.612054
82.086455
81.564267
81.045467
80.530034
80.017944
79.509176
79.003708
78.501517
78.002583
77.506884
77.014398
76.525104
76.038981
75.556008
75.076164
74.599429
74.125782
73.655202
73.187670
72.723165
72.261667
71.803157
71.347615
70.895020
70.445354
69.998598
69.554731
69.113736
68.675592
68.240282
67.807787
67.378088
66.951166
66.527004
66.105582
65.686884
65.270891
64.857585
64.446949
64.038965
63.633616
63.230883
62.830751
62.433201
62.038218
61.645783
61.255881
60.868494
60.483606
60.101200
59.721261
59.343772
58.968716
58.596079
58.225843
57.857994
57.492515
57.129391
56.768607
56.410146
56.053995
55.700137
55.348557
54.999242
54.652175
54.307342
53.964728
53.624319
53.286101
52.950058
52.616177
52.284444
51.954844
51.627363
51.301987
50.978704
50.657498
50.338357
50.021267
49.706214
49.393185
49.082166
48.773146
48.466109
48.161045
47.857939
47.556779
47.257551
46.960244
46.664845
46.371342
46.079721
45.789971
45.502079
45.216033
44.931822
44.649433
44.368854
44.090073
43.813079
43.537860
43.264404
42.992700
42.722737
42.454502
42.187986
41.923175
41.660061
41.398630
41.138873
40.880778
40.624335
40.369532
40.116360
39.864806
39.614862
39.366516
39.119758
38.874578
38.630965
38.388908
38.148399
37.909427
37.671981
37.436053
37.201631
36.968706
36.737269
36.507310
36.278819
36.051786
35.826202
35.602058
35.379344
35.158052
34.938170
34.719692
34.502606
34.286905
34.072580
33.859620
33.648019
33.437765
33.228852
33.021270
32.815011
32.610065
32.406425
32.204082
32.003027
31.803252
31.604749
31.407510
31.211526
31.016789
30.823292
30.631025
30.439982
30.250154
30.061533
29.874111
29.687881
29.502835
29.318965
29.136264
28.954724
28.774338
28.595097
28.416995
28.240025
28.064178
27.889448
27.715827
27.543309
27.371885
27.201550
27.032296
26.864115
26.697002
26.530948
26.365948
26.201994
26.039080
25.877199
25.716344
25.556509
25.397687
25.239871
25.083055
24.927233
24.772398
24.618544
24.465663
24.313751
24.162801
24.012807
23.863762
23.715660
23.568495
23.422262
23.276954
23.132565
22.989089
22.846521
22.704854
22.564083
22.424202
22.285205
22.147087
22.009841
21.873463
21.737946
21.603285
21.469475
21.336510
21.204385
21.073094
20.942631
20.812993
20.684172
20.556164
20.428965
20.302567
20.176967
20.052159
19.928139
19.804900
19.682438
19.560749
19.439826
19.319666
19.200263
19.081612
18.963709
18.846549
18.730126
18.614437
18.499476
18.385239
18.271722
18.158918
18.046825
17.935438
17.824751
17.714760
17.605462
17.496851
17.388923
17.281674
17.175099
17.069194
16.963955
16.859378
16.755457
16.652190
16.549571
16.447597
16.346264
16.245567
16.145503
16.046066
15.947254
15.849063
15.751487
15.654524
15.558170
15.462420
15.367271
15.272718
15.178759
15.085388
14.992604
14.900401
14.808776
14.717725
14.627245
14.537332
14.447982
14.359192
14.270959
14.183278
14.096146
14.009559
13.923515
13.838009
13.753039
13.668601
13.584690
13.501305
13.418442
13.336097
13.254267
13.172948
13.092139
13.011834
12.932032
12.852728
12.773920
12.695605
12.617778
12.540438
12.463582
12.387205
12.311305
12.235880
12.160925
12.086438
12.012416
11.938857
11.865756
11.793111
11.720920
11.649179
11.577885
11.507037
11.436630
11.366662
11.297130
11.228032
11.159364
11.091125
11.023310
10.955918
10.888946
10.822391
10.756251
10.690523
10.625204
10.560291
10.495783
10.431676
10.367969
10.304657
10.241740
10.179214
10.117077
10.055327
9.993960
9.932976
9.872370
9.812141
9.752287
9.692805
9.633692
9.574947
9.516566
9.458549
9.400891
9.343592
9.286649
9.230059
9.173821
9.117931
9.062389
9.007191
8.952336
8.897821
8.843645
8.789804
8.736298
8.683123
8.630278
8.577761
8.525569
8.473701
8.422154
8.370927
8.320017
8.269423
8.219142
8.169173
8.119513
8.070160
8.021113
7.972370
7.923929
7.875787
7.827944
7.780396
7.733143
7.686182
7.639511
7.593129
7.547034
7.501224
7.455698
7.410452
7.365487
7.320799
7.276388
7.232251
7.188386
7.144793
7.101469
7.058412
7.015622
6.973095
6.930832
6.888829
6.847085
6.805599
6.764369
6.723394
6.682671
6.642199
6.601978
6.562004
6.522276
6.482794
6.443555
6.404558
6.365801
6.327284
6.289003
6.250959
6.213148
6.175571
6.138225
6.101109
6.064222
6.027562
5.991127
5.954917
5.918930
5.883164
5.847618
5.812291
5.777181
5.742288
5.707609
5.673143
5.638889
5.604845
5.571011
5.537385
5.503966
5.470752
5.437742
5.404935
5.372329
5.339924
5.307718
5.275709
5.243897
5.212280
5.180858
5.149628
5.118590
5.087743
5.057084
5.026614
4.996331
4.966234
4.936321
4.906591
4.877044
4.847678
4.818492
4.789485
4.760656
4.732003
4.703526
4.675223
4.647094
4.619137
4.591351
4.563736
4.536289
4.509011
4.481899
4.454954
4.428173
4.401557
4.375103
4.348811
4.322680
4.296708
4.270896
4.245241
4.219743
4.194401
4.169214
4.144181
4.119301
4.094573
4.069996
4.045570
4.021292
3.997163
3.973181
3.949345
3.925656
3.902110
3.878709
3.855450
3.832333
3.809358
3.786522
3.763826
3.741268
3.718848
3.696565
3.674417
3.652405
3.630527
3.608782
3.587169
3.565689
3.544339
3.523119
3.502029
3.481067
3.460233
3.439526
3.418945
3.398489
3.378157
3.357950
3.337865
3.317903
3.298062
3.278342
3.258742
3.239261
3.219899
3.200654
3.181527
3.162515
3.143620
3.124839
3.106172
3.087619
3.069179
3.050850
3.032633
3.014527
2.996530
2.978643
2.960865
2.943195
2.925631
2.908175
2.890824
2.873579
2.856438
2.839402
2.822469
2.805638
2.788910
2.772283
2.755757
2.739331
2.723005
2.706777
2.690649
2.674617
2.658683
2.642846
2.627105
2.611459
2.595907
2.580450
2.565087
2.549816
2.534638
2.519552
2.504558
2.489654
2.474840
2.460116
2.445481
2.430934
2.416476
2.402105
2.387821
2.373623
2.359511
2.345485
2.331543
2.317686
2.303912
2.290222
2.276614
2.263089
2.249645
2.236283
2.223001
2.209799
2.196678
2.183635
2.170671
2.157786
2.144978
2.132247
2.119594
2.107017
2.094515
2.082089
2.069738
2.057462
2.045259
2.033130
2.021075
2.009092
1.997181
1.985342
1.973574
1.961877
1.950251
1.938695
1.927209
1.915791
1.904443
1.893162
1.881950
1.870805
1.859727
1.848716
1.837772
1.826893
1.816079
1.805331
1.794647
1.784028
1.773473
1.762981
1.752552
1.742186
1.731882
1.721640
1.711459
1.701340
1.691282
1.681284
1.671346
1.661468
1.651649
1.641890
1.632189
1.622546
1.612961
1.603433
1.593963
1.584550
1.575193
1.565892
1.556647
1.547458
1.538324
1.529244
1.520219
1.511248
1.502331
1.493468
1.484657
1.475900
1.467194
1.458541
1.449940
1.441391
1.432893
1.424445
1.416048
1.407702
1.399405
1.391159
1.382961
1.374813
1.366713
1.358662
1.350659
1.342705
1.334797
1.326937
1.319124
1.311358
1.303638
1.295965
1.288337
1.280755
1.273218
1.265726
1.258279
1.250877
1.243519
1.236205
1.228934
1.221707
1.214523
1.207382
1.200284
1.193228
1.186214
1.179243
1.172312
1.165424
1.158576
1.151769
1.145003
1.138277
1.131591
1.124945
1.118339
1.111773
1.105245
1.098756
1.092306
1.085895
1.079522
1.073186
1.066889
1.060629
1.054406
1.048221
1.042072
1.035960
1.029884
1.023845
1.017841
1.011873
1.005941
1.000044
0.994183
0.988356
0.982563
0.976806
0.971082
0.965393
0.959737
0.954115
0.948527
0.942972
0.937450
0.931960
0.926503
0.921079
0.915687
0.910327
0.904999
0.899703
0.894438
0.889204
0.884002
0.878830
0.873689
0.868579
0.863499
0.858449
0.853429
0.848439
0.843478
0.838547
0.833646
0.828773
0.823929
0.819114
0.814328
0.809570
0.804840
0.800138
0.795464
0.790818
0.786200
0.781609
0.777045
0.772508
0.767998
0.763514
0.759058
0.754627
0.750223
0.745845
0.741493
0.737167
0.732866
0.728591
0.724341
0.720116
0.715917
0.711742
0.707592
0.703466
0.699365
0.695288
0.691236
0.687207
0.683202
0.679221
0.675263
0.671329
0.667418
0.663530
0.659665
0.655823
0.652003
0.648207
0.644432
0.640680
0.636950
0.633243
0.629557
0.625892
0.622250
0.618629
0.615029
0.611451
0.607894
0.604358
0.600842
0.597348
0.593874
0.590420
0.586987
0.583574
0.580182
0.576809
0.573456
0.570123
0.566810
0.563516
0.560241
0.556986
0.553750
0.550534
0.547336
0.544157
0.540996
0.537855
0.534731
0.531627
0.528540
0.525472
0.522422
0.519389
0.516375
0.513378
0.510399
0.507438
0.504494
0.501567
0.498658
0.495765
0.492890
0.490031
0.487190
0.484365
0.481557
0.478765
0.475989
0.473230
0.470488
0.467761
0.465050
0.462355
0.459677
0.457013
0.454366
0.451734
0.449118
0.446516
0.443931
0.441360
0.438804
0.436264
0.433738
0.431227
0.428731
0.426250
0.423783
0.421331
0.418893
0.416469
0.414060
0.411664
0.409283
0.406916
0.404562
0.402223
0.399897
0.397585
0.395286
0.393001
0.390729
0.388471
0.386225
0.383993
0.381774
0.379568
0.377375
0.375195
0.373027
0.370873
0.368730
0.366601
0.364484
0.362379
0.360287
0.358206
0.356138
0.354083
0.352039
0.350007
0.347987
0.345979
0.343982
0.341997
0.340024
0.338063
0.336113
0.334174
0.332246
0.330330
0.328425
0.326532
0.324649
0.322777
0.320916
0.319066
0.317227
0.315399
0.313581
0.311774
0.309978
0.308192
0.306416
0.304651
0.302896
0.301151
0.299417
0.297693
0.295978
0.294274
0.292580
0.290895
0.289221
0.287556
0.285901
0.284255
0.282619
0.280993
0.279376
0.277769
0.276171
0.274582
0.273003
0.271432
0.269871
0.268319
0.266776
0.265242
0.263717
0.262201
0.260694
0.259195
0.257705
0.256224
0.254752
0.253288
0.251832
0.250385
0.248947
0.247517
0.246095
0.244681
0.243276
0.241879
0.240490
0.239109
0.237736
0.236371
0.235014
0.233665
0.232324
0.230991
0.229665
0.228347
0.227037
0.225734
0.224439
0.223151
0.221871
0.220598
0.219333
0.218075
0.216825
0.215581
0.214345
0.213116
0.211894
0.210680
0.209472
0.208271
0.207078
0.205891
0.204711
0.203538
0.202372
0.201212
0.200060
0.198914
0.197774
0.196642
0.195515
0.194396
0.193283
0.192176
0.191076
0.189982
0.188894
0.187813
0.186738
0.185669
0.184606
0.183550
0.182500
0.181456
0.180417
0.179385
0.178359
0.177339
0.176325
0.175316
0.174314
0.173317
0.172326
0.171341
0.170361
0.169387
0.168419
0.167456
0.166499
0.165547
0.164601
0.163661
0.162726
0.161796
0.160872
0.159953
0.159039
0.158131
0.157227
0.156330
0.155437
0.154549
0.153667
0.152789
0.151917
0.151050
0.150188
0.149331
0.148478
0.147631
0.146788
0.145951
0.145118
0.144290
0.143467
0.142649
0.141835
0.141026
0.140222
0.139422
0.138627
0.137836
0.137051
0.136269
0.135492
0.134720
0.133952
0.133189
0.132429
0.131675
0.130924
0.130178
0.129437
0.128699
0.127966
0.127237
0.126512
0.125792
0.125075
0.124363
0.123655
0.122951
0.122251
0.121555
0.120863
0.120175
0.119490
0.118810
0.118134
0.117462
0.116793
0.116129
0.115468
0.114811
0.114158
0.113509
0.112863
0.112221
0.111583
0.110948
0.110317
0.109690
0.109066
0.108446
0.107829
0.107216
0.106607
0.106001
0.105398
0.104799
0.104204
0.103612
0.103023
0.102438
0.101856
0.101277
0.100702
0.100130
0.099561
0.098995
0.098433
0.097874
0.097318
0.096766
0.096216
0.095670
0.095127
0.094587
0.094050
0.093516
0.092986
0.092458
0.091933
0.091412
0.090893
0.090377
0.089864
0.089355
0.088848
0.088344
0.087843
0.087345
0.086849
0.086357
0.085867
0.085380
0.084896
0.084415
0.083936
0.083461
0.082988
0.082517
0.082050
0.081585
0.081122
0.080663
0.080206
0.079751
0.079299
0.078850
0.078404
0.077959
0.077518
0.077079
0.076642
0.076208
0.075777
0.075348
0.074921
0.074497
0.074075
0.073656
0.073239
0.072825
0.072413
0.072003
0.071595
0.071190
0.070787
0.070387
0.069989
0.069593
0.069199
0.068808
0.068419
0.068032
0.067647
0.067264
0.066884
0.066506
0.066130
0.065756
0.065384
0.065015
0.064647
0.064282
0.063919
0.063557
0.063198
0.062841
0.062486
0.062133
0.061782
0.061433
0.061086
0.060741
0.060398
0.060057
0.059718
0.059380
0.059045
0.058712
0.058380
0.058051
0.057723
0.057397
0.057073
0.056751
0.056431
0.056112
0.055795
0.055481
0.055168
0.054856
0.054547
0.054239
0.053933
0.053629
0.053326
0.053026
0.052727
0.052429
0.052134
0.051840
0.051547
0.051257
0.050968
0.050680
0.050395
0.050111
0.049828
0.049547
0.049268
0.048990
0.048714
0.048440
0.048167
0.047896
0.047626
0.047357
0.047091
0.046825
0.046562
0.046299
0.046039
0.045779
0.045522
0.045265
0.045010
0.044757
0.044505
0.044254
0.044005
0.043758
0.043511
0.043266
0.043023
0.042781
0.042540
0.042301
0.042063
0.041826
0.041591
0.041357
0.041124
0.040893
0.040663
0.040434
0.040207
0.039981
0.039756
0.039532
0.039310
0.039089
0.038869
0.038651
0.038433
0.038217
0.038003
0.037789
0.037577
0.037365
0.037155
0.036947
0.036739
0.036533
0.036327
0.036123
0.035920
0.035719
0.035518
0.035319
0.035120
0.034923
0.034727
0.034532
0.034338
0.034145
0.033953
0.033763
0.033573
0.033385
0.033197
0.033011
0.032826
0.032642
0.032458
0.032276
0.032095
0.031915
0.031736
0.031558
0.031381
0.031205
0.031030
0.030856
0.030683
0.030511
0.030340
0.030169
0.030000
0.029832
0.029665
0.029498
0.029333
0.029169
0.029005
0.028843
0.028681
0.028520
0.028360
0.028201
0.028043
0.027886
0.027730
0.027575
0.027420
0.027266
0.027114
0.026962
0.026811
0.026661
0.026511
0.026363
0.026215
0.026068
0.025922
0.025777
0.025633
0.025489
0.025347
0.025205
0.025064
0.024923
0.024784
0.024645
0.024507
0.024370
0.024234
0.024098
0.023963
0.023829
0.023696
0.023563
0.023432
0.023300
0.023170
0.023041
0.022912
0.022784
0.022656
0.022529
0.022403
0.022278
0.022154
0.022030
0.021907
0.021784
0.021662
0.021541
0.021421
0.021301
0.021182
0.021064
0.020946
0.020829
0.020713
0.020597
0.020482
0.020367
0.020254
0.020140
0.020028
0.019916
0.019805
0.019694
0.019584
0.019475
0.019366
0.019258
0.019150
0.019043
0.018937
0.018831
0.018726
0.018622
0.018518
0.018414
0.018312
0.018209
0.018108
0.018007
0.017906
0.017806
0.017707
0.017608
0.017510
0.017412
0.017315
0.017219
0.017122
0.017027
0.016932
0.016838
0.016744
0.016650
0.016557
0.016465
0.016373
0.016282
0.016191
0.016101
0.016011
0.015922
0.015833
0.015745
0.015657
0.015570
0.015483
0.015397
0.015311
0.015226
0.015141
0.015057
0.014973
0.014889
0.014806
0.014724
0.014642
0.014560
0.014479
0.014398
0.014318
0.014239
0.014159
0.014080
0.014002
0.013924
0.013847
0.013769
0.013693
0.013617
0.013541
0.013465
0.013390
0.013316
0.013242
0.013168
0.013095
0.013022
0.012949
0.012877
0.012806
0.012735
0.012664
0.012593
0.012523
0.012454
0.012384
0.012315
0.012247
0.012179
0.012111
0.012044
0.011977
0.011910
0.011844
0.011778
0.011713
0.011647
0.011583
0.011518
0.011454
0.011391
0.011327
0.011264
0.011202
0.011139
0.011078
0.011016
0.010955
0.010894
0.010833
0.010773
0.010713
0.010654
0.010595
0.010536
0.010477
0.010419
0.010361
0.010304
0.010246
0.010190
0.010133
0.010077
0.010021
0.009965
0.009910
0.009855
0.009800
0.009746
0.009692
0.009638
0.009584
0.009531
0.009478
0.009426
0.009373
0.009321
0.009270
0.009218
0.009167
0.009116
0.009066
0.009015
0.008965
0.008916
0.008866
0.008817
0.008768
0.008719
0.008671
0.008623
0.008575
0.008528
0.008480
0.008433
0.008386
0.008340
0.008294
0.008248
0.008202
0.008157
0.008111
0.008066
0.008022
0.007977
0.007933
0.007889
0.007845
0.007802
0.007759
0.007716
0.007673
0.007630
0.007588
0.007546
0.007504
0.007463
0.007421
0.007380
0.007339
0.007299
0.007258
0.007218
0.007178
0.007138
0.007099
0.007060
0.007020
0.006982
0.006943
0.006905
0.006866
0.006828
0.006791
0.006753
0.006716
0.006678
0.006641
0.006605
0.006568
0.006532
0.006496
0.006460
0.006424
0.006388
0.006353
0.006318
0.006283
0.006248
0.006214
0.006179
0.006145
0.006111
0.006077
0.006044
0.006010
0.005977
0.005944
0.005911
0.005878
0.005846
0.005814
0.005781
0.005750
0.005718
0.005686
0.005655
0.005623
0.005592
0.005561
0.005531
0.005500
0.005470
0.005440
0.005409
0.005380
0.005350
0.005320
0.005291
0.005262
0.005233
0.005204
0.005175
0.005146
0.005118
0.005090
0.005062
0.005034
0.005006
0.004978
0.004951
0.004923
0.004896
0.004869
0.004842
0.004816
0.004789
0.004763
0.004736
0.004710
0.004684
0.004658
0.004633
0.004607
0.004582
0.004556
0.004531
0.004506
0.004481
0.004457
0.004432
0.004407
0.004383
0.004359
0.004335
0.004311
0.004287
0.004264
0.004240
0.004217
0.004193
0.004170
0.004147
0.004124
0.004102
0.004079
0.004057
0.004034
0.004012
0.003990
0.003968
0.003946
0.003924
0.003903
0.003881
0.003860
0.003838
0.003817
0.003796
0.003775
0.003754
0.003734
0.003713
0.003693
0.003672
0.003652
0.003632
0.003612
0.003592
0.003572
0.003553
0.003533
0.003514
0.003494
0.003475
0.003456
0.003437
0.003418
0.003399
0.003380
0.003362
0.003343
0.003325
0.003307
0.003288
0.003270
0.003252
0.003234
0.003217
0.003199
0.003181
0.003164
0.003146
0.003129
0.003112
0.003095
0.003078
0.003061
0.003044
0.003027
0.003010
0.002994
0.002977
0.002961
0.002945
0.002929
0.002912
0.002896
0.002880
0.002865
0.002849
0.002833
0.002818
0.002802
0.002787
0.002771
0.002756
0.002741
0.002726
0.002711
0.002696
0.002681
0.002666
0.002652
0.002637
0.002623
0.002608
0.002594
0.002580
0.002566
0.002551
0.002537
0.002523
0.002510
0.002496
0.002482
0.002468
0.002455
0.002441
0.002428
0.002415
0.002401
0.002388
0.002375
0.002362
0.002349
0.002336
0.002323
0.002311
0.002298
0.002285
0.002273
0.002260
0.002248
0.002235
0.002223
0.002211
0.002199
0.002187
0.002175
0.002163
0.002151
0.002139
0.002127
0.002116
0.002104
0.002093
0.002081
0.002070
0.002058
0.002047
0.002036
0.002025
0.002013
0.002002
0.001991
0.001980
0.001970
0.001959
0.001948
0.001937
0.001927
0.001916
0.001906
0.001895
0.001885
0.001874
0.001864
0.001854
0.001844
0.001834
0.001824
0.001814
0.001804
0.001794
0.001784
0.001774
0.001764
0.001755
0.001745
0.001736
0.001726
0.001717
0.001707
0.001698
0.001689
0.001679
0.001670
0.001661
0.001652
0.001643
0.001634
0.001625
0.001616
0.001607
0.001598
0.001589
0.001581
0.001572
0.001563
0.001555
0.001546
0.001538
0.001530
0.001521
0.001513
0.001505
0.001496
0.001488
0.001480
0.001472
0.001464
0.001456
0.001448
0.001440
0.001432
0.001424
0.001416
0.001409
0.001401
0.001393
0.001386
0.001378
0.001370
0.001363
0.001355
0.001348
0.001341
0.001333
0.001326
0.001319
0.001312
0.001304
0.001297
0.001290
0.001283
0.001276
0.001269
0.001262
0.001255
0.001248
0.001242
0.001235
0.001228
0.001221
0.001215
0.001208
0.001201
0.001195
0.001188
0.001182
0.001175
0.001169
0.001162
0.001156
0.001150
0.001143
0.001137
0.001131
0.001125
0.001119
0.001113
0.001106
0.001100
0.001094
0.001088
0.001082
0.001077
0.001071
0.001065
0.001059
0.001053
0.001047
0.001042
0.001036
0.001030
0.001025
0.001019
0.001014
0.001008
0.001003
0.000997
0.000992
0.000986
0.000981
0.000975
0.000970
0.000965
0.000960
0.000954
0.000949
0.000944
0.000939
0.000934
0.000928
0.000923
0.000918
0.000913
0.000908
0.000903
0.000898
0.000894
0.000889
0.000884
0.000879
0.000874
0.000869
0.000865
0.000860
0.000855
0.000851
0.000846
0.000841
0.000837
0.000832
0.000828
0.000823
0.000819
0.000814
0.000810
0.000805
0.000801
0.000797
0.000792
0.000788
0.000784
0.000779
0.000775
0.000771
0.000767
0.000762
0.000758
0.000754
0.000750
0.000746
0.000742
0.000738
0.000734
0.000730
0.000726
0.000722
0.000718
0.000714
0.000710
0.000706
0.000702
0.000699
0.000695
0.000691
0.000687
0.000683
0.000680
0.000676
0.000672
0.000669
0.000665
0.000661
0.000658
0.000654
0.000651
0.000647
0.000644
0.000640
0.000637
0.000633
0.000630
0.000626
0.000623
0.000619
0.000616
0.000613
0.000609
0.000606
0.000603
0.000599
0.000596
0.000593
0.000590
0.000586
0.000583
0.000580
0.000577
0.000574
0.000571
0.000568
0.000564
0.000561
0.000558
0.000555
0.000552
0.000549
0.000546
0.000543
0.000540
0.000537
0.000534
0.000532
0.000529
0.000526
0.000523
0.000520
0.000517
0.000514
0.000512
0.000509
0.000506
0.000503
0.000501
0.000498
0.000495
0.000492
0.000490
0.000487
0.000484
0.000482
0.000479
0.000477
0.000474
0.000471
0.000469
0.000466
0.000464
0.000461
0.000459
0.000456
0.000454
0.000451
0.000449
0.000446
0.000444
0.000442
0.000439
0.000437
0.000434
0.000432
0.000430
0.000427
0.000425
0.000423
0.000420
0.000418
0.000416
0.000414
0.000411
0.000409
0.000407
0.000405
0.000402
0.000400
0.000398
0.000396
0.000394
0.000392
0.000389
0.000387
0.000385
0.000383
0.000381
0.000379
0.000377
0.000375
0.000373
0.000371
0.000369
0.000367
0.000365
0.000363
0.000361
0.000359
0.000357
0.000355
0.000353
0.000351
0.000349
0.000347
0.000345
0.000344
0.000342
0.000340
0.000338
0.000336
0.000334
0.000333
0.000331
0.000329
0.000327
0.000325
0.000324
0.000322
0.000320
0.000318
0.000317
0.000315
0.000313
0.000312
0.000310
0.000308
0.000306
0.000305
0.000303
0.000301
0.000300
0.000298
0.000297
0.000295
0.000293
0.000292
0.000290
0.000289
0.000287
0.000286
0.000284
0.000282
0.000281
0.000279
0.000278
0.000276
0.000275
0.000273
0.000272
0.000270
0.000269
0.000267
0.000266
0.000265
0.000263
0.000262
0.000260
0.000259
0.000257
0.000256
0.000255
0.000253
0.000252
0.000251
0.000249
0.000248
0.000247
0.000245
0.000244
0.000243
0.000241
0.000240
0.000239
0.000237
0.000236
0.000235
0.000233
0.000232
0.000231
0.000230
0.000228
0.000227
0.000226
0.000225
0.000224
0.000222
0.000221
0.000220
0.000219
0.000218
0.000216
0.000215
0.000214
0.000213
0.000212
0.000211
0.000209
0.000208
0.000207
0.000206
0.000205
0.000204
0.000203
0.000202
0.000201
0.000199
0.000198
0.000197
0.000196
0.000195
0.000194
0.000193
0.000192
0.000191
0.000190
0.000189
0.000188
0.000187
0.000186
0.000185
0.000184
0.000183
0.000182
0.000181
0.000180
0.000179
0.000178
0.000177
0.000176
0.000175
0.000174
0.000173
0.000172
0.000171
0.000170
0.000169
0.000169
0.000168
0.000167
0.000166
0.000165
0.000164
0.000163
0.000162
0.000161
0.000160
0.000160
0.000159
0.000158
0.000157
0.000156
0.000155
0.000154
0.000154
0.000153
0.000152
0.000151
0.000150
0.000150
0.000149
0.000148
0.000147
0.000146
0.000146
0.000145
0.000144
0.000143
0.000142
0.000142
0.000141
0.000140
0.000139
0.000139
0.000138
0.000137
0.000136
0.000136
0.000135
0.000134
0.000133
0.000133
0.000132
0.000131
0.000131
0.000130
0.000129
0.000128
0.000128
0.000127
0.000126
0.000126
0.000125
0.000124
0.000124
0.000123
0.000122
0.000122
0.000121
0.000120
0.000120
0.000119
0.000118
0.000118
0.000117
0.000117
0.000116
0.000115
0.000115
0.000114
0.000113
0.000113
0.000112
0.000112
0.000111
0.000110
0.000110
0.000109
0.000109
0.000108
0.000107
0.000107
0.000106
0.000106
0.000105
0.000105
0.000104
0.000103
0.000103
0.000102
0.000102
0.000101
0.000101
0.000100
0.000100
0.000099
0.000099
0.000098
0.000097
0.000097
0.000096
0.000096
0.000095
0.000095
0.000094
0.000094
0.000093
0.000093
0.000092
0.000092
0.000091
0.000091
0.000090
0.000090
0.000089
0.000089
0.000088
0.000088
0.000087
0.000087
0.000086
0.000086
0.000086
0.000085
0.000085
0.000084
0.000084
0.000083
0.000083
0.000082
0.000082
0.000081
0.000081
0.000081
0.000080
0.000080
0.000079
0.000079
0.000078
0.000078
0.000078
0.000077
0.000077
0.000076
0.000076
0.000076
0.000075
0.000075
0.000074
0.000074
0.000074
0.000073
0.000073
0.000072
0.000072
0.000072
0.000071
0.000071
0.000070
0.000070
0.000070
0.000069
0.000069
0.000069
0.000068
0.000068
0.000067
0.000067
0.000067
0.000066
0.000066
0.000066
0.000065
0.000065
0.000065
0.000064
0.000064
0.000064
0.000063
0.000063
0.000063
0.000062
0.000062
0.000062
0.000061
0.000061
0.000061
0.000060
0.000060
0.000060
0.000059
0.000059
0.000059
0.000058
0.000058
0.000058
0.000057
0.000057
0.000057
0.000056
0.000056
0.000056
0.000056
0.000055
0.000055
0.000055
0.000054
0.000054
0.000054
0.000053
0.000053
0.000053
0.000053
0.000052
0.000052
0.000052
0.000051
0.000051
0.000051
0.000051
0.000050
0.000050
0.000050
0.000050
0.000049
0.000049
0.000049
0.000048
0.000048
0.000048
0.000048
0.000047
0.000047
0.000047
0.000047
0.000046
0.000046
0.000046
0.000046
0.000045
0.000045
0.000045
0.000045
0.000044
0.000044
0.000044
0.000044
0.000044
0.000043
0.000043
0.000043
0.000043
0.000042
0.000042
0.000042
0.000042
0.000041
0.000041
0.000041
0.000041
0.000041
0.000040
0.000040
0.000040
0.000040
0.000039
0.000039
0.000039
0.000039
0.000039
0.000038
0.000038
0.000038
0.000038
0.000038
0.000037
0.000037
0.000037
0.000037
0.000037
0.000036
0.000036
0.000036
0.000036
0.000036
0.000035
0.000035
0.000035
0.000035
0.000035
0.000035
0.000034
0.000034
0.000034
0.000034
0.000034
0.000033
0.000033
0.000033
0.000033
0.000033
0.000033
0.000032
0.000032
0.000032
0.000032
0.000032
0.000031
0.000031
0.000031
0.000031
0.000031
0.000031
0.000030
0.000030
0.000030
0.000030
0.000030
0.000030
0.000030
0.000029
0.000029
0.000029
0.000029
0.000029
0.000029
0.000028
0.000028
0.000028
0.000028
0.000028
0.000028
0.000028
0.000027
0.000027
0.000027
0.000027
0.000027
0.000027
0.000027
0.000026
0.000026
0.000026
0.000026
0.000026
0.000026
0.000026
0.000025
0.000025
0.000025
0.000025
0.000025
0.000025
0.000025
0.000024
0.000024
0.000024
0.000024
0.000024
0.000024
0.000024
0.000024
0.000023
0.000023
0.000023
0.000023
0.000023
0.000023
0.000023
0.000023
0.000022
0.000022
0.000022
0.000022
0.000022
0.000022
0.000022
0.000022
0.000021
0.000021
0.000021
0.000021
0.000021
0.000021
0.000021
0.000021
0.000021
0.000020
0.000020
0.000020
0.000020
0.000020
0.000020
0.000020
0.000020
0.000020
0.000019
0.000019
0.000019
0.000019
0.000019
0.000019
0.000019
0.000019
0.000019
0.000019
0.000018
0.000018
0.000018
0.000018
0.000018
0.000018
0.000018
0.000018
0.000018
0.000018
0.000018
0.000017
0.000017
0.000017
0.000017
0.000017
0.000017
0.000017
0.000017
0.000017
0.000017
0.000016
0.000016
0.000016
0.000016
0.000016
0.000016
0.000016
0.000016
0.000016
0.000016
0.000016
0.000016
0.000015
0.000015
0.000015
0.000015
0.000015
0.000015
0.000015
0.000015
0.000015
0.000015
0.000015
0.000015
0.000014
0.000014
0.000014
0.000014
0.000014
0.000014
0.000014
0.000014
0.000014
0.000014
0.000014
0.000014
0.000014
0.000014
0.000013
0.000013
0.000013
0.000013
0.000013
0.000013
0.000013
0.000013
0.000013
0.000013
0.000013
0.000013
0.000013
0.000013
0.000012
0.000012
0.000012
0.000012
0.000012
0.000012
0.000012
0.000012
0.000012
0.000012
0.000012
0.000012
0.000012
0.000012
0.000012
0.000012
0.000011
0.000011
0.000011
0.000011
0.000011
0.000011
0.000011
0.000011
0.000011
0.000011
0.000011
0.000011
0.000011
0.000011
0.000011
0.000011
0.000011
0.000010
0.000010
0.000010
0.000010
0.000010
0.000010
0.000010
0.000010
0.000010
0.000010
0.000010
0.000010
0.000010
0.000010
0.000010
0.000010
0.000010
0.000010
0.000009
0.000009
0.000009
0.000009
0.000009
0.000009
0.000009
0.000009
0.000009
0.000009
0.000009
0.000009
0.000009
0.000009
0.000009
0.000009
0.000009
0.000009
0.000009
0.000009
0.000009
0.000008
0.000008
0.000008
0.000008
0.000008
0.000008
0.000008
0.000008
0.000008
0.000008
0.000008
0.000008
0.000008
0.000008
0.000008
0.000008
0.000008
0.000008
0.000008
0.000008
0.000008
0.000008
0.000008
0.000007
0.000007
0.000007
0.000007
0.000007
0.000007
0.000007
0.000007
0.000007
0.000007
0.000007
0.000007
0.000007
0.000007
0.000007
0.000007
0.000007
0.000007
0.000007
0.000007
0.000007
0.000007
0.000007
0.000007
0.000007
0.000007
0.000007
0.000006
0.000006
0.000006
0.000006
0.000006
0.000006
0.000006
0.000006
0.000006
0.000006
0.000006
0.000006
0.000006
0.000006
0.000006
0.000006
0.000006
0.000006
0.000006
0.000006
0.000006
0.000006
0.000006
0.000006
0.000006
0.000006
0.000006
0.000006
0.000006
0.000006
0.000006
0.000005
0.000005
0.000005
0.000005
0.000005
0.000005
0.000005
0.000005
0.000005
0.000005
0.000005
0.000005
0.000005
0.000005
0.000005
0.000005
0.000005
0.000005
0.000005
0.000005
0.000005
0.000005
0.000005
0.000005
0.000005
0.000005
0.000005
0.000005
0.000005
0.000005
0.000005
0.000005
0.000005
0.000005
0.000005
0.000005
0.000005
0.000004
0.000004
0.000004
0.000004
0.000004
0.000004
0.000004
0.000004
0.000004
0.000004
0.000004
0.000004
0.000004
0.000004
0.000004
0.000004
0.000004
0.000004
0.000004
0.000004
0.000004
0.000004
0.000004
0.000004
0.000004
0.000004
0.000004
0.000004
0.000004
0.000004
0.000004
0.000004
0.000004
0.000004
0.000004
0.000004
0.000004
0.000004
0.000004
0.000004
0.000004
0.000004
0.000004
0.000004
0.000004
0.000004
0.000004
0.000003
0.000003
0.000003
0.000003
0.000003
0.000003
0.000003
0.000003
0.000003
0.000003
0.000003
0.000003
0.000003
0.000003
0.000003
0.000003
0.000003
0.000003
0.000003
0.000003
0.000003
0.000003
0.000003
0.000003
0.000003
0.000003
0.000003
0.000003
0.000003
0.000003
0.000003
0.000003
0.000003
0.000003
0.000003
0.000003
0.000003
0.000003
0.000003
0.000003
0.000003
0.000003
0.000003
0.000003
0.000003
0.000003
0.000003
0.000003
0.000003
0.000003
0.000003
0.000003
0.000003
0.000003
0.000003
0.000003
0.000003
0.000003
0.000003
0.000003
0.000003
0.000003
0.000003
0.000002
0.000002
0.000002
0.000002
0.000002
0.000002
0.000002
0.000002
0.000002
0.000002
0.000002
0.000002
0.000002
0.000002
0.000002
0.000002
0.000002
0.000002
0.000002
0.000002
0.000002
0.000002
0.000002
0.000002
0.000002
0.000002
0.000002
0.000002
0.000002
0.000002
0.000002
0.000002
0.000002
0.000002
0.000002
0.000002
0.000002
0.000002
0.000002
0.000002
0.000002
0.000002
0.000002
0.000002
0.000002
0.000002
0.000002
0.000002
0.000002
0.000002
0.000002
0.000002
0.000002
0.000002
0.000002
0.000002
0.000002
0.000002
0.000002
0.000002
0.000002
0.000002
0.000002
0.000002
0.000002
0.000002
0.000002
0.000002
0.000002
0.000002
0.000002
0.000002
0.000002
0.000002
0.000002
0.000002
0.000002
0.000002
0.000002
0.000002
0.000002
0.000002
0.000002
0.000002
0.000002
0.000002
0.000002
0.000002
0.000002
0.000002
0.000002
0.000002
0.000002
0.000002
0.000002
0.000002
0.000001
0.000001
0.000001
0.000001
0.000001
0.000001
0.000001
0.000001
0.000001
0.000001
0.000001
0.000001
0.000001
0.000001
0.000001
0.000001
0.000001
0.000001
0.000001
0.000001
0.000001
0.000001
0.000001
0.000001
0.000001
0.000001
0.000001
0.000001
0.000001
0.000001
0.000001
0.000001
0.000001
0.000001
0.000001
0.000001
0.000001
0.000001
0.000001
0.000001
0.000001
0.000001
0.000001
0.000001
0.000001
0.000001
0.000001
0.000001
0.000001
0.000001
0.000001
0.000001
0.000001
0.000001
0.000001
0.000001
0.000001
0.000001
0.000001
0.000001
0.000001
0.000001
0.000001
0.000001
0.000001
0.000001
0.000001
0.000001
0.000001
0.000001
0.000001
0.000001
0.000001
0.000001
0.000001
0.000001
0.000001
0.000001
0.000001
0.000001
0.000001
0.000001
0.000001
0.000001
0.000001
0.000001
0.000001
0.000001
0.000001
0.000001
0.000001
0.000001
0.000001
0.000001
0.000001
0.000001
0.000001
0.000001
0.000001
0.000001
0.000001
0.000001
0.000001
0.000001
0.000001
0.000001
0.000001
0.000001
0.000001
0.000001
0.000001
0.000001
0.000001
0.000001
0.000001
0.000001
0.000001
0.000001
0.000001
0.000001
0.000001
0.000001
0.000001
0.000001
0.000001
0.000001
0.000001
0.000001
0.000001
0.000001
0.000001
0.000001
0.000001
0.000001
0.000001
0.000001
0.000001
0.000001
0.000001
0.000001
0.000001
0.000001
0.000001
0.000001
0.000001
0.000001
0.000001
0.000001
0.000001
0.000001
0.000001
0.000001
0.000001
0.000001
0.000001
0.000001
0.000001
0.000001
0.000001
0.000001
0.000001
0.000001
0.000001
0.000001
0.000001
0.000001
0.000001
0.000001
0.000001
0.000001
0.000001
0.000001
0.000001
0.000001
0.000001
0.000001
0.000001
0.000001
0.000001
0.000001
0.000001
0.000001
0.000001
0.000001
0.000001
0.000001
0.000001
0.000001
0.000001
0.000001
0.000001
0.000001
0.000001
0.000001
0.000001
0.000001
0.000001
0.000001
0.000001
0.000001
0.000001
0.000001
0.000001
0.000001
0.000001
0.000001
0.000000
0.000000
0.000000
0.000000
0.000000
0.000000
0.000000
0.000000
0.000000
0.000000
0.000000
0.000000
0.000000
0.000000
0.000000
0.000000
0.000000
0.000000
0.000000
0.000000
0.000000
0.000000
0.000000
0.000000
0.000000
0.000000
0.000000
0.000000
0.000000
0.000000
0.000000
0.000000
0.000000
0.000000
0.000000
0.000000
0.000000
0.000000
0.000000
0.000000
0.000000
0.000000
0.000000
0.000000
0.000000
0.000000
0.000000
0.000000
0.000000
0.000000
0.000000
0.000000
0.000000
0.000000
0.000000
0.000000
0.000000
0.000000
0.000000
0.000000
0.000000
0.000000
0.000000
0.000000
0.000000
0.000000
0.000000
0.000000
0.000000
0.000000
0.000000
0.000000
0.000000
0.000000
0.000000
0.000000
0.000000
0.000000
0.000000
0.000000
0.000000
0.000000
0.000000
0.000000
0.000000
0.000000
0.000000
0.000000
0.000000
0.000000
0.000000
0.000000
0.000000
0.000000
0.000000
0.000000
0.000000
0.000000
0.000000
0.000000
0.000000
0.000000
0.000000
0.000000
0.000000
0.000000
0.000000
0.000000
0.000000
0.000000
0.000000
0.000000
0.000000
0.000000
0.000000
0.000000
0.000000
0.000000
0.000000
0.000000
0.000000
0.000000
0.000000
0.000000
0.000000
0.000000
0.000000
0.000000
0.000000
0.000000
0.000000
0.000000
0.000000
0.000000
0.000000
0.000000
0.000000
0.000000
0.000000
0.000000
0.000000
0.000000
0.000000
0.000000
0.000000
0.000000
0.000000
0.000000
0.000000
0.000000
0.000000
0.000000
0.000000
0.000000
0.000000
0.000000
0.000000
0.000000
0.000000
0.000000
0.000000
0.000000
0.000000
0.000000
0.000000
0.000000
0.000000
0.000000
0.000000
0.000000
0.000000
0.000000
0.000000
0.000000
0.000000
0.000000
0.000000
0.000000
0.000000
0.000000
0.000000
0.000000
0.000000
0.000000
0.000000
0.000000
0.000000
0.000000
0.000000
0.000000
0.000000
0.000000
0.000000
0.000000
0.000000
0.000000
0.000000
0.000000
0.000000
0.000000
0.000000
0.000000
0.000000
0.000000
0.000000
0.000000
0.000000
0.000000
0.000000
0.000000
0.000000
0.000000
0.000000
0.000000
0.000000
0.000000
0.000000
0.000000
0.000000
0.000000
0.000000
0.000000
0.000000
0.000000
0.000000
0.000000
0.000000
0.000000
0.000000
0.000000
0.000000
0.000000
0.000000
0.000000
0.000000
0.000000
0.000000
0.000000
0.000000
0.000000
0.000000
0.000000
0.000000
0.000000
0.000000
0.000000
0.000000
0.000000
0.000000
0.000000
0.000000
0.000000
0.000000
0.000000
0.000000
0.000000
0.000000
0.000000
0.000000
0.000000
0.000000
0.000000
0.000000
0.000000
0.000000
0.000000
0.000000
0.000000
0.000000
0.000000
0.000000
0.000000
0.000000
0.000000
0.000000
0.000000
0.000000
0.000000
0.000000
0.000000
0.000000
0.000000
0.000000
0.000000
0.000000
0.000000
0.000000
0.000000
0.000000
0.000000
0.000000
0.000000
0.000000
0.000000
0.000000
0.000000
0.000000
0.000000
0.000000
0.000000
0.000000
0.000000
0.000000
0.000000
0.000000
0.000000
0.000000
0.000000
0.000000
0.000000
0.000000
0.000000
0.000000
0.000000
0.000000
0.000000
0.000000
0.000000
0.000000
0.000000
0.000000
0.000000
0.000000
0.000000
0.000000
0.000000
0.000000
0.000000
0.000000
0.000000
0.000000
0.000000
0.000000
0.000000
0.000000
0.000000
0.000000
0.000000
0.000000
0.000000
0.000000
0.000000
0.000000
0.000000
0.000000
0.000000
0.000000
0.000000
0.000000
0.000000
0.000000
0.000000
0.000000
0.000000
0.000000
0.000000
0.000000
0.000000
0.000000
0.000000
0.000000
0.000000
0.000000
0.000000
0.000000
0.000000
0.000000
0.000000
0.000000
0.000000
0.000000
0.000000
0.000000
0.000000
0.000000
0.000000
0.000000
0.000000
0.000000
0.000000
0.000000
0.000000
0.000000
0.000000
0.000000
0.000000
0.000000
0.000000
0.000000
0.000000
0.000000
0.000000
0.000000
0.000000
0.000000
0.000000
0.000000
0.000000
0.000000
0.000000
0.000000
0.000000
0.000000
0.000000
0.000000
0.000000
0.000000
0.000000
0.000000
0.000000
0.000000
0.000000
0.000000
0.000000
0.000000
0.000000
0.000000
0.000000
0.000000
0.000000
0.000000
0.000000
0.000000
0.000000
0.000000
0.000000
0.000000
0.000000
0.000000
0.000000
0.000000
0.000000
0.000000
0.000000
0.000000
0.000000
0.000000
0.000000
0.000000
0.000000
0.000000
0.000000
0.000000
0.000000
0.000000
0.000000
0.000000
0.000000
0.000000
0.000000
0.000000
0.000000
0.000000
0.000000
0.000000
0.000000
0.000000
0.000000
0.000000
0.000000
0.000000
0.000000
0.000000
0.000000
0.000000
0.000000
0.000000
0.000000
0.000000
0.000000
0.000000
0.000000
0.000000
0.000000
0.000000
0.000000
0.000000
0.000000
0.000000
0.000000
0.000000
0.000000
0.000000
0.000000
0.000000
0.000000
0.000000
0.000000
0.000000
0.000000
0.000000
0.000000
0.000000
0.000000
0.000000
0.000000
0.000000
0.000000
0.000000
0.000000
0.000000
0.000000
0.000000
0.000000
0.000000
0.000000
0.000000
0.000000
0.000000
0.000000
0.000000
0.000000
0.000000
0.000000
0.000000
0.000000
0.000000
0.000000
0.000000
0.000000
0.000000
0.000000
0.000000
0.000000
0.000000
0.000000
0.000000
0.000000
0.000000
0.000000
0.000000
0.000000
0.000000
0.000000
0.000000
0.000000
0.000000
0.000000
0.000000
0.000000
0.000000
0.000000
0.000000
0.000000
0.000000
0.000000
0.000000
0.000000
0.000000
0.000000
0.000000
0.000000
0.000000
0.000000
0.000000
0.000000
0.000000
0.000000
0.000000
0.000000
0.000000
0.000000
0.000000
0.000000
0.000000
0.000000
0.000000
0.000000
0.000000
0.000000
0.000000
0.000000
0.000000
0.000000
0.000000
0.000000
0.000000
0.000000
0.000000
0.000000
0.000000
0.000000
0.000000
0.000000
0.000000
0.000000
0.000000
0.000000
0.000000
0.000000
0.000000
0.000000
0.000000
0.000000
0.000000
0.000000
0.000000
0.000000
0.000000
0.000000
0.000000
0.000000
0.000000
0.000000
0.000000
0.000000
0.000000
0.000000
0.000000
0.000000
0.000000
0.000000
0.000000
0.000000
0.000000
0.000000
0.000000
0.000000
0.000000
0.000000
0.000000
0.000000
0.000000
0.000000
0.000000
0.000000
0.000000
0.000000
0.000000
0.000000
0.000000
0.000000
0.000000
0.000000
0.000000
0.000000
0.000000
0.000000
0.000000
0.000000
0.000000
0.000000
0.000000
0.000000
0.000000
0.000000
0.000000
0.000000
0.000000
0.000000
0.000000
0.000000
0.000000
0.000000
0.000000
0.000000
0.000000
0.000000
0.000000
0.000000
0.000000
0.000000
0.000000
0.000000
0.000000
0.000000
0.000000
0.000000
0.000000
0.000000
0.000000
0.000000
0.000000
0.000000
0.000000
0.000000
0.000000
0.000000
0.000000
0.000000
0.000000
0.000000
0.000000
0.000000
0.000000
0.000000
0.000000
0.000000
0.000000
0.000000
0.000000
0.000000
0.000000
0.000000
0.000000
0.000000
0.000000
0.000000
0.000000
0.000000
0.000000
0.000000
0.000000
0.000000
0.000000
0.000000
0.000000
0.000000
0.000000
0.000000
0.000000
0.000000
0.000000
0.000000
0.000000
0.000000
0.000000
0.000000
0.000000
0.000000
0.000000
0.000000
0.000000
0.000000
0.000000
0.000000
0.000000
0.000000
0.000000
0.000000
0.000000
0.000000
0.000000
0.000000
0.000000
0.000000
0.000000
0.000000
0.000000
0.000000
0.000000
0.000000
0.000000
0.000000
0.000000
0.000000
0.000000
0.000000
0.000000
0.000000
0.000000
0.000000
0.000000
0.000000
0.000000
0.000000
0.000000
0.000000
0.000000
0.000000
0.000000
0.000000
0.000000
0.000000
0.000000
0.000000
0.000000
0.000000
0.000000
0.000000
0.000000
0.000000
0.000000
0.000000
0.000000
0.000000
0.000000
0.000000
0.000000
0.000000
0.000000
0.000000
0.000000
0.000000
0.000000
0.000000
0.000000
0.000000
0.000000
0.000000
0.000000
0.000000
0.000000
0.000000
0.000000
0.000000
0.000000
0.000000
0.000000
0.000000
0.000000
0.000000
0.000000
0.000000
0.000000
0.000000
0.000000
0.000000
0.000000
0.000000
0.000000
0.000000
0.000000
0.000000
0.000000
0.000000
0.000000
0.000000
0.000000
0.000000
0.000000
0.000000
0.000000
0.000000
0.000000
0.000000
0.000000
0.000000
0.000000
0.000000
0.000000
0.000000
0.000000
0.000000
0.000000
0.000000
0.000000
0.000000
0.000000
0.000000
0.000000
0.000000
0.000000
0.000000
0.000000
0.000000
0.000000
0.000000
0.000000
0.000000
0.000000
0.000000
0.000000
0.000000
0.000000
0.000000
0.000000
0.000000
0.000000
0.000000
0.000000
0.000000
0.000000
0.000000
0.000000
0.000000
0.000000
0.000000
0.000000
0.000000
0.000000
0.000000
0.000000
0.000000
0.000000
0.000000
0.000000
0.000000
0.000000
0.000000
0.000000
0.000000
0.000000
0.000000
0.000000
0.000000
0.000000
0.000000
0.000000
0.000000
0.000000
0.000000
0.000000
0.000000
0.000000
0.000000
0.000000
0.000000
0.000000
0.000000
0.000000
0.000000
0.000000
0.000000
0.000000
0.000000
0.000000
0.000000
0.000000
0.000000
0.000000
0.000000
0.000000
0.000000
0.000000
0.000000
0.000000
0.000000
0.000000
0.000000
0.000000
0.000000
0.000000
0.000000
0.000000
0.000000
0.000000
0.000000
0.000000
0.000000
0.000000
0.000000
0.000000
0.000000
0.000000
0.000000
0.000000
0.000000
0.000000
0.000000
0.000000
0.000000
0.000000
0.000000
0.000000
0.000000
0.000000
0.000000
0.000000
0.000000
0.000000
0.000000
0.000000
0.000000
0.000000
0.000000
0.000000
0.000000
0.000000
0.000000
0.000000
0.000000
0.000000
0.000000
0.000000
0.000000
0.000000
0.000000
0.000000
0.000000
0.000000
0.000000
0.000000
0.000000
0.000000
0.000000
0.000000
0.000000
0.000000
0.000000
0.000000
0.000000
0.000000
0.000000
0.000000
0.000000
0.000000
0.000000
0.000000
0.000000
0.000000
0.000000
0.000000
0.000000
0.000000
0.000000
0.000000
0.000000
0.000000
0.000000
0.000000
0.000000
0.000000
0.000000
0.000000
0.000000
0.000000
0.000000
0.000000
0.000000
0.000000
0.000000
0.000000
0.000000
0.000000
0.000000
0.000000
0.000000
0.000000
0.000000
0.000000
0.000000
0.000000
0.000000
0.000000
0.000000
0.000000
0.000000
0.000000
0.000000
0.000000
0.000000
0.000000
0.000000
0.000000
0.000000
0.000000
0.000000
0.000000
0.000000
0.000000
0.000000
0.000000
0.000000
0.000000
0.000000
0.000000
0.000000
0.000000
0.000000
0.000000
0.000000
0.000000
0.000000
0.000000
0.000000
0.000000
0.000000
0.000000
0.000000
0.000000
0.000000
0.000000
0.000000
0.000000
0.000000
0.000000
0.000000
0.000000
0.000000
0.000000
0.000000
0.000000
0.000000
0.000000
0.000000
0.000000
0.000000
0.000000
0.000000
0.000000
0.000000
0.000000
0.000000
0.000000
0.000000
0.000000
0.000000
0.000000
0.000000
0.000000
0.000000
0.000000
0.000000
0.000000
0.000000
0.000000
0.000000
0.000000
0.000000
0.000000
0.000000
0.000000
0.000000
0.000000
0.000000
0.000000
0.000000
0.000000
0.000000
0.000000
0.000000
0.000000
0.000000
0.000000
0.000000
0.000000
0.000000
0.000000
0.000000
0.000000
0.000000
0.000000
0.000000
0.000000
0.000000
0.000000
0.000000
0.000000
0.000000
0.000000
0.000000
0.000000
0.000000
0.000000
0.000000
0.000000
0.000000
0.000000
0.000000
0.000000
0.000000
0.000000
0.000000
0.000000
0.000000
0.000000
0.000000
0.000000
0.000000
0.000000
0.000000
0.000000
0.000000
0.000000
0.000000
0.000000
0.000000
0.000000
0.000000
0.000000
0.000000
0.000000
0.000000
0.000000
0.000000
0.000000
0.000000
0.000000
0.000000
0.000000
0.000000
0.000000
0.000000
0.000000
0.000000
0.000000
0.000000
0.000000
0.000000
0.000000
0.000000
0.000000
0.000000
0.000000
0.000000
0.000000
0.000000
0.000000
0.000000
0.000000
0.000000
0.000000
0.000000
0.000000
0.000000
0.000000
0.000000
0.000000
0.000000
0.000000
0.000000
0.000000
0.000000
0.000000
0.000000
0.000000
0.000000
0.000000
0.000000
0.000000
0.000000
0.000000
0.000000
0.000000
0.000000
0.000000
0.000000
0.000000
0.000000
0.000000
0.000000
0.000000
0.000000
0.000000
0.000000
0.000000
0.000000
0.000000
0.000000
0.000000
0.000000
0.000000
0.000000
0.000000
0.000000
0.000000
0.000000
0.000000
0.000000
0.000000
0.000000
0.000000
0.000000
0.000000
0.000000
0.000000
0.000000
0.000000
0.000000
0.000000
0.000000
0.000000
0.000000
0.000000
0.000000
0.000000
0.000000
0.000000
0.000000
0.000000
0.000000
0.000000
0.000000
0.000000
0.000000
0.000000
0.000000
0.000000
0.000000
0.000000
0.000000
0.000000
0.000000
0.000000
0.000000
0.000000
0.000000
0.000000
0.000000
0.000000
0.000000
0.000000
0.000000
0.000000
0.000000
0.000000
0.000000
0.000000
0.000000
0.000000
0.000000
0.000000
0.000000
0.000000
0.000000
0.000000
0.000000
0.000000
0.000000
0.000000
0.000000
0.000000
0.000000
0.000000
0.000000
0.000000
0.000000
0.000000
0.000000
0.000000
0.000000
0.000000
0.000000
0.000000
0.000000
0.000000
0.000000
0.000000
0.000000
0.000000
0.000000
0.000000
0.000000
0.000000
0.000000
0.000000
0.000000
0.000000
0.000000
0.000000
0.000000
0.000000
0.000000
0.000000
0.000000
0.000000
0.000000
0.000000
0.000000
0.000000
0.000000
0.000000
0.000000
0.000000
0.000000
0.000000
0.000000
0.000000
0.000000
0.000000
0.000000
0.000000
0.000000
0.000000
0.000000
0.000000
0.000000
0.000000
0.000000
0.000000
0.000000
0.000000
0.000000
0.000000
0.000000
0.000000
0.000000
0.000000
0.000000
0.000000
0.000000
0.000000
0.000000
0.000000
0.000000
0.000000
0.000000
0.000000
0.000000
0.000000
0.000000
0.000000
0.000000
0.000000
0.000000
0.000000
0.000000
0.000000
0.000000
0.000000
0.000000
0.000000
0.000000
0.000000
0.000000
0.000000
0.000000
0.000000
0.000000
0.000000
0.000000
0.000000
0.000000
0.000000
0.000000
0.000000
0.000000
0.000000
0.000000
0.000000
0.000000
0.000000
0.000000
0.000000
0.000000
0.000000
0.000000
0.000000
0.000000
0.000000
0.000000
0.000000
0.000000
0.000000
0.000000
0.000000
0.000000
0.000000
0.000000
0.000000
0.000000
0.000000
0.000000
0.000000
0.000000
0.000000
0.000000
0.000000
0.000000
0.000000
0.000000
0.000000
0.000000
0.000000
0.000000
0.000000
0.000000
0.000000
0.000000
0.000000
0.000000
0.000000
0.000000
0.000000
0.000000
0.000000
0.000000
0.000000
0.000000
0.000000
0.000000
0.000000
0.000000
0.000000
0.000000
0.000000
0.000000
0.000000
0.000000
0.000000
0.000000
0.000000
0.000000
0.000000
0.000000
0.000000
0.000000
0.000000
0.000000
0.000000
0.000000
0.000000
0.000000
0.000000
0.000000
0.000000
0.000000
0.000000
0.000000
0.000000
0.000000
0.000000
0.000000
0.000000
0.000000
0.000000
0.000000
0.000000
0.000000
0.000000
0.000000
0.000000
0.000000
0.000000
0.000000
0.000000
0.000000
0.000000
0.000000
0.000000
0.000000
0.000000
0.000000
0.000000
0.000000
0.000000
0.000000
0.000000
0.000000
0.000000
0.000000
0.000000
0.000000
0.000000
0.000000
0.000000
0.000000
0.000000
0.000000
0.000000
0.000000
0.000000
0.000000
0.000000
0.000000
0.000000
0.000000
0.000000
0.000000
0.000000
0.000000
0.000000
0.000000
0.000000
0.000000
0.000000
0.000000
0.000000
0.000000
0.000000
0.000000
0.000000
0.000000
0.000000
0.000000
0.000000
0.000000
0.000000
0.000000
0.000000
0.000000
0.000000
0.000000
0.000000
0.000000
0.000000
0.000000
0.000000
0.000000
0.000000
0.000000
0.000000
0.000000
0.000000
0.000000
0.000000
0.000000
0.000000
0.000000
0.000000
0.000000
0.000000
0.000000
0.000000
0.000000
0.000000
0.000000
0.000000
0.000000
0.000000
0.000000
0.000000
0.000000
0.000000
0.000000
0.000000
0.000000
0.000000
0.000000
0.000000
0.000000
0.000000
0.000000
0.000000
0.000000
0.000000
0.000000
0.000000
0.000000
0.000000
0.000000
0.000000
0.000000
0.000000
0.000000
0.000000
0.000000
0.000000
0.000000
0.000000
0.000000
0.000000
0.000000
0.000000
0.000000
0.000000
0.000000
0.000000
0.000000
0.000000
0.000000
0.000000
0.000000
0.000000
0.000000
0.000000
0.000000
0.000000
0.000000
0.000000
0.000000
0.000000
0.000000
0.000000
0.000000
0.000000
0.000000
0.000000
0.000000
0.000000
0.000000
0.000000
0.000000
0.000000
0.000000
0.000000
0.000000
0.000000
0.000000
0.000000
0.000000
0.000000
0.000000
0.000000
0.000000
0.000000
0.000000
0.000000
0.000000
0.000000
0.000000
0.000000
0.000000
0.000000
0.000000
0.000000
0.000000
0.000000
0.000000
0.000000
0.000000
0.000000
0.000000
0.000000
0.000000
0.000000
0.000000
0.000000
0.000000
0.000000
0.000000
0.000000
0.000000
0.000000
0.000000
0.000000
0.000000
0.000000
0.000000
0.000000
0.000000
0.000000
0.000000
0.000000
0.000000
0.000000
0.000000
0.000000
0.000000
0.000000
0.000000
0.000000
0.000000
0.000000
0.000000
0.000000
0.000000
0.000000
0.000000
0.000000
0.000000
0.000000
0.000000
0.000000
0.000000
0.000000
0.000000
0.000000
0.000000
0.000000
0.000000
0.000000
0.000000
0.000000
0.000000
0.000000
0.000000
0.000000
0.000000
0.000000
0.000000
0.000000
0.000000
0.000000
0.000000
0.000000
0.000000
0.000000
0.000000
0.000000
0.000000
0.000000
0.000000
0.000000
0.000000
0.000000
0.000000
0.000000
0.000000
0.000000
0.000000
0.000000
0.000000
0.000000
0.000000
0.000000
0.000000
0.000000
0.000000
0.000000
0.000000
0.000000
0.000000
0.000000
0.000000
0.000000
0.000000
0.000000
0.000000
0.000000
0.000000
0.000000
0.000000
0.000000
0.000000
0.000000
0.000000
0.000000
0.000000
0.000000
0.000000
0.000000
0.000000
0.000000
0.000000
0.000000
0.000000
0.000000
0.000000
0.000000
0.000000
0.000000
0.000000
0.000000
0.000000
0.000000
0.000000
0.000000
0.000000
0.000000
0.000000
0.000000
0.000000
0.000000
0.000000
0.000000
0.000000
0.000000
0.000000
0.000000
0.000000
0.000000
0.000000
0.000000
0.000000
0.000000
0.000000
0.000000
0.000000
0.000000
0.000000
0.000000
0.000000
0.000000
0.000000
0.000000
0.000000
0.000000
0.000000
0.000000
0.000000
0.000000
0.000000
0.000000
0.000000
0.000000
0.000000
0.000000
0.000000
0.000000
0.000000
0.000000
0.000000
0.000000
0.000000
0.000000
0.000000
0.000000
0.000000
0.000000
0.000000
0.000000
0.000000
0.000000
0.000000
0.000000
0.000000
0.000000
0.000000
0.000000
0.000000
0.000000
0.000000
0.000000
0.000000
0.000000
0.000000
0.000000
0.000000
0.000000
0.000000
0.000000
0.000000
0.000000
0.000000
0.000000
0.000000
0.000000
0.000000
0.000000
0.000000
0.000000
0.000000
0.000000
0.000000
0.000000
0.000000
0.000000
0.000000
0.000000
0.000000
0.000000
0.000000
0.000000
0.000000
0.000000
0.000000
0.000000
0.000000
0.000000
0.000000
0.000000
0.000000
0.000000
0.000000
0.000000
0.000000
0.000000
0.000000
0.000000
0.000000
0.000000
0.000000
0.000000
0.000000
0.000000
0.000000
0.000000
0.000000
0.000000
0.000000
0.000000
0.000000
0.000000
0.000000
0.000000
0.000000
0.000000
0.000000
0.000000
0.000000
0.000000
0.000000
0.000000
0.000000
0.000000
0.000000
0.000000
0.000000
0.000000
0.000000
0.000000
0.000000
0.000000
0.000000
0.000000
0.000000
0.000000
0.000000
0.000000
0.000000
0.000000
0.000000
0.000000
0.000000
0.000000
0.000000
0.000000
0.000000
0.000000
0.000000
0.000000
0.000000
0.000000
0.000000
0.000000
0.000000
0.000000
0.000000
0.000000
0.000000
0.000000
0.000000
0.000000
0.000000
0.000000
0.000000
0.000000
0.000000
0.000000
0.000000
0.000000
0.000000
0.000000
0.000000
0.000000
0.000000
0.000000
0.000000
0.000000
0.000000
0.000000
0.000000
0.000000
0.000000
0.000000
0.000000
0.000000
0.000000
0.000000
0.000000
0.000000
0.000000
0.000000
0.000000
0.000000
0.000000
0.000000
0.000000
0.000000
0.000000
0.000000
0.000000
0.000000
0.000000
0.000000
0.000000
0.000000
0.000000
0.000000
0.000000
0.000000
0.000000
0.000000
0.000000
0.000000
0.000000
0.000000
0.000000
0.000000
0.000000
0.000000
0.000000
0.000000
0.000000
0.000000
0.000000
0.000000
0.000000
0.000000
0.000000
0.000000
0.000000
0.000000
0.000000
0.000000
0.000000
0.000000
0.000000
0.000000
0.000000
0.000000
0.000000
0.000000
0.000000
0.000000
0.000000
0.000000
0.000000
0.000000
0.000000
0.000000
0.000000
0.000000
0.000000
0.000000
0.000000
0.000000
0.000000
0.000000
0.000000
0.000000
0.000000
0.000000
0.000000
0.000000
0.000000
0.000000
0.000000
0.000000
0.000000
0.000000
0.000000
0.000000
0.000000
0.000000
0.000000
0.000000
0.000000
0.000000
0.000000
0.000000
0.000000
0.000000
0.000000
0.000000
0.000000
0.000000
0.000000
0.000000
0.000000
0.000000
0.000000
0.000000
0.000000
0.000000
0.000000
0.000000
0.000000
0.000000
0.000000
0.000000
0.000000
0.000000
0.000000
0.000000
0.000000
0.000000
0.000000
0.000000
0.000000
0.000000
0.000000
0.000000
0.000000
0.000000
0.000000
0.000000
0.000000
0.000000
0.000000
0.000000
0.000000
0.000000
0.000000
0.000000
0.000000
0.000000
0.000000
0.000000
0.000000
0.000000
0.000000
0.000000
0.000000
0.000000
0.000000
0.000000
0.000000
0.000000
0.000000
0.000000
0.000000
0.000000
