678489986867614.000000
1226906437.688798
292647657.211712
290586114.153727
288540894.314836
286510603.676793
284495129.828829
282494361.230589
280508187.203495
278536497.923939
276579184.416526
274636138.547393
272707253.017567
270792421.356382
268891537.914913
267004497.859541
265131197.165490
263271532.610452
261425401.768273
259592703.002667
257773335.460994
255967199.068069
254174194.520066
252394223.278424
250627187.563791
248872990.350099
247131535.358584
245402727.051939
243686470.628440
241982672.016178
240291237.867321
238612075.552377
236945093.154612
235290199.464373
233647303.973544
232016316.870059
230397149.032403
228789712.024175
227193918.088728
225609680.143804
224036911.776228
222475527.236698
220925441.434506
219386569.932394
217858828.941448
216342135.315937
214836406.548347
213341560.764295
211857516.717623
210384193.785414
208921511.963132
207469391.859756
206027754.692982
204596522.284443
203175617.054955
201764962.019849
200364480.784282
198974097.538630
197593737.053896
196223324.677159
194862786.327067
193512048.489346
192171038.212360
190839683.102735
189517911.320944
188205651.576981
186902833.126098
185609385.764476
184325239.825040
183050326.173234
181784576.202868
180527921.831983
179280295.498739
178041630.157356
176811859.274102
175590916.823230
174378737.283088
173175255.632097
171980407.344918
170794128.388513
169616355.218353
168447024.774552
167286074.478127
166133442.227216
164989066.393361
163852885.817813
162724839.807868
161604868.133230
160492911.022407
159388909.159116
158292803.678750
157204536.164859
156124048.645638
155051283.590474
153986183.906502
152928692.935199
151878754.448993
150836312.647912
149801312.156240
148773698.019233
147753415.699838
146740411.075419
145734630.434552
144736020.473813
143744528.294630
142760101.400085
141782687.691826
140812235.466971
139848693.414988
138892010.614715
137942136.531257
136999021.013043
136062614.288799
135132866.964652
134209730.021133
133293154.810306
132383093.052881
131479496.835341
130582318.607113
129691511.177732
128807027.714060
127928821.737521
127056847.121328
126191058.087772
125331409.205503
124477855.386850
123630351.885157
122788854.292140
121953318.535242
121123700.875077
120299957.902792
119482046.537563
118669924.023998
117863547.929668
117062876.142566
116267866.868651
115478478.629375
114694670.259244
113916400.903391
113143630.015177
112376317.353817
111614422.981988
110857907.263500
110106730.860975
109360854.733513
108620240.134419
107884848.608927
107154641.991938
106429582.405779
105709632.258003
104994754.239152
104284911.320607
103580066.752398
102880184.061062
102185227.047498
101495159.784861
100809946.616462
100129552.153677
99453941.273874
98783079.118381
98116931.090436
97455462.853166
96798640.327594
96146429.690645
95498797.373173
94855710.058011
94217134.678022
93583038.414182
92953388.693663
92328153.187941
91707299.810912
91090796.717027
90478612.299451
89870715.188205
89267074.248367
88667658.578246
88072437.507608
87481380.595873
86894457.630371
86311638.624566
85732893.816355
85158193.666307
84587508.855966
84020810.286165
83458069.075329
82899256.557802
82344344.282203
81793304.009770
81246107.712727
80702727.572682
80163135.978994
79627305.527211
79095209.017458
78566819.452895
78042110.038135
77521054.177726
77003625.474602
76489797.728564
75979544.934775
75472841.282274
74969661.152470
74469979.117684
73973769.939688
73481008.568244
72991670.139675
72505729.975438
72023163.580702
71543946.642947
71068055.030567
70595464.791490
70126152.151800
69660093.514388
69197265.457588
68737644.733831
68281208.268342
67827933.157789
67377796.668994
66930776.237633
66486849.466930
66045994.126402
65608188.150573
65173409.637716
64741636.848617
64312848.205322
63887022.289914
63464137.843290
63044173.763953
62627109.106805
62212923.081970
61801595.053589
61393104.538669
60987431.205904
60584554.874523
60184455.513146
59787113.238656
59392508.315053
59000621.152346
58611432.305433
58224922.473016
57841072.496491
57459863.358866
57081276.183697
56705292.234000
56331892.911206
55961059.754103
55592774.437801
55227018.772678
54863774.703374
54503024.307760
54144749.795929
53788933.509194
53435557.919086
53084605.626379
52736059.360095
52389901.976541
52046116.458347
51704685.913486
51365593.574358
51028822.796822
50694357.059267
50362179.961684
50032275.224751
49704626.688914
49379218.313466
49056034.175685
48735058.469899
48416275.506623
48099669.711685
47785225.625332
47472927.901384
47162761.306373
46854710.718673
46548761.127682
46244897.632960
45943105.443412
45643369.876451
45345676.357188
45050010.417606
44756357.695776
44464703.935024
44175034.983165
43887336.791700
43601595.415039
43317797.009719
43035927.833648
42755974.245316
42477922.703064
42201759.764314
41927472.084825
41655046.417958
41384469.613937
41115728.619118
40848810.475265
40583702.318837
40320391.380274
40058864.983277
39799110.544130
39541115.570984
39284867.663169
39030354.510521
38777563.892680
38526483.678436
38277101.825051
38029406.377587
37783385.468262
37539027.315775
37296320.224676
37055252.584714
36815812.870190
36577989.639335
36341771.533671
36107147.277392
35874105.676735
35642635.619383
35412726.073831
35184366.088799
34957544.792621
34732251.392648
34508475.174659
34286205.502279
34065431.816388
33846143.634538
33628330.550394
33411982.233151
33197088.426979
32983638.950454
32771623.696003
32561032.629356
32351855.788993
32144083.285604
31937705.301542
31732712.090301
31529093.975975
31326841.352723
31125944.684263
30926394.503343
30728181.411226
30531296.077179
30335729.237967
30141471.697349
29948514.325578
29756848.058899
29566463.899072
29377352.912864
29189506.231589
29002915.050595
28817570.628821
28633464.288295
28450587.413683
28268931.451811
28088487.911210
27909248.361655
27731204.433704
27554347.818250
27378670.266077
27204163.587405
27030819.651448
26858630.385991
26687587.776932
26517683.867873
26348910.759671
26181260.610026
26014725.633050
25849298.098861
25684970.333151
25521734.716784
25359583.685388
25198509.728936
25038505.391362
24879563.270142
24721676.015910
24564836.332057
24409036.974345
24254270.750513
24100530.519898
23947809.193051
23796099.731352
23645395.146643
23495688.500849
23346972.905606
23199241.521898
23052487.559689
22906704.277559
22761884.982352
22618023.028807
22475111.819215
22333144.803063
22192115.476683
22052017.382912
21912844.110745
21774589.294991
21637246.615942
21500809.799029
21365272.614498
21230628.877073
21096872.445628
20963997.222865
20831997.154987
20700866.231380
20570598.484298
20441187.988533
20312628.861123
20184915.261019
20058041.388796
19932001.486335
19806789.836514
19682400.762924
19558828.629553
19436067.840498
19314112.839662
19192958.110473
19072598.175580
18953027.596577
18834240.973711
18716232.945590
18598998.188920
18482531.418210
18366827.385498
18251880.880080
18137686.728228
18024239.792930
17911534.973609
17799567.205867
17688331.461208
17577822.746784
17468036.105133
17358966.613912
17250609.385648
17142959.567480
17036012.340904
16929762.921520
16824206.558789
16719338.535779
16615154.168923
16511648.807769
16408817.834744
16306656.664913
16205160.745738
16104325.556839
16004146.609769
15904619.447764
15805739.645529
15707502.808997
15609904.575106
15512940.611571
15416606.616657
15320898.318963
15225811.477189
15131341.879936
15037485.345462
14944237.721490
14851594.884976
14759552.741907
14668107.227085
14577254.303913
14486989.964197
14397310.227930
14308211.143090
14219688.785438
14131739.258314
14044358.692437
13957543.245703
13871289.102993
13785592.475973
13700449.602900
13615856.748429
13531810.203421
13448306.284755
13365341.335133
13282911.722898
13201013.841850
13119644.111051
13038798.974654
12958474.901713
12878668.386004
12799375.945850
12720594.123934
12642319.487133
12564548.626337
12487278.156274
12410504.715340
12334224.965428
12258435.591756
12183133.302698
12108314.829618
12033976.926705
11960116.370802
11886729.961251
11813814.519724
11741366.890056
11669383.938107
11597862.551575
11526799.639855
11456192.133880
11386036.985964
11316331.169645
11247071.679539
11178255.531179
11109879.760872
11041941.425543
10974437.602590
10907365.389739
10840721.904889
10774504.285974
10708709.690819
10643335.296991
10578378.301659
10513835.921458
10449705.392341
10385983.969449
10322668.926959
10259757.557968
10197247.174334
10135135.106559
10073418.703646
10012095.332966
9951162.380133
9890617.248864
9830457.360855
9770680.155649
9711283.090511
9652263.640300
9593619.297336
9535347.571287
9477445.989035
9419912.094556
9362743.448796
9305937.629554
9249492.231356
9193404.865335
9137673.159119
9082294.756704
9027267.318340
8972588.520422
8918256.055362
8864267.631483
8810620.972903
8757313.819423
8704343.926408
8651709.064691
8599407.020446
8547435.595088
8495792.605162
8444475.882234
8393483.272785
8342812.638103
8292461.854181
8242428.811610
8192711.415468
8143307.585230
8094215.254658
8045432.371697
7996956.898378
7948786.810720
7900920.098619
7853354.765764
7806088.829530
7759120.320882
7712447.284280
7666067.777579
7619979.871940
7574181.651733
7528671.214437
7483446.670557
7438506.143524
7393847.769608
7349469.697821
7305370.089833
7261547.119879
7217998.974670
7174723.853303
7131719.967179
7088985.539907
7046518.807222
7004318.016905
6962381.428686
6920707.314166
6879293.956732
6838139.651478
6797242.705112
6756601.435884
6716214.173495
6676079.259026
6636195.044848
6596559.894552
6557172.182859
6518030.295548
6479132.629380
6440477.592014
6402063.601931
6363889.088365
6325952.491216
6288252.260985
6250786.858693
6213554.755808
6176554.434172
6139784.385928
6103243.113449
6066929.129258
6030840.955971
5994977.126211
5959336.182546
5923916.677417
5888717.173068
5853736.241479
5818972.464296
5784424.432760
5750090.747645
5715970.019190
5682060.867028
5648361.920124
5614871.816710
5581589.204217
5548512.739212
5515641.087334
5482972.923232
5450506.930497
5418241.801601
5386176.237841
5354308.949268
5322638.654631
5291164.081313
5259883.965277
5228797.050995
5197902.091399
5167197.847815
5136683.089909
5106356.595623
5076217.151123
5046263.550738
5016494.596904
4986909.100106
4957505.878825
4928283.759478
4899241.576367
4870378.171618
4841692.395133
4813183.104532
4784849.165096
4756689.449726
4728702.838873
4700888.220496
4673244.490008
4645770.550225
4618465.311308
4591327.690721
4564356.613172
4537551.010570
4510909.821969
4484431.993520
4458116.478424
4431962.236878
4405968.236032
4380133.449937
4354456.859499
4328937.452429
4303574.223196
4278366.172985
4253312.309646
4228411.647643
4203663.208020
4179066.018345
4154619.112670
4130321.531486
4106172.321672
4082170.536460
4058315.235386
4034605.484246
4011040.355054
3987618.925999
3964340.281400
3941203.511667
3918207.713259
3895351.988635
3872635.446225
3850057.200375
3827616.371316
3805312.085120
3783143.473660
3761109.674569
3739209.831199
3717443.092588
3695808.613412
3674305.553952
3652933.080054
3631690.363089
3610576.579916
3589590.912845
3568732.549599
3548000.683277
3527394.512315
3506913.240450
3486556.076687
3466322.235258
3446210.935587
3426221.402259
3406352.864976
3386604.558530
3366975.722763
3347465.602533
3328073.447683
3308798.513004
3289640.058198
3270597.347851
3251669.651394
3232856.243072
3214156.401911
3195569.411685
3177094.560883
3158731.142678
3140478.454893
3122335.799970
3104302.484938
3086377.821385
3068561.125421
3050851.717649
3033248.923137
3015752.071388
2998360.496302
2981073.536155
2963890.533563
2946810.835457
2929833.793049
2912958.761808
2896185.101423
2879512.175784
2862939.352945
2846466.005100
2830091.508555
2813815.243697
2797636.594969
2781554.950840
2765569.703781
2749680.250233
2733885.990584
2718186.329140
2702580.674099
2687068.437526
2671649.035322
2656321.887204
2641086.416675
2625942.050999
2610888.221177
2595924.361918
2581049.911621
2566264.312339
2551567.009764
2536957.453200
2522435.095534
2507999.393216
2493649.806235
2479385.798092
2465206.835777
2451112.389749
2437101.933909
2423174.945577
2409330.905467
2395569.297671
2381889.609626
2368291.332103
2354773.959172
2341336.988190
2327979.919775
2314702.257779
2301503.509277
2288383.184534
2275340.796992
2262375.863242
2249487.903008
2236676.439124
2223940.997510
2211281.107157
2198696.300100
2186186.111404
2173750.079136
2161387.744353
2149098.651077
2136882.346272
2124738.379833
2112666.304560
2100665.676137
2088736.053118
2076876.996906
2065088.071729
2053368.844629
2041718.885436
2030137.766754
2018625.063941
2007180.355088
1995803.221004
1984493.245196
1973250.013853
1962073.115825
1950962.142607
1939916.688320
1928936.349696
1918020.726058
1907169.419303
1896382.033885
1885658.176798
1874997.457561
1864399.488196
1853863.883216
1843390.259608
1832978.236812
1822627.436712
1812337.483610
1802108.004222
1791938.627648
1781828.985370
1771778.711223
1761787.441391
1751854.814382
1741980.471020
1732164.054423
1722405.209992
1712703.585394
1703058.830548
1693470.597610
1683938.540955
1674462.317167
1665041.585022
1655676.005472
1646365.241632
1637108.958768
1627906.824277
1618758.507678
1609663.680595
1600622.016746
1591633.191923
1582696.883987
1573812.772846
1564980.540447
1556199.870760
1547470.449765
1538791.965437
1530164.107738
1521586.568596
1513059.041901
1504581.223483
1496152.811106
1487773.504451
1479443.005107
1471161.016553
1462927.244153
1454741.395135
1446603.178586
1438512.305435
1430468.488445
1422471.442195
1414520.883073
1406616.529264
1398758.100733
1390945.319221
1383177.908225
1375455.592994
1367778.100512
1360145.159489
1352556.500348
1345011.855219
1337510.957918
1330053.543946
1322639.350470
1315268.116318
1307939.581966
1300653.489522
1293409.582726
1286207.606930
1279047.309089
1271928.437757
1264850.743067
1257813.976727
1250817.892008
1243862.243734
1236946.788269
1230071.283513
1223235.488884
1216439.165316
1209682.075244
1202963.982595
1196284.652778
1189643.852677
1183041.350638
1176476.916461
1169950.321390
1163461.338104
1157009.740708
1150595.304723
1144217.807075
1137877.026090
1131572.741480
1125304.734340
1119072.787131
1112876.683680
1106716.209162
1100591.150099
1094501.294346
1088446.431087
1082426.350822
1076440.845357
1070489.707803
1064572.732561
1058689.715317
1052840.453030
1047024.743926
1041242.387492
1035493.184465
1029776.936822
1024093.447776
1018442.521766
1012823.964451
1007237.582696
1001683.184573
996160.579346
990669.577467
985209.990567
979781.631449
974384.314078
969017.853578
963682.066221
958376.769419
953101.781721
947856.922800
942642.013449
937456.875574
932301.332186
927175.207393
922078.326394
917010.515472
911971.601987
906961.414366
901979.782102
897026.535743
892101.506885
887204.528168
882335.433266
877494.056882
872680.234743
867893.803589
863134.601172
858402.466243
853697.238553
849018.758841
844366.868828
839741.411214
835142.229668
830569.168826
826022.074278
821500.792571
817005.171195
812535.058580
808090.304091
803670.758020
799276.271580
794906.696902
790561.887026
786241.695895
781945.978353
777674.590135
773427.387863
769204.229039
765004.972044
760829.476126
756677.601398
752549.208832
748444.160255
744362.318339
740303.546600
736267.709390
732254.671896
728264.300127
724296.460915
720351.021909
716427.851567
712526.819153
708647.794732
704790.649162
700955.254094
697141.481961
693349.205980
689578.300140
685828.639201
682100.098687
678392.554885
674705.884837
671039.966333
667394.677911
663769.898850
660165.509167
656581.389607
653017.421645
649473.487478
645949.470020
642445.252900
638960.720454
635495.757722
632050.250447
628624.085063
625217.148699
621829.329168
618460.514965
615110.595265
611779.459915
608466.999432
605173.104997
601897.668454
598640.582301
595401.739690
592181.034422
588978.360940
585793.614330
582626.690313
579477.485241
576345.896095
573231.820481
570135.156624
567055.803366
563993.660161
560948.627071
557920.604764
554909.494509
551915.198170
548937.618206
545976.657665
543032.220182
540104.209972
537192.531831
534297.091127
531417.793802
528554.546365
525707.255887
522875.830001
520060.176898
517260.205322
514475.824564
511706.944467
508953.475412
506215.328323
503492.414658
500784.646410
498091.936101
495414.196778
492751.342013
490103.285895
487469.943033
484851.228546
482247.058064
479657.347724
477082.014168
474520.974536
471974.146466
469441.448091
466922.798035
464418.115409
461927.319810
459450.331316
456987.070487
454537.458354
452101.416424
449678.866674
447269.731548
444873.933953
442491.397259
440122.045292
437765.802337
435422.593128
433092.342851
430774.977139
428470.422069
426178.604159
423899.450367
421632.888085
419378.845140
417137.249790
414908.030719
412691.117038
410486.438281
408293.924399
406113.505764
403945.113160
401788.677786
399644.131249
397511.405563
395390.433145
393281.146819
391183.479805
389097.365719
387022.738574
384959.532776
382907.683118
380867.124782
378837.793335
376819.624726
374812.555285
372816.521719
370831.461110
368857.310916
366894.008962
364941.493445
362999.702926
361068.576332
359148.052950
357238.072428
355338.574769
353449.500335
351570.789838
349702.384342
347844.225258
345996.254346
344158.413709
342330.645791
340512.893379
338705.099595
336907.207899
335119.162084
333340.906276
331572.384928
329813.542823
328064.325070
326324.677100
324594.544667
322873.873845
321162.611024
319460.702911
317768.096529
316084.739209
314410.578594
312745.562635
311089.639591
309442.758022
307804.866793
306175.915069
304555.852314
302944.628288
301342.193047
299748.496941
298163.490611
296587.124987
295019.351288
293460.121019
291909.385969
290367.098211
288833.210098
287307.674262
285790.443613
284281.471339
282780.710899
281288.116026
279803.640724
278327.239265
276858.866192
275398.476309
273946.024689
272501.466666
271064.757833
269635.854045
268214.711416
266801.286313
265395.535360
263997.415435
262606.883665
261223.897431
259848.414359
258480.392325
257119.789448
255766.564094
254420.674869
253082.080623
251750.740445
250426.613659
249109.659832
247799.838760
246497.110478
245201.435250
243912.773575
242631.086177
241356.334013
240088.478264
238827.480339
237573.301868
236325.904706
235085.250931
233851.302837
232624.022942
231403.373978
230189.318893
228981.820854
227780.843236
226586.349630
225398.303839
224216.669872
223041.411949
221872.494497
220709.882150
219553.539745
218403.432322
217259.525126
216121.783602
214990.173393
213864.660344
212745.210494
211631.790081
210524.365537
209422.903489
208327.370754
207237.734344
206153.961460
205076.019491
204003.876017
202937.498803
201876.855801
200821.915146
199772.645159
198729.014343
197690.991381
196658.545139
195631.644660
194610.259166
193594.358057
192583.910909
191578.887471
190579.257670
189584.991601
188596.059536
187612.431914
186634.079346
185660.972611
184693.082657
183730.380597
182772.837712
181820.425446
180873.115409
179930.879371
178993.689267
178061.517192
177134.335399
176212.116303
175294.832475
174382.456645
173474.961698
172572.320674
171674.506769
170781.493330
169893.253860
169009.762010
168130.991584
167256.916535
166387.510966
165522.749126
164662.605413
163807.054371
162956.070690
162109.629202
161267.704885
160430.272861
159597.308390
158768.786878
157944.683867
157124.975041
156309.636223
155498.643371
154691.972584
153889.600094
153091.502270
152297.655615
151508.036767
150722.622495
149941.389703
149164.315422
148391.376819
147622.551188
146857.815952
146097.148662
145340.526999
144587.928769
143839.331905
143094.714464
142354.054628
141617.330705
140884.521124
140155.604436
139430.559316
138709.364558
137991.999078
137278.441908
136568.672205
135862.669237
135160.412396
134461.881186
133767.055230
133075.914265
132388.438143
131704.606830
131024.400406
130347.799062
129674.783104
129005.332946
128339.429116
127677.052250
127018.183093
126362.802501
125710.891436
125062.430970
124417.402278
123775.786645
123137.565461
122502.720219
121871.232518
121243.084061
120618.256653
119996.732203
119378.492721
118763.520318
118151.797207
117543.305702
116938.028213
116335.947253
115737.045430
115141.305454
114548.710128
113959.242355
113372.885133
112789.621554
112209.434808
111632.308178
111058.225040
110487.168865
109919.123217
109354.071751
108791.998214
108232.886445
107676.720373
107123.484018
106573.161490
106025.736985
105481.194792
104939.519286
104400.694928
103864.706269
103331.537944
102801.174677
102273.601276
101748.802632
101226.763724
100707.469613
100190.905445
99677.056448
99165.907933
98657.445292
98151.654001
97648.519617
97148.027774
96650.164191
96154.914665
95662.265071
95172.201364
94684.709577
94199.775823
93717.386290
93237.527243
92760.185026
92285.346057
91812.996831
91343.123916
90875.713959
90410.753677
89948.229864
89488.129387
89030.439184
88575.146270
88122.237727
87671.700713
87223.522456
86777.690255
86334.191480
85893.013571
85454.144037
85017.570459
84583.280484
84151.261828
83721.502278
83293.989687
82868.711974
82445.657127
82024.813201
81606.168316
81189.710659
80775.428481
80363.310099
79953.343895
79545.518317
79139.821873
78736.243138
78334.770749
77935.393407
77538.099874
77142.878975
76749.719598
76358.610691
75969.541262
75582.500384
75197.477186
74814.460859
74433.440655
74054.405883
73677.345913
73302.250172
72929.108147
72557.909383
72188.643481
71821.300101
71455.868960
71092.339832
70730.702546
70370.946988
70013.063100
69657.040879
69302.870378
68950.541704
68600.045019
68251.370538
67904.508532
67559.449324
67216.183290
66874.700862
66534.992520
66197.048800
65860.860289
65526.417626
65193.711500
64862.732653
64533.471877
64205.920016
63880.067963
63555.906660
63233.427101
62912.620329
62593.477435
62275.989560
61960.147893
61645.943672
61333.368183
61022.412758
60713.068780
60405.327676
60099.180923
59794.620041
59491.636600
59190.222214
58890.368545
58592.067298
58295.310226
58000.089125
57706.395837
57414.222249
57123.560292
56834.401941
56546.739215
56260.564176
55975.868932
55692.645631
55410.886465
55130.583669
54851.729521
54574.316339
54298.336486
54023.782364
53750.646419
53478.921136
53208.599041
52939.672703
52672.134731
52405.977771
52141.194514
51877.777687
51615.720059
51355.014438
51095.653670
50837.630641
50580.938275
50325.569536
50071.517426
49818.774982
49567.335284
49317.191446
49068.336620
48820.763997
48574.466803
48329.438302
48085.671795
47843.160617
47601.898143
47361.877781
47123.092975
46885.537207
46649.203992
46414.086882
46180.179461
45947.475352
45715.968209
45485.651723
45256.519618
45028.565652
44801.783618
44576.167340
44351.710678
44128.407525
43906.251807
43685.237481
43465.358539
43246.609006
43028.982936
42812.474419
42597.077575
42382.786557
42169.595547
41957.498762
41746.490447
41536.564882
41327.716374
41119.939263
40913.227919
40707.576742
40502.980164
40299.432645
40096.928676
39895.462777
39695.029500
39495.623422
39297.239154
39099.871332
38903.514625
38708.163727
38513.813362
38320.458285
38128.093274
37936.713141
37746.312721
37556.886880
37368.430511
37180.938533
36994.405894
36808.827569
36624.198560
36440.513895
36257.768630
36075.957847
35895.076655
35715.120187
35536.083607
35357.962099
35180.750879
35004.445183
34829.040277
34654.531450
34480.914017
34308.183319
34136.334721
33965.363612
33795.265409
33626.035549
33457.669498
33290.162744
33123.510799
32957.709200
32792.753508
32628.639307
32465.362205
32302.917833
32141.301847
31980.509926
31820.537770
31661.381104
31503.035676
31345.497256
31188.761637
31032.824633
30877.682084
30723.329849
30569.763810
30416.979872
30264.973960
30113.742024
29963.280032
29813.583975
29664.649867
29516.473741
29369.051652
29222.379678
29076.453914
28931.270479
28786.825511
28643.115171
28500.135638
28357.883112
28216.353814
28075.543985
27935.449885
27796.067796
27657.394018
27519.424870
27382.156694
27245.585849
27109.708713
26974.521685
26840.021182
26706.203641
26573.065516
26440.603283
26308.813434
26177.692481
26047.236955
25917.443404
25788.308396
25659.828515
25532.000367
25404.820571
25278.285768
25152.392616
25027.137789
24902.517980
24778.529901
24655.170279
24532.435860
24410.323405
24288.829696
24167.951529
24047.685718
23928.029094
23808.978505
23690.530814
23572.682905
23455.431672
23338.774032
23222.706915
23107.227266
22992.332050
22878.018245
22764.282846
22651.122864
22538.535327
22426.517276
22315.065769
22204.177882
22093.850702
21984.081335
21874.866901
21766.204534
21658.091386
21550.524622
21443.501422
21337.018983
21231.074513
21125.665239
21020.788400
20916.441250
20812.621057
20709.325106
20606.550694
20504.295133
20402.555748
20301.329880
20200.614884
20100.408127
20000.706991
19901.508872
19802.811181
19704.611340
19606.906787
19509.694971
19412.973356
19316.739421
19220.990655
19125.724562
19030.938660
18936.630477
18842.797558
18749.437458
18656.547747
18564.126005
18472.169827
18380.676821
18289.644606
18199.070814
18108.953089
18019.289090
17930.076485
17841.312956
17752.996196
17665.123913
17577.693823
17490.703657
17404.151157
17318.034076
17232.350181
17147.097248
17062.273067
16977.875438
16893.902174
16810.351098
16727.220046
16644.506863
16562.209408
16480.325550
16398.853169
16317.790156
16237.134414
16156.883856
16077.036406
15997.590000
15918.542584
15839.892115
15761.636559
15683.773896
15606.302114
15529.219213
15452.523202
15376.212101
15300.283941
15224.736763
15149.568619
15074.777569
15000.361684
14926.319048
14852.647750
14779.345894
14706.411589
14633.842959
14561.638133
14489.795254
14418.312471
14347.187946
14276.419847
14206.006356
14135.945660
14066.235959
13996.875460
13927.862381
13859.194948
13790.871397
13722.889974
13655.248932
13587.946535
13520.981055
13454.350774
13388.053982
13322.088979
13256.454072
13191.147579
13126.167826
13061.513146
12997.181884
12933.172391
12869.483027
12806.112161
12743.058171
12680.319443
12617.894371
12555.781358
12493.978815
12432.485160
12371.298822
12310.418236
12249.841846
12189.568103
12129.595469
12069.922410
12010.547403
11951.468932
11892.685488
11834.195571
11775.997688
11718.090355
11660.472093
11603.141435
11546.096918
11489.337087
11432.860497
11376.665707
11320.751287
11265.115812
11209.757864
11154.676036
11099.868923
11045.335132
10991.073275
10937.081971
10883.359846
10829.905536
10776.717680
10723.794926
10671.135930
10618.739352
10566.603863
10514.728138
10463.110860
10411.750717
10360.646406
10309.796630
10259.200098
10208.855528
10158.761642
10108.917169
10059.320846
10009.971416
9960.867627
9912.008236
9863.392004
9815.017701
9766.884100
9718.989984
9671.334140
9623.915361
9576.732448
9529.784207
9483.069450
9436.586996
9390.335669
9344.314301
9298.521728
9252.956793
9207.618344
9162.505236
9117.616330
9072.950493
9028.506596
8984.283518
8940.280143
8896.495360
8852.928065
8809.577159
8766.441549
8723.520147
8680.811872
8638.315646
8596.030399
8553.955066
8512.088587
8470.429907
8428.977978
8387.731756
8346.690203
8305.852286
8265.216977
8224.783255
8184.550102
8144.516506
8104.681462
8065.043968
8025.603028
7986.357650
7947.306848
7908.449643
7869.785058
7831.312121
7793.029868
7754.937338
7717.033574
7679.317625
7641.788546
7604.445395
7567.287236
7530.313137
7493.522171
7456.913416
7420.485955
7384.238876
7348.171270
7312.282233
7276.570869
7241.036281
7205.677582
7170.493885
7135.484311
7100.647984
7065.984033
7031.491590
6997.169794
6963.017785
6929.034712
6895.219723
6861.571976
6828.090628
6794.774844
6761.623792
6728.636644
6695.812577
6663.150772
6630.650412
6598.310688
6566.130794
6534.109925
6502.247284
6470.542076
6438.993512
6407.600804
6376.363171
6345.279835
6314.350020
6283.572957
6252.947879
6222.474024
6192.150633
6161.976952
6131.952230
6102.075719
6072.346678
6042.764365
6013.328046
5984.036989
5954.890465
5925.887751
5897.028126
5868.310872
5839.735277
5811.300630
5783.006226
5754.851361
5726.835338
5698.957461
5671.217038
5643.613381
5616.145804
5588.813628
5561.616173
5534.552767
5507.622737
5480.825416
5454.160141
5427.626251
5401.223088
5374.949998
5348.806331
5322.791440
5296.904680
5271.145411
5245.512995
5220.006798
5194.626189
5169.370541
5144.239228
5119.231629
5094.347127
5069.585105
5044.944952
5020.426060
4996.027822
4971.749635
4947.590900
4923.551021
4899.629404
4875.825459
4852.138597
4828.568234
4805.113790
4781.774685
4758.550343
4735.440192
4712.443662
4689.560187
4666.789201
4644.130144
4621.582458
4599.145587
4576.818978
4554.602081
4532.494350
4510.495240
4488.604210
4466.820720
4445.144235
4423.574221
4402.110148
4380.751488
4359.497715
4338.348306
4317.302743
4296.360507
4275.521085
4254.783963
4234.148632
4213.614585
4193.181319
4172.848331
4152.615121
4132.481194
4112.446055
4092.509213
4072.670177
4052.928462
4033.283583
4013.735059
3994.282409
3974.925157
3955.662829
3936.494952
3917.421057
3898.440675
3879.553343
3860.758598
3842.055978
3823.445027
3804.925288
3786.496309
3768.157637
3749.908825
3731.749425
3713.678994
3695.697090
3677.803272
3659.997103
3642.278148
3624.645973
3607.100148
3589.640244
3572.265834
3554.976493
3537.771800
3520.651334
3503.614677
3486.661413
3469.791128
3453.003411
3436.297851
3419.674041
3403.131576
3386.670052
3370.289067
3353.988222
3337.767119
3321.625364
3305.562562
3289.578322
3273.672254
3257.843972
3242.093089
3226.419221
3210.821988
3195.301009
3179.855906
3164.486303
3149.191827
3133.972105
3118.826767
3103.755443
3088.757769
3073.833378
3058.981909
3044.202999
3029.496290
3014.861424
3000.298045
2985.805800
2971.384336
2957.033304
2942.752354
2928.541139
2914.399315
2900.326539
2886.322468
2872.386763
2858.519085
2844.719099
2830.986469
2817.320862
2803.721946
2790.189393
2776.722873
2763.322061
2749.986631
2736.716261
2723.510628
2710.369413
2697.292297
2684.278964
2671.329099
2658.442387
2645.618517
2632.857179
2620.158063
2607.520862
2594.945271
2582.430985
2569.977701
2557.585118
2545.252936
2532.980858
2520.768587
2508.615826
2496.522283
2484.487666
2472.511683
2460.594045
2448.734464
2436.932654
2425.188329
2413.501207
2401.871005
2390.297442
2378.780238
2367.319117
2355.913801
2344.564015
2333.269485
2322.029939
2310.845106
2299.714717
2288.638502
2277.616194
2266.647529
2255.732242
2244.870069
2234.060749
2223.304022
2212.599628
2201.947310
2191.346810
2180.797875
2170.300250
2159.853682
2149.457920
2139.112713
2128.817813
2118.572973
2108.377945
2098.232484
2088.136347
2078.089290
2068.091072
2058.141454
2048.240195
2038.387057
2028.581805
2018.824201
2009.114013
1999.451007
1989.834950
1980.265612
1970.742762
1961.266173
1951.835617
1942.450868
1933.111700
1923.817889
1914.569213
1905.365449
1896.206376
1887.091776
1878.021429
1868.995118
1860.012627
1851.073740
1842.178244
1833.325924
1824.516569
1815.749968
1807.025911
1798.344189
1789.704594
1781.106919
1772.550958
1764.036507
1755.563362
1747.131320
1738.740178
1730.389737
1722.079797
1713.810159
1705.580625
1697.390998
1689.241083
1681.130684
1673.059609
1665.027663
1657.034655
1649.080394
1641.164690
1633.287354
1625.448198
1617.647034
1609.883676
1602.157940
1594.469639
1586.818592
1579.204614
1571.627525
1564.087145
1556.583291
1549.115787
1541.684454
1534.289114
1526.929591
1519.605710
1512.317295
1505.064175
1497.846174
1490.663123
1483.514848
1476.401181
1469.321951
1462.276989
1455.266129
1448.289203
1441.346045
1434.436490
1427.560373
1420.717531
1413.907800
1407.131019
1400.387027
1393.675662
1386.996766
1380.350179
1373.735744
1367.153303
1360.602699
1354.083778
1347.596383
1341.140361
1334.715559
1328.321823
1321.959002
1315.626945
1309.325500
1303.054520
1296.813854
1290.603354
1284.422874
1278.272266
1272.151384
1266.060083
1259.998219
1253.965647
1247.962225
1241.987810
1236.042261
1230.125436
1224.237195
1218.377399
1212.545908
1206.742585
1200.967291
1195.219890
1189.500247
1183.808224
1178.143688
1172.506504
1166.896539
1161.313659
1155.757734
1150.228630
1144.726218
1139.250366
1133.800946
1128.377828
1122.980885
1117.609987
1112.265009
1106.945824
1101.652306
1096.384330
1091.141771
1085.924506
1080.732410
1075.565362
1070.423239
1065.305920
1060.213283
1055.145209
1050.101577
1045.082269
1040.087166
1035.116150
1030.169104
1025.245910
1020.346453
1015.470617
1010.618286
1005.789347
1000.983686
996.201188
991.441742
986.705234
981.991554
977.300589
972.632230
967.986367
963.362889
958.761687
954.182654
949.625682
945.090662
940.577489
936.086056
931.616256
927.167985
922.741138
918.335611
913.951300
909.588102
905.245913
900.924633
896.624158
892.344388
888.085223
883.846561
879.628304
875.430352
871.252605
867.094967
862.957340
858.839625
854.741726
850.663547
846.604992
842.565965
838.546373
834.546119
830.565110
826.603254
822.660455
818.736623
814.831664
810.945488
807.078003
803.229117
799.398741
795.586786
791.793160
788.017776
784.260544
780.521377
776.800187
773.096887
769.411389
765.743607
762.093456
758.460849
754.845702
751.247929
747.667447
744.104172
740.558019
737.028906
733.516751
730.021470
726.542983
723.081207
719.636061
716.207465
712.795339
709.399602
706.020176
702.656981
699.309937
695.978968
692.663995
689.364941
686.081727
682.814278
679.562517
676.326368
673.105756
669.900604
666.710839
663.536385
660.377168
657.233115
654.104151
650.990205
647.891202
644.807071
641.737740
638.683137
635.643190
632.617828
629.606982
626.610580
623.628553
620.660831
617.707345
614.768025
611.842804
608.931612
606.034383
603.151048
600.281540
597.425793
594.583739
591.755312
588.940447
586.139077
583.351138
580.576564
577.815291
575.067255
572.332391
569.610635
566.901925
564.206196
561.523387
558.853435
556.196278
553.551853
550.920099
548.300955
545.694360
543.100253
540.518574
537.949263
535.392259
532.847504
530.314939
527.794503
525.286139
522.789789
520.305394
517.832896
515.372238
512.923363
510.486213
508.060733
505.646866
503.244555
500.853745
498.474380
496.106406
493.749766
491.404406
489.070272
486.747310
484.435465
482.134684
479.844914
477.566100
475.298191
473.041134
470.794876
468.559365
466.334550
464.120378
461.916799
459.723760
457.541212
455.369104
453.207385
451.056005
448.914914
446.784063
444.663402
442.552882
440.452455
438.362070
436.281681
434.211238
432.150694
430.100002
428.059112
426.027979
424.006555
421.994794
419.992648
418.000072
416.017019
414.043443
412.079299
410.124542
408.179125
406.243004
404.316134
402.398471
400.489970
398.590587
396.700278
394.818999
392.946708
391.083359
389.228911
387.383321
385.546546
383.718543
381.899270
380.088685
378.286747
376.493413
374.708642
372.932393
371.164625
369.405297
367.654369
365.911799
364.177549
362.451577
360.733843
359.024309
357.322935
355.629681
353.944508
352.267378
350.598251
348.937090
347.283855
345.638509
344.001014
342.371332
340.749425
339.135257
337.528789
335.929984
334.338807
332.755219
331.179186
329.610669
328.049634
326.496044
324.949863
323.411056
321.879588
320.355422
318.838524
317.328859
315.826393
314.331090
312.842915
311.361836
309.887818
308.420826
306.960827
305.507788
304.061675
302.622454
301.190093
299.764559
298.345818
296.933839
295.528588
294.130033
292.738143
291.352885
289.974227
288.602138
287.236586
285.877539
284.524967
283.178838
281.839122
280.505787
279.178803
277.858139
276.543765
275.235652
273.933768
272.638084
271.348571
270.065197
268.787935
267.516755
266.251627
264.992523
263.739413
262.492269
261.251062
260.015764
258.786346
257.562781
256.345039
255.133094
253.926917
252.726480
251.531757
250.342719
249.159340
247.981591
246.809448
245.642881
244.481865
243.326374
242.176379
241.031856
239.892778
238.759119
237.630852
236.507953
235.390395
234.278152
233.171200
232.069512
230.973064
229.881831
228.795787
227.714907
226.639168
225.568543
224.503010
223.442542
222.387117
221.336710
220.291296
219.250852
218.215355
217.184780
216.159103
215.138303
214.122354
213.111234
212.104919
211.103387
210.106615
209.114580
208.127259
207.144630
206.166670
205.193357
204.224668
203.260582
202.301077
201.346130
200.395719
199.449824
198.508422
197.571492
196.639012
195.710962
194.787319
193.868063
192.953173
192.042629
191.136408
190.234491
189.336857
188.443485
187.554355
186.669447
185.788740
184.912215
184.039852
183.171630
182.307529
181.447531
180.591615
179.739762
178.891952
178.048167
177.208386
176.372592
175.540763
174.712883
173.888931
173.068890
172.252739
171.440462
170.632039
169.827451
169.026681
168.229711
167.436521
166.647094
165.861413
165.079459
164.301213
163.526660
162.755780
161.988557
161.224973
160.465011
159.708652
158.955881
158.206680
157.461031
156.718918
155.980325
155.245233
154.513627
153.785490
153.060805
152.339556
151.621726
150.907299
150.196259
149.488590
148.784275
148.083299
147.385645
146.691298
146.000242
145.312461
144.627939
143.946662
143.268613
142.593777
141.922140
141.253684
140.588396
139.926261
139.267262
138.611386
137.958617
137.308940
136.662341
136.018806
135.378319
134.740865
134.106431
133.475003
132.846565
132.221103
131.598604
130.979052
130.362435
129.748738
129.137947
128.530048
127.925028
127.322872
126.723568
126.127101
125.533458
124.942626
124.354591
123.769339
123.186859
122.607135
122.030156
121.455907
120.884377
120.315552
119.749419
119.185966
118.625179
118.067046
117.511555
116.958692
116.408445
115.860802
115.315751
114.773278
114.233372
113.696021
113.161211
112.628932
112.099171
111.571916
111.047156
110.524878
110.005070
109.487721
108.972819
108.460352
107.950309
107.442678
106.937448
106.434608
105.934145
105.436049
104.940308
104.446912
103.955848
103.467107
102.980676
102.496545
102.014703
101.535138
101.057841
100.582801
100.110006
99.639446
99.171110
98.704988
98.241069
97.779343
97.319799
96.862427
96.407217
95.954157
95.503239
95.054452
94.607786
94.163230
93.720774
93.280410
92.842126
92.405912
91.971760
91.539659
91.109599
90.681571
90.255564
89.831571
89.409580
88.989582
88.571568
88.155528
87.741454
87.329335
86.919163
86.510927
86.104620
85.700231
85.297752
84.897173
84.498486
84.101682
83.706751
83.313685
82.922474
82.533111
82.145586
81.759890
81.376015
80.993952
80.613693
80.235229
79.858551
79.483651
79.110521
78.739151
78.369535
78.001663
77.635527
77.271119
76.908430
76.547454
76.188180
75.830602
75.474711
75.120499
74.767959
74.417082
74.067860
73.720286
73.374352
73.030049
72.687371
72.346310
72.006857
71.669005
71.332747
70.998075
70.664982
70.333459
70.003501
69.675098
69.348244
69.022931
68.699153
68.376901
68.056169
67.736950
67.419235
67.103019
66.788293
66.475051
66.163287
65.852992
65.544160
65.236783
64.930856
64.626371
64.323321
64.021700
63.721500
63.422716
63.125339
62.829365
62.534785
62.241593
61.949783
61.659349
61.370283
61.082579
60.796231
60.511233
60.227577
59.945257
59.664268
59.384603
59.106256
58.829219
58.553488
58.279056
58.005917
57.734064
57.463492
57.194195
56.926166
56.659400
56.393890
56.129630
55.866615
55.604839
55.344296
55.084980
54.826884
54.570005
54.314335
54.059869
53.806601
53.554525
53.303637
53.053930
52.805398
52.558037
52.311840
52.066802
51.822918
51.580182
51.338589
51.098132
50.858808
50.620610
50.383534
50.147573
49.912723
49.678978
49.446333
49.214784
48.984323
48.754948
48.526652
48.299430
48.073277
47.848189
47.624160
47.401184
47.179258
46.958376
46.738534
46.519725
46.301946
46.085192
45.869457
45.654737
45.441027
45.228323
45.016619
44.805910
44.596193
44.387462
44.179713
43.972942
43.767142
43.562310
43.358442
43.155533
42.953577
42.752571
42.552511
42.353391
42.155208
41.957956
41.761632
41.566231
41.371748
41.178180
40.985522
40.793770
40.602919
40.412965
40.223904
40.035732
39.848445
39.662037
39.476506
39.291847
39.108056
38.925129
38.743061
38.561849
38.381489
38.201977
38.023307
37.845478
37.668484
37.492322
37.316988
37.142477
36.968786
36.795912
36.623850
36.452596
36.282146
36.112498
35.943646
35.775588
35.608319
35.441836
35.276135
35.111212
34.947064
34.783687
34.621077
34.459231
34.298146
34.137816
33.978240
33.819413
33.661332
33.503993
33.347394
33.191529
33.036397
32.881993
32.728313
32.575356
32.423117
32.271592
32.120779
31.970674
31.821273
31.672574
31.524573
31.377267
31.230652
31.084726
30.939484
30.794925
30.651043
30.507838
30.365304
30.223439
30.082240
29.941704
29.801827
29.662607
29.524040
29.386123
29.248854
29.112228
28.976244
28.840898
28.706187
28.572108
28.438658
28.305834
28.173633
28.042053
27.911090
27.780741
27.651004
27.521875
27.393352
27.265432
27.138112
27.011389
26.885261
26.759724
26.634776
26.510414
26.386636
26.263438
26.140817
26.018772
25.897299
25.776396
25.656059
25.536287
25.417077
25.298425
25.180330
25.062789
24.945798
24.829357
24.713461
24.598108
24.483297
24.369023
24.255285
24.142081
24.029407
23.917261
23.805642
23.694545
23.583969
23.473911
23.364369
23.255341
23.146823
23.038814
22.931312
22.824313
22.717816
22.611817
22.506316
22.401309
22.296794
22.192768
22.089230
21.986177
21.883608
21.781518
21.679907
21.578772
21.478111
21.377922
21.278201
21.178948
21.080160
20.981835
20.883971
20.786564
20.689614
20.593119
20.497075
20.401481
20.306335
20.211634
20.117377
20.023561
19.930185
19.837246
19.744743
19.652672
19.561033
19.469822
19.379039
19.288681
19.198746
19.109233
19.020138
18.931461
18.843198
18.755349
18.667911
18.580883
18.494262
18.408046
18.322235
18.236824
18.151814
18.067202
17.982985
17.899163
17.815734
17.732694
17.650044
17.567780
17.485901
17.404406
17.323292
17.242557
17.162200
17.082220
17.002613
16.923380
16.844517
16.766023
16.687896
16.610135
16.532737
16.455702
16.379027
16.302711
16.226753
16.151149
16.075899
16.001001
15.926454
15.852255
15.778404
15.704898
15.631735
15.558915
15.486436
15.414295
15.342492
15.271025
15.199892
15.129092
15.058623
14.988484
14.918672
14.849187
14.780027
14.711191
14.642676
14.574482
14.506606
14.439048
14.371806
14.304879
14.238264
14.171961
14.105967
14.040283
13.974905
13.909833
13.845065
13.780600
13.716436
13.652573
13.589008
13.525740
13.462767
13.400089
13.337705
13.275611
13.213808
13.152294
13.091067
13.030127
12.969471
12.909099
12.849009
12.789199
12.729670
12.670418
12.611443
12.552744
12.494319
12.436168
12.378287
12.320678
12.263337
12.206265
12.149459
12.092918
12.036642
11.980629
11.924877
11.869386
11.814154
11.759180
11.704463
11.650001
11.595794
11.541840
11.488138
11.434687
11.381485
11.328533
11.275827
11.223367
11.171153
11.119182
11.067455
11.015968
10.964723
10.913716
10.862948
10.812416
10.762121
10.712061
10.662234
10.612640
10.563278
10.514146
10.465243
10.416569
10.368122
10.319901
10.271906
10.224134
10.176586
10.129259
10.082153
10.035268
9.988601
9.942152
9.895920
9.849903
9.804102
9.758514
9.713139
9.667976
9.623023
9.578281
9.533747
9.489421
9.445302
9.401389
9.357680
9.314176
9.270875
9.227776
9.184877
9.142180
9.099681
9.057380
9.015278
8.973371
8.931660
8.890144
8.848821
8.807691
8.766753
8.726006
8.685449
8.645081
8.604902
8.564910
8.525105
8.485485
8.446050
8.406799
8.367731
8.328846
8.290141
8.251618
8.213273
8.175108
8.137121
8.099311
8.061677
8.024219
7.986936
7.949826
7.912889
7.876125
7.839532
7.803110
7.766858
7.730774
7.694859
7.659112
7.623531
7.588115
7.552866
7.517780
7.482858
7.448099
7.413502
7.379066
7.344790
7.310675
7.276718
7.242920
7.209280
7.175796
7.142468
7.109296
7.076278
7.043414
7.010703
6.978145
6.945739
6.913483
6.881378
6.849423
6.817616
6.785958
6.754447
6.723083
6.691865
6.660793
6.629865
6.599082
6.568442
6.537945
6.507590
6.477376
6.447303
6.417371
6.387577
6.357923
6.328407
6.299028
6.269786
6.240680
6.211710
6.182875
6.154174
6.125607
6.097173
6.068871
6.040702
6.012663
5.984755
5.956977
5.929329
5.901809
5.874418
5.847154
5.820016
5.793006
5.766121
5.739361
5.712726
5.686215
5.659828
5.633563
5.607421
5.581400
5.555501
5.529722
5.504063
5.478524
5.453104
5.427802
5.402617
5.377550
5.352600
5.327766
5.303048
5.278444
5.253955
5.229581
5.205319
5.181171
5.157135
5.133211
5.109398
5.085696
5.062104
5.038623
5.015250
4.991987
4.968831
4.945784
4.922843
4.900010
4.877282
4.854661
4.832145
4.809733
4.787426
4.765223
4.743123
4.721125
4.699231
4.677438
4.655746
4.634156
4.612665
4.591275
4.569985
4.548793
4.527700
4.506705
4.485808
4.465008
4.444305
4.423699
4.403188
4.382772
4.362452
4.342226
4.322094
4.302055
4.282110
4.262258
4.242498
4.222830
4.203254
4.183768
4.164373
4.145069
4.125854
4.106728
4.087692
4.068744
4.049884
4.031112
4.012427
3.993829
3.975318
3.956892
3.938553
3.920298
3.902129
3.884044
3.866043
3.848125
3.830292
3.812541
3.794872
3.777286
3.759781
3.742358
3.725016
3.707754
3.690573
3.673472
3.656450
3.639507
3.622643
3.605857
3.589150
3.572520
3.555967
3.539492
3.523093
3.506770
3.490523
3.474351
3.458255
3.442234
3.426287
3.410414
3.394615
3.378889
3.363236
3.347656
3.332149
3.316714
3.301350
3.286058
3.270836
3.255686
3.240606
3.225596
3.210656
3.195785
3.180983
3.166250
3.151586
3.136989
3.122461
3.108000
3.093606
3.079279
3.065019
3.050824
3.036696
3.022634
3.008636
2.994704
2.980837
2.967034
2.953295
2.939620
2.926008
2.912460
2.898974
2.885551
2.872191
2.858892
2.845656
2.832481
2.819367
2.806313
2.793321
2.780389
2.767517
2.754705
2.741952
2.729258
2.716624
2.704048
2.691530
2.679071
2.666669
2.654325
2.642039
2.629809
2.617636
2.605520
2.593460
2.581456
2.569508
2.557615
2.545777
2.533995
2.522267
2.510593
2.498974
2.487409
2.475897
2.464439
2.453034
2.441681
2.430382
2.419135
2.407940
2.396798
2.385707
2.374667
2.363679
2.352741
2.341855
2.331019
2.320233
2.309497
2.298812
2.288175
2.277588
2.267051
2.256562
2.246122
2.235730
2.225386
2.215091
2.204843
2.194643
2.184490
2.174384
2.164325
2.154313
2.144348
2.134428
2.124555
2.114727
2.104945
2.095208
2.085517
2.075870
2.066269
2.056711
2.047198
2.037730
2.028305
2.018924
2.009586
2.000292
1.991041
1.981833
1.972667
1.963544
1.954463
1.945425
1.936428
1.927473
1.918560
1.909688
1.900857
1.892067
1.883318
1.874609
1.865941
1.857313
1.848725
1.840177
1.831668
1.823199
1.814769
1.806379
1.798027
1.789714
1.781439
1.773203
1.765005
1.756845
1.748723
1.740639
1.732592
1.724582
1.716610
1.708674
1.700775
1.692913
1.685088
1.677298
1.669545
1.661828
1.654146
1.646500
1.638890
1.631314
1.623774
1.616269
1.608799
1.601363
1.593962
1.586595
1.579262
1.571963
1.564698
1.557467
1.550269
1.543104
1.535973
1.528875
1.521810
1.514777
1.507777
1.500810
1.493874
1.486971
1.480100
1.473261
1.466453
1.459677
1.452933
1.446219
1.439537
1.432886
1.426265
1.419676
1.413116
1.406587
1.400089
1.393620
1.387182
1.380773
1.374394
1.368045
1.361724
1.355434
1.349172
1.342939
1.336736
1.330561
1.324414
1.318296
1.312207
1.306145
1.300112
1.294107
1.288129
1.282179
1.276257
1.270362
1.264495
1.258654
1.252841
1.247055
1.241295
1.235562
1.229856
1.224176
1.218522
1.212895
1.207293
1.201718
1.196168
1.190644
1.185146
1.179673
1.174225
1.168803
1.163406
1.158034
1.152686
1.147364
1.142066
1.136792
1.131543
1.126319
1.121118
1.115942
1.110789
1.105661
1.100556
1.095475
1.090417
1.085383
1.080372
1.075384
1.070419
1.065478
1.060559
1.055663
1.050789
1.045939
1.041110
1.036304
1.031520
1.026759
1.022019
1.017301
1.012606
1.007932
1.003279
0.998648
0.994039
0.989451
0.984884
0.980338
0.975813
0.971309
0.966826
0.962364
0.957923
0.953502
0.949101
0.944721
0.940361
0.936021
0.931701
0.927402
0.923122
0.918862
0.914622
0.910401
0.906200
0.902018
0.897856
0.893713
0.889589
0.885484
0.881398
0.877331
0.873283
0.869254
0.865243
0.861251
0.857277
0.853322
0.849385
0.845466
0.841565
0.837683
0.833818
0.829971
0.826142
0.822331
0.818537
0.814761
0.811003
0.807261
0.803537
0.799831
0.796141
0.792468
0.788813
0.785174
0.781552
0.777947
0.774359
0.770787
0.767232
0.763693
0.760170
0.756664
0.753174
0.749701
0.746243
0.742801
0.739375
0.735965
0.732571
0.729192
0.725829
0.722482
0.719150
0.715834
0.712532
0.709246
0.705976
0.702720
0.699480
0.696254
0.693043
0.689848
0.686667
0.683500
0.680349
0.677211
0.674089
0.670981
0.667887
0.664807
0.661742
0.658691
0.655654
0.652631
0.649622
0.646627
0.643646
0.640678
0.637725
0.634784
0.631858
0.628945
0.626046
0.623159
0.620287
0.617427
0.614581
0.611748
0.608928
0.606121
0.603327
0.600546
0.597777
0.595022
0.592279
0.589549
0.586832
0.584127
0.581434
0.578754
0.576087
0.573432
0.570789
0.568158
0.565539
0.562933
0.560338
0.557756
0.555185
0.552627
0.550080
0.547545
0.545022
0.542510
0.540010
0.537521
0.535044
0.532579
0.530124
0.527681
0.525250
0.522830
0.520420
0.518022
0.515635
0.513259
0.510894
0.508540
0.506197
0.503865
0.501543
0.499232
0.496932
0.494643
0.492364
0.490095
0.487837
0.485590
0.483353
0.481126
0.478909
0.476703
0.474507
0.472321
0.470145
0.467979
0.465823
0.463677
0.461541
0.459415
0.457299
0.455192
0.453096
0.451008
0.448931
0.446863
0.444805
0.442756
0.440717
0.438687
0.436666
0.434655
0.432653
0.430660
0.428677
0.426702
0.424737
0.422781
0.420834
0.418896
0.416966
0.415046
0.413135
0.411232
0.409338
0.407453
0.405577
0.403709
0.401850
0.399999
0.398157
0.396324
0.394499
0.392682
0.390874
0.389074
0.387283
0.385499
0.383724
0.381958
0.380199
0.378448
0.376706
0.374971
0.373245
0.371526
0.369816
0.368113
0.366418
0.364731
0.363052
0.361381
0.359717
0.358061
0.356413
0.354772
0.353138
0.351513
0.349895
0.348284
0.346681
0.345085
0.343496
0.341915
0.340341
0.338774
0.337215
0.335663
0.334118
0.332580
0.331049
0.329525
0.328008
0.326499
0.324996
0.323500
0.322011
0.320529
0.319054
0.317585
0.316124
0.314669
0.313220
0.311779
0.310344
0.308916
0.307494
0.306079
0.304670
0.303268
0.301873
0.300483
0.299101
0.297724
0.296354
0.294991
0.293633
0.292282
0.290937
0.289598
0.288266
0.286939
0.285619
0.284305
0.282997
0.281694
0.280398
0.279108
0.277824
0.276546
0.275273
0.274007
0.272746
0.271491
0.270242
0.268999
0.267761
0.266529
0.265303
0.264083
0.262868
0.261659
0.260455
0.259257
0.258064
0.256877
0.255695
0.254519
0.253348
0.252183
0.251023
0.249868
0.248719
0.247574
0.246436
0.245302
0.244174
0.243051
0.241933
0.240820
0.239712
0.238610
0.237512
0.236420
0.235333
0.234250
0.233173
0.232100
0.231033
0.229970
0.228913
0.227860
0.226812
0.225769
0.224731
0.223697
0.222668
0.221645
0.220625
0.219611
0.218601
0.217596
0.216595
0.215599
0.214608
0.213621
0.212638
0.211661
0.210687
0.209719
0.208754
0.207794
0.206839
0.205888
0.204941
0.203999
0.203061
0.202127
0.201198
0.200273
0.199352
0.198436
0.197523
0.196615
0.195711
0.194812
0.193916
0.193024
0.192137
0.191254
0.190375
0.189499
0.188628
0.187761
0.186898
0.186039
0.185184
0.184332
0.183485
0.182642
0.181802
0.180966
0.180135
0.179307
0.178482
0.177662
0.176845
0.176033
0.175223
0.174418
0.173616
0.172818
0.172024
0.171233
0.170446
0.169663
0.168883
0.168107
0.167335
0.166565
0.165800
0.165038
0.164280
0.163525
0.162773
0.162025
0.161280
0.160539
0.159802
0.159067
0.158336
0.157609
0.156884
0.156163
0.155446
0.154732
0.154021
0.153313
0.152608
0.151907
0.151209
0.150514
0.149823
0.149134
0.148449
0.147767
0.147088
0.146412
0.145740
0.145070
0.144403
0.143740
0.143080
0.142422
0.141768
0.141117
0.140468
0.139823
0.139181
0.138541
0.137905
0.137271
0.136641
0.136013
0.135388
0.134766
0.134147
0.133531
0.132917
0.132307
0.131699
0.131094
0.130492
0.129893
0.129296
0.128702
0.128111
0.127522
0.126937
0.126354
0.125773
0.125196
0.124621
0.124048
0.123478
0.122911
0.122347
0.121785
0.121226
0.120669
0.120115
0.119563
0.119014
0.118467
0.117923
0.117382
0.116843
0.116306
0.115772
0.115240
0.114711
0.114184
0.113660
0.113138
0.112618
0.112101
0.111587
0.111074
0.110564
0.110056
0.109551
0.109048
0.108547
0.108049
0.107553
0.107059
0.106567
0.106078
0.105591
0.105106
0.104624
0.104143
0.103665
0.103189
0.102715
0.102244
0.101774
0.101307
0.100842
0.100379
0.099918
0.099459
0.099003
0.098548
0.098096
0.097646
0.097197
0.096751
0.096307
0.095865
0.095425
0.094987
0.094551
0.094117
0.093685
0.093255
0.092827
0.092400
0.091976
0.091554
0.091134
0.090716
0.090299
0.089885
0.089472
0.089061
0.088653
0.088246
0.087841
0.087438
0.087036
0.086637
0.086239
0.085843
0.085449
0.085057
0.084667
0.084278
0.083892
0.083507
0.083123
0.082742
0.082362
0.081984
0.081608
0.081233
0.080861
0.080490
0.080120
0.079753
0.079387
0.079022
0.078660
0.078299
0.077939
0.077582
0.077226
0.076871
0.076519
0.076168
0.075818
0.075470
0.075124
0.074779
0.074436
0.074095
0.073755
0.073416
0.073079
0.072744
0.072410
0.072078
0.071747
0.071418
0.071091
0.070764
0.070440
0.070117
0.069795
0.069475
0.069156
0.068839
0.068523
0.068209
0.067896
0.067584
0.067274
0.066966
0.066658
0.066353
0.066048
0.065745
0.065444
0.065143
0.064845
0.064547
0.064251
0.063956
0.063663
0.063371
0.063080
0.062791
0.062503
0.062216
0.061931
0.061647
0.061364
0.061083
0.060803
0.060524
0.060246
0.059970
0.059695
0.059421
0.059148
0.058877
0.058607
0.058338
0.058071
0.057805
0.057539
0.057276
0.057013
0.056751
0.056491
0.056232
0.055974
0.055718
0.055462
0.055208
0.054955
0.054703
0.054452
0.054202
0.053953
0.053706
0.053460
0.053215
0.052971
0.052728
0.052486
0.052245
0.052006
0.051767
0.051530
0.051294
0.051059
0.050824
0.050591
0.050359
0.050129
0.049899
0.049670
0.049442
0.049216
0.048990
0.048765
0.048542
0.048319
0.048098
0.047877
0.047658
0.047439
0.047222
0.047005
0.046790
0.046575
0.046362
0.046149
0.045938
0.045727
0.045518
0.045309
0.045101
0.044894
0.044689
0.044484
0.044280
0.044077
0.043875
0.043674
0.043474
0.043274
0.043076
0.042879
0.042682
0.042486
0.042292
0.042098
0.041905
0.041713
0.041522
0.041331
0.041142
0.040953
0.040766
0.040579
0.040393
0.040208
0.040023
0.039840
0.039657
0.039476
0.039295
0.039115
0.038935
0.038757
0.038579
0.038403
0.038227
0.038051
0.037877
0.037703
0.037531
0.037359
0.037188
0.037017
0.036848
0.036679
0.036511
0.036343
0.036177
0.036011
0.035846
0.035682
0.035518
0.035356
0.035194
0.035032
0.034872
0.034712
0.034553
0.034395
0.034237
0.034080
0.033924
0.033769
0.033614
0.033460
0.033307
0.033154
0.033002
0.032851
0.032700
0.032551
0.032401
0.032253
0.032105
0.031958
0.031812
0.031666
0.031521
0.031377
0.031233
0.031090
0.030947
0.030806
0.030665
0.030524
0.030384
0.030245
0.030107
0.029969
0.029831
0.029695
0.029559
0.029423
0.029289
0.029154
0.029021
0.028888
0.028756
0.028624
0.028493
0.028362
0.028232
0.028103
0.027974
0.027846
0.027719
0.027592
0.027465
0.027340
0.027214
0.027090
0.026966
0.026842
0.026719
0.026597
0.026475
0.026354
0.026233
0.026113
0.025993
0.025874
0.025756
0.025638
0.025521
0.025404
0.025287
0.025172
0.025056
0.024942
0.024827
0.024714
0.024600
0.024488
0.024376
0.024264
0.024153
0.024042
0.023932
0.023823
0.023714
0.023605
0.023497
0.023389
0.023282
0.023176
0.023070
0.022964
0.022859
0.022754
0.022650
0.022546
0.022443
0.022340
0.022238
0.022136
0.022035
0.021934
0.021834
0.021734
0.021634
0.021535
0.021437
0.021338
0.021241
0.021143
0.021047
0.020950
0.020854
0.020759
0.020664
0.020569
0.020475
0.020381
0.020288
0.020195
0.020103
0.020011
0.019919
0.019828
0.019737
0.019647
0.019557
0.019467
0.019378
0.019290
0.019201
0.019113
0.019026
0.018939
0.018852
0.018766
0.018680
0.018595
0.018509
0.018425
0.018340
0.018256
0.018173
0.018090
0.018007
0.017925
0.017843
0.017761
0.017680
0.017599
0.017518
0.017438
0.017358
0.017279
0.017200
0.017121
0.017043
0.016965
0.016887
0.016810
0.016733
0.016656
0.016580
0.016504
0.016429
0.016353
0.016279
0.016204
0.016130
0.016056
0.015983
0.015910
0.015837
0.015764
0.015692
0.015620
0.015549
0.015478
0.015407
0.015336
0.015266
0.015196
0.015127
0.015058
0.014989
0.014920
0.014852
0.014784
0.014716
0.014649
0.014582
0.014515
0.014449
0.014383
0.014317
0.014251
0.014186
0.014121
0.014057
0.013992
0.013928
0.013865
0.013801
0.013738
0.013675
0.013613
0.013550
0.013488
0.013427
0.013365
0.013304
0.013243
0.013183
0.013122
0.013062
0.013003
0.012943
0.012884
0.012825
0.012766
0.012708
0.012650
0.012592
0.012534
0.012477
0.012420
0.012363
0.012307
0.012250
0.012194
0.012139
0.012083
0.012028
0.011973
0.011918
0.011864
0.011809
0.011755
0.011702
0.011648
0.011595
0.011542
0.011489
0.011436
0.011384
0.011332
0.011280
0.011229
0.011177
0.011126
0.011075
0.011025
0.010974
0.010924
0.010874
0.010824
0.010775
0.010726
0.010676
0.010628
0.010579
0.010531
0.010483
0.010435
0.010387
0.010339
0.010292
0.010245
0.010198
0.010152
0.010105
0.010059
0.010013
0.009967
0.009922
0.009876
0.009831
0.009786
0.009741
0.009697
0.009653
0.009608
0.009564
0.009521
0.009477
0.009434
0.009391
0.009348
0.009305
0.009263
0.009220
0.009178
0.009136
0.009094
0.009053
0.009011
0.008970
0.008929
0.008888
0.008848
0.008807
0.008767
0.008727
0.008687
0.008647
0.008608
0.008568
0.008529
0.008490
0.008451
0.008413
0.008374
0.008336
0.008298
0.008260
0.008222
0.008185
0.008147
0.008110
0.008073
0.008036
0.007999
0.007963
0.007926
0.007890
0.007854
0.007818
0.007782
0.007747
0.007711
0.007676
0.007641
0.007606
0.007571
0.007537
0.007502
0.007468
0.007434
0.007400
0.007366
0.007333
0.007299
0.007266
0.007232
0.007199
0.007167
0.007134
0.007101
0.007069
0.007036
0.007004
0.006972
0.006940
0.006909
0.006877
0.006846
0.006814
0.006783
0.006752
0.006721
0.006691
0.006660
0.006630
0.006599
0.006569
0.006539
0.006509
0.006480
0.006450
0.006420
0.006391
0.006362
0.006333
0.006304
0.006275
0.006246
0.006218
0.006190
0.006161
0.006133
0.006105
0.006077
0.006049
0.006022
0.005994
0.005967
0.005940
0.005912
0.005885
0.005859
0.005832
0.005805
0.005779
0.005752
0.005726
0.005700
0.005674
0.005648
0.005622
0.005596
0.005571
0.005545
0.005520
0.005495
0.005470
0.005445
0.005420
0.005395
0.005370
0.005346
0.005321
0.005297
0.005273
0.005249
0.005225
0.005201
0.005177
0.005154
0.005130
0.005107
0.005083
0.005060
0.005037
0.005014
0.004991
0.004968
0.004946
0.004923
0.004901
0.004878
0.004856
0.004834
0.004812
0.004790
0.004768
0.004746
0.004724
0.004703
0.004681
0.004660
0.004639
0.004617
0.004596
0.004575
0.004554
0.004534
0.004513
0.004492
0.004472
0.004451
0.004431
0.004411
0.004391
0.004371
0.004351
0.004331
0.004311
0.004291
0.004272
0.004252
0.004233
0.004213
0.004194
0.004175
0.004156
0.004137
0.004118
0.004099
0.004081
0.004062
0.004043
0.004025
0.004007
0.003988
0.003970
0.003952
0.003934
0.003916
0.003898
0.003880
0.003863
0.003845
0.003827
0.003810
0.003792
0.003775
0.003758
0.003741
0.003724
0.003707
0.003690
0.003673
0.003656
0.003639
0.003623
0.003606
0.003590
0.003573
0.003557
0.003541
0.003525
0.003509
0.003493
0.003477
0.003461
0.003445
0.003429
0.003414
0.003398
0.003383
0.003367
0.003352
0.003336
0.003321
0.003306
0.003291
0.003276
0.003261
0.003246
0.003231
0.003216
0.003202
0.003187
0.003173
0.003158
0.003144
0.003129
0.003115
0.003101
0.003087
0.003073
0.003059
0.003045
0.003031
0.003017
0.003003
0.002989
0.002976
0.002962
0.002949
0.002935
0.002922
0.002909
0.002895
0.002882
0.002869
0.002856
0.002843
0.002830
0.002817
0.002804
0.002791
0.002778
0.002766
0.002753
0.002741
0.002728
0.002716
0.002703
0.002691
0.002679
0.002666
0.002654
0.002642
0.002630
0.002618
0.002606
0.002594
0.002582
0.002571
0.002559
0.002547
0.002536
0.002524
0.002512
0.002501
0.002490
0.002478
0.002467
0.002456
0.002444
0.002433
0.002422
0.002411
0.002400
0.002389
0.002378
0.002367
0.002357
0.002346
0.002335
0.002325
0.002314
0.002303
0.002293
0.002282
0.002272
0.002262
0.002251
0.002241
0.002231
0.002221
0.002210
0.002200
0.002190
0.002180
0.002170
0.002161
0.002151
0.002141
0.002131
0.002121
0.002112
0.002102
0.002092
0.002083
0.002073
0.002064
0.002055
0.002045
0.002036
0.002027
0.002017
0.002008
0.001999
0.001990
0.001981
0.001972
0.001963
0.001954
0.001945
0.001936
0.001927
0.001918
0.001910
0.001901
0.001892
0.001884
0.001875
0.001866
0.001858
0.001849
0.001841
0.001833
0.001824
0.001816
0.001808
0.001799
0.001791
0.001783
0.001775
0.001767
0.001759
0.001751
0.001743
0.001735
0.001727
0.001719
0.001711
0.001703
0.001696
0.001688
0.001680
0.001672
0.001665
0.001657
0.001650
0.001642
0.001635
0.001627
0.001620
0.001612
0.001605
0.001598
0.001590
0.001583
0.001576
0.001569
0.001562
0.001555
0.001547
0.001540
0.001533
0.001526
0.001519
0.001512
0.001506
0.001499
0.001492
0.001485
0.001478
0.001472
0.001465
0.001458
0.001452
0.001445
0.001438
0.001432
0.001425
0.001419
0.001412
0.001406
0.001399
0.001393
0.001387
0.001380
0.001374
0.001368
0.001362
0.001355
0.001349
0.001343
0.001337
0.001331
0.001325
0.001319
0.001313
0.001307
0.001301
0.001295
0.001289
0.001283
0.001277
0.001271
0.001266
0.001260
0.001254
0.001248
0.001243
0.001237
0.001231
0.001226
0.001220
0.001215
0.001209
0.001204
0.001198
0.001193
0.001187
0.001182
0.001176
0.001171
0.001166
0.001160
0.001155
0.001150
0.001145
0.001139
0.001134
0.001129
0.001124
0.001119
0.001114
0.001108
0.001103
0.001098
0.001093
0.001088
0.001083
0.001079
0.001074
0.001069
0.001064
0.001059
0.001054
0.001049
0.001045
0.001040
0.001035
0.001030
0.001026
0.001021
0.001016
0.001012
0.001007
0.001003
0.000998
0.000993
0.000989
0.000984
0.000980
0.000975
0.000971
0.000967
0.000962
0.000958
0.000953
0.000949
0.000945
0.000940
0.000936
0.000932
0.000928
0.000923
0.000919
0.000915
0.000911
0.000907
0.000903
0.000898
0.000894
0.000890
0.000886
0.000882
0.000878
0.000874
0.000870
0.000866
0.000862
0.000858
0.000854
0.000850
0.000847
0.000843
0.000839
0.000835
0.000831
0.000827
0.000824
0.000820
0.000816
0.000813
0.000809
0.000805
0.000801
0.000798
0.000794
0.000791
0.000787
0.000783
0.000780
0.000776
0.000773
0.000769
0.000766
0.000762
0.000759
0.000755
0.000752
0.000748
0.000745
0.000742
0.000738
0.000735
0.000731
0.000728
0.000725
0.000722
0.000718
0.000715
0.000712
0.000708
0.000705
0.000702
0.000699
0.000696
0.000692
0.000689
0.000686
0.000683
0.000680
0.000677
0.000674
0.000671
0.000668
0.000665
0.000662
0.000659
0.000656
0.000653
0.000650
0.000647
0.000644
0.000641
0.000638
0.000635
0.000632
0.000629
0.000626
0.000623
0.000621
0.000618
0.000615
0.000612
0.000609
0.000607
0.000604
0.000601
0.000598
0.000596
0.000593
0.000590
0.000588
0.000585
0.000582
0.000580
0.000577
0.000574
0.000572
0.000569
0.000566
0.000564
0.000561
0.000559
0.000556
0.000554
0.000551
0.000549
0.000546
0.000544
0.000541
0.000539
0.000536
0.000534
0.000531
0.000529
0.000527
0.000524
0.000522
0.000519
0.000517
0.000515
0.000512
0.000510
0.000508
0.000505
0.000503
0.000501
0.000498
0.000496
0.000494
0.000492
0.000489
0.000487
0.000485
0.000483
0.000481
0.000478
0.000476
0.000474
0.000472
0.000470
0.000468
0.000466
0.000463
0.000461
0.000459
0.000457
0.000455
0.000453
0.000451
0.000449
0.000447
0.000445
0.000443
0.000441
0.000439
0.000437
0.000435
0.000433
0.000431
0.000429
0.000427
0.000425
0.000423
0.000421
0.000419
0.000417
0.000415
0.000413
0.000412
0.000410
0.000408
0.000406
0.000404
0.000402
0.000400
0.000399
0.000397
0.000395
0.000393
0.000391
0.000390
0.000388
0.000386
0.000384
0.000383
0.000381
0.000379
0.000377
0.000376
0.000374
0.000372
0.000371
0.000369
0.000367
0.000365
0.000364
0.000362
0.000361
0.000359
0.000357
0.000356
0.000354
0.000352
0.000351
0.000349
0.000348
0.000346
0.000344
0.000343
0.000341
0.000340
0.000338
0.000337
0.000335
0.000334
0.000332
0.000331
0.000329
0.000328
0.000326
0.000325
0.000323
0.000322
0.000320
0.000319
0.000317
0.000316
0.000314
0.000313
0.000312
0.000310
0.000309
0.000307
0.000306
0.000305
0.000303
0.000302
0.000300
0.000299
0.000298
0.000296
0.000295
0.000294
0.000292
0.000291
0.000290
0.000288
0.000287
0.000286
0.000284
0.000283
0.000282
0.000281
0.000279
0.000278
0.000277
0.000275
0.000274
0.000273
0.000272
0.000270
0.000269
0.000268
0.000267
0.000266
0.000264
0.000263
0.000262
0.000261
0.000260
0.000258
0.000257
0.000256
0.000255
0.000254
0.000253
0.000251
0.000250
0.000249
0.000248
0.000247
0.000246
0.000245
0.000244
0.000242
0.000241
0.000240
0.000239
0.000238
0.000237
0.000236
0.000235
0.000234
0.000233
0.000232
0.000231
0.000230
0.000228
0.000227
0.000226
0.000225
0.000224
0.000223
0.000222
0.000221
0.000220
0.000219
0.000218
0.000217
0.000216
0.000215
0.000214
0.000213
0.000212
0.000211
0.000210
0.000210
0.000209
0.000208
0.000207
0.000206
0.000205
0.000204
0.000203
0.000202
0.000201
0.000200
0.000199
0.000198
0.000197
0.000197
0.000196
0.000195
0.000194
0.000193
0.000192
0.000191
0.000190
0.000190
0.000189
0.000188
0.000187
0.000186
0.000185
0.000184
0.000184
0.000183
0.000182
0.000181
0.000180
0.000179
0.000179
0.000178
0.000177
0.000176
0.000175
0.000175
0.000174
0.000173
0.000172
0.000171
0.000171
0.000170
0.000169
0.000168
0.000168
0.000167
0.000166
0.000165
0.000165
0.000164
0.000163
0.000162
0.000162
0.000161
0.000160
0.000159
0.000159
0.000158
0.000157
0.000156
0.000156
0.000155
0.000154
0.000154
0.000153
0.000152
0.000152
0.000151
0.000150
0.000150
0.000149
0.000148
0.000147
0.000147
0.000146
0.000145
0.000145
0.000144
0.000143
0.000143
0.000142
0.000142
0.000141
0.000140
0.000140
0.000139
0.000138
0.000138
0.000137
0.000136
0.000136
0.000135
0.000135
0.000134
0.000133
0.000133
0.000132
0.000132
0.000131
0.000130
0.000130
0.000129
0.000129
0.000128
0.000127
0.000127
0.000126
0.000126
0.000125
0.000125
0.000124
0.000123
0.000123
0.000122
0.000122
0.000121
0.000121
0.000120
0.000120
0.000119
0.000118
0.000118
0.000117
0.000117
0.000116
0.000116
0.000115
0.000115
0.000114
0.000114
0.000113
0.000113
0.000112
0.000112
0.000111
0.000111
0.000110
0.000110
0.000109
0.000109
0.000108
0.000108
0.000107
0.000107
0.000106
0.000106
0.000105
0.000105
0.000104
0.000104
0.000103
0.000103
0.000102
0.000102
0.000101
0.000101
0.000101
0.000100
0.000100
0.000099
0.000099
0.000098
0.000098
0.000097
0.000097
0.000097
0.000096
0.000096
0.000095
0.000095
0.000094
0.000094
0.000093
0.000093
0.000093
0.000092
0.000092
0.000091
0.000091
0.000091
0.000090
0.000090
0.000089
0.000089
0.000089
0.000088
0.000088
0.000087
0.000087
0.000087
0.000086
0.000086
0.000085
0.000085
0.000085
0.000084
0.000084
0.000083
0.000083
0.000083
0.000082
0.000082
0.000082
0.000081
0.000081
0.000080
0.000080
0.000080
0.000079
0.000079
0.000079
0.000078
0.000078
0.000078
0.000077
0.000077
0.000077
0.000076
0.000076
0.000075
0.000075
0.000075
0.000074
0.000074
0.000074
0.000073
0.000073
0.000073
0.000072
0.000072
0.000072
0.000071
0.000071
0.000071
0.000070
0.000070
0.000070
0.000070
0.000069
0.000069
0.000069
0.000068
0.000068
0.000068
0.000067
0.000067
0.000067
0.000066
0.000066
0.000066
0.000066
0.000065
0.000065
0.000065
0.000064
0.000064
0.000064
0.000063
0.000063
0.000063
0.000063
0.000062
0.000062
0.000062
0.000061
0.000061
0.000061
0.000061
0.000060
0.000060
0.000060
0.000060
0.000059
0.000059
0.000059
0.000058
0.000058
0.000058
0.000058
0.000057
0.000057
0.000057
0.000057
0.000056
0.000056
0.000056
0.000056
0.000055
0.000055
0.000055
0.000055
0.000054
0.000054
0.000054
0.000054
0.000053
0.000053
0.000053
0.000053
0.000052
0.000052
0.000052
0.000052
0.000051
0.000051
0.000051
0.000051
0.000051
0.000050
0.000050
0.000050
0.000050
0.000049
0.000049
0.000049
0.000049
0.000049
0.000048
0.000048
0.000048
0.000048
0.000047
0.000047
0.000047
0.000047
0.000047
0.000046
0.000046
0.000046
0.000046
0.000046
0.000045
0.000045
0.000045
0.000045
0.000045
0.000044
0.000044
0.000044
0.000044
0.000043
0.000043
0.000043
0.000043
0.000043
0.000043
0.000042
0.000042
0.000042
0.000042
0.000042
0.000041
0.000041
0.000041
0.000041
0.000041
0.000040
0.000040
0.000040
0.000040
0.000040
0.000040
0.000039
0.000039
0.000039
0.000039
0.000039
0.000038
0.000038
0.000038
0.000038
0.000038
0.000038
0.000037
0.000037
0.000037
0.000037
0.000037
0.000037
0.000036
0.000036
0.000036
0.000036
0.000036
0.000036
0.000035
0.000035
0.000035
0.000035
0.000035
0.000035
0.000034
0.000034
0.000034
0.000034
0.000034
0.000034
