2267066887790.459961
3992618.225637
716489.439953
711538.217769
706626.809656
701750.240697
696908.257786
692100.609703
687327.047089
682587.322432
677881.190058
673208.406111
668568.728543
663961.917100
659387.733307
654845.940456
650336.303592
645858.589498
641412.566688
636998.005386
632614.677518
628262.356699
623940.818219
619649.839029
615389.197733
611158.674571
606958.051409
602787.111725
598645.640600
594533.424704
590450.252281
586395.913143
582370.198656
578372.901725
574403.816788
570462.739799
566549.468221
562663.801011
558805.538614
554974.482945
551170.437383
547393.206757
543642.597339
539918.416829
536220.474345
532548.580415
528902.546964
525282.187303
521687.316123
518117.749477
514573.304778
511053.800782
507559.057584
504088.896601
500643.140569
497221.613529
493824.140819
490450.549060
487100.666155
483774.321270
480471.344831
477191.568512
473934.825226
470700.949114
467489.775540
464301.141078
461134.883504
457990.841788
454868.856083
451768.767719
448690.419191
445633.654153
442598.317408
439584.254900
436591.313704
433619.342018
430668.189157
427737.705543
424827.742694
421938.153220
419068.790814
416219.510240
413390.167333
410580.618980
407790.723123
405020.338744
402269.325860
399537.545515
396824.859771
394131.131702
391456.225388
388800.005901
386162.339307
383543.092649
380942.133948
378359.332189
375794.557318
373247.680235
370718.572782
368207.107743
365713.158831
363236.600685
360777.308860
358335.159823
355910.030944
353501.800492
351110.347623
348735.552380
346377.295683
344035.459321
341709.925948
339400.579076
337107.303068
334829.983133
332568.505318
330322.756502
328092.624391
325877.997511
323678.765201
321494.817611
319326.045690
317172.341183
315033.596626
312909.705341
310800.561424
308706.059748
306626.095950
304560.566429
302509.368339
300472.399585
298449.558814
296440.745414
294445.859506
292464.801937
290497.474278
288543.778817
286603.618552
284676.897189
282763.519134
280863.389491
278976.414053
277102.499297
275241.552385
273393.481151
271558.194100
269735.600404
267925.609893
266128.133055
264343.081028
262570.365596
260809.899183
259061.594852
257325.366295
255601.127833
253888.794408
252188.281580
250499.505523
248822.383020
247156.831455
245502.768816
243860.113683
242228.785228
240608.703209
238999.787968
237401.960421
235815.142060
234239.254948
232674.221708
231119.965529
229576.410153
228043.479877
226521.099545
225009.194547
223507.690811
222016.514803
220535.593523
219064.854496
217604.225774
216153.635929
214713.014050
213282.289740
211861.393110
210450.254777
209048.805858
207656.977973
206274.703230
204901.914233
203538.544070
202184.526315
200839.795019
199504.284711
198177.930394
196860.667540
195552.432084
194253.160427
192962.789428
191681.256402
190408.499116
189144.455785
187889.065072
186642.266081
185403.998355
184174.201874
182952.817050
181739.784724
180535.046165
179338.543064
178150.217532
176970.012098
175797.869704
174633.733705
173477.547860
172329.256336
171188.803702
170056.134925
168931.195367
167813.930785
166704.287326
165602.211522
164507.650294
163420.550940
162340.861140
161268.528949
160203.502795
159145.731477
158095.164163
157051.750383
156015.440034
154986.183369
153963.930999
152948.633892
151940.243364
150938.711085
149943.989068
148956.029671
147974.785596
147000.209881
146032.255904
145070.877375
144116.028337
143167.663162
142225.736548
141290.203520
140361.019423
139438.139924
138521.521004
137611.118964
136706.890413
135808.792275
134916.781779
134030.816462
133150.854165
132276.853028
131408.771493
130546.568299
129690.202480
128839.633360
127994.820559
127155.723981
126322.303819
125494.520550
124672.334932
123855.708005
123044.601087
122238.975771
121438.793925
120644.017690
119854.609475
119070.531960
118291.748089
117518.221071
116749.914377
115986.791741
115228.817152
114475.954857
113728.169359
112985.425413
112247.688025
111514.922451
110787.094193
110064.169000
109346.112865
108632.892021
107924.472946
107220.822351
106521.907187
105827.694639
105138.152128
104453.247303
103772.948044
103097.222462
102426.038892
101759.365894
101097.172253
100439.426976
99786.099287
99137.158632
98492.574673
97852.317287
97216.356564
96584.662809
95957.206534
95333.958464
94714.889530
94099.970868
93489.173821
92882.469933
92279.830951
91681.228823
91086.635693
90496.023907
89909.366002
89326.634712
88747.802965
88172.843879
87601.730762
87034.437112
86470.936616
85911.203144
85355.210753
84802.933682
84254.346355
83709.423374
83168.139522
82630.469759
82096.389224
81565.873230
81038.897266
80515.436991
79995.468240
79478.967016
78965.909492
78456.272010
77950.031078
77447.163370
76947.645725
76451.455145
75958.568794
75468.963999
74982.618243
74499.509171
74019.614586
73542.912444
73069.380859
72598.998099
72131.742584
71667.592886
71206.527731
70748.525990
70293.566685
69841.628987
69392.692212
68946.735820
68503.739419
68063.682758
67626.545729
67192.308365
66760.950840
66332.453468
65906.796699
65483.961122
65063.927463
64646.676582
64232.189473
63820.447266
63411.431220
63005.122728
62601.503314
62200.554628
61802.258454
61406.596699
61013.551399
60623.104716
60235.238938
59849.936474
59467.179859
59086.951750
58709.234924
58334.012281
57961.266839
57590.981734
57223.140223
56857.725677
56494.721586
56134.111555
55775.879301
55420.008658
55066.483573
54715.288102
54366.406416
54019.822796
53675.521630
53333.487419
52993.704770
52656.158397
52320.833123
51987.713874
51656.785685
51328.033691
51001.443135
50676.999359
50354.687811
50034.494037
49716.403686
49400.402508
49086.476348
48774.611155
48464.792972
48157.007940
47851.242299
47547.482381
47245.714617
46945.925529
46648.101734
46352.229944
46058.296961
45766.289680
45476.195086
45188.000257
44901.692358
44617.258645
44334.686462
44053.963241
43775.076500
43498.013847
43222.762972
42949.311654
42677.647755
42407.759221
42139.634083
41873.260454
41608.626530
41345.720588
41084.530988
40825.046168
40567.254649
40311.145030
40056.705990
39803.926285
39552.794750
39303.300296
39055.431914
38809.178667
38564.529697
38321.474219
38080.001524
37840.100976
37601.762014
37364.974149
37129.726964
36896.010116
36663.813331
36433.126408
36203.939216
35976.241692
35750.023846
35525.275755
35301.987564
35080.149487
34859.751805
34640.784868
34423.239088
34207.104949
33992.372995
33779.033840
33567.078160
33356.496696
33147.280252
32939.419697
32732.905961
32527.730038
32323.882983
32121.355914
31920.140008
31720.226505
31521.606703
31324.271962
31128.213700
30933.423395
30739.892583
30547.612858
30356.575872
30166.773334
29978.197012
29790.838728
29604.690361
29419.743846
29235.991173
29053.424389
28872.035591
28691.816936
28512.760629
28334.858934
28158.104164
27982.488687
27808.004921
27634.645339
27462.402463
27291.268868
27121.237179
26952.300071
26784.450270
26617.680551
26451.983741
26287.352713
26123.780389
25961.259742
25799.783790
25639.345601
25479.938289
25321.555017
25164.188991
25007.833468
24852.481747
24698.127176
24544.763147
24392.383097
24240.980507
24090.548905
23941.081860
23792.572988
23645.015947
23498.404437
23352.732204
23207.993034
23064.180757
22921.289243
22779.312407
22638.244202
22498.078624
22358.809711
22220.431539
22082.938226
21946.323929
21810.582846
21675.709215
21541.697310
21408.541447
21276.235979
21144.775300
21014.153838
20884.366062
20755.406477
20627.269627
20499.950091
20373.442486
20247.741466
20122.841720
19998.737974
19875.424989
19752.897563
19631.150527
19510.178750
19389.977132
19270.540612
19151.864159
19033.942780
18916.771512
18800.345429
18684.659637
18569.709274
18455.489513
18341.995558
18229.222646
18117.166047
18005.821062
17895.183024
17785.247297
17676.009279
17567.464395
17459.608104
17352.435895
17245.943286
17140.125828
17034.979100
16930.498710
16826.680299
16723.519535
16621.012114
16519.153765
16417.940242
16317.367329
16217.430840
16118.126614
16019.450521
15921.398457
15823.966347
15727.150142
15630.945821
15535.349391
15440.356884
15345.964360
15252.167906
15158.963633
15066.347680
14974.316213
14882.865420
14791.991520
14701.690752
14611.959383
14522.793707
14434.190038
14346.144719
14258.654115
14171.714617
14085.322640
13999.474622
13914.167026
13829.396339
13745.159069
13661.451751
13578.270940
13495.613217
13413.475184
13331.853466
13250.744712
13170.145591
13090.052796
13010.463042
12931.373066
12852.779626
12774.679503
12697.069498
12619.946435
12543.307158
12467.148533
12391.467446
12316.260805
12241.525537
12167.258592
12093.456937
12020.117562
11947.237477
11874.813710
11802.843310
11731.323347
11660.250909
11589.623102
11519.437055
11449.689913
11380.378841
11311.501024
11243.053664
11175.033983
11107.439220
11040.266635
10973.513503
10907.177119
10841.254796
10775.743864
10710.641673
10645.945587
10581.652991
10517.761285
10454.267888
10391.170234
10328.465776
10266.151984
10204.226343
10142.686357
10081.529544
10020.753440
9960.355599
9900.333587
9840.684991
9781.407409
9722.498460
9663.955774
9605.777001
9547.959803
9490.501860
9433.400866
9376.654530
9320.260579
9264.216751
9208.520802
9153.170501
9098.163633
9043.497997
8989.171407
8935.181690
8881.526690
8828.204263
8775.212280
8722.548626
8670.211201
8618.197916
8566.506700
8515.135491
8464.082244
8413.344927
8362.921520
8312.810017
8263.008427
8213.514768
8164.327076
8115.443396
8066.861788
8018.580324
7970.597090
7922.910181
7875.517710
7828.417797
7781.608579
7735.088202
7688.854825
7642.906619
7597.241769
7551.858470
7506.754929
7461.929364
7417.380007
7373.105101
7329.102898
7285.371664
7241.909677
7198.715223
7155.786604
7113.122128
7070.720117
7028.578905
6986.696834
6945.072260
6903.703546
6862.589069
6821.727216
6781.116384
6740.754979
6700.641421
6660.774137
6621.151566
6581.772158
6542.634370
6503.736673
6465.077544
6426.655475
6388.468962
6350.516516
6312.796654
6275.307905
6238.048806
6201.017905
6164.213759
6127.634934
6091.280005
6055.147558
6019.236186
5983.544494
5948.071092
5912.814604
5877.773659
5842.946896
5808.332964
5773.930521
5739.738231
5705.754769
5671.978819
5638.409072
5605.044228
5571.882996
5538.924094
5506.166245
5473.608185
5441.248656
5409.086406
5377.120195
5345.348789
5313.770962
5282.385496
5251.191183
5220.186819
5189.371210
5158.743171
5128.301522
5098.045093
5067.972720
5038.083247
5008.375526
4978.848415
4949.500782
4920.331499
4891.339449
4862.523519
4833.882605
4805.415610
4777.121443
4748.999021
4721.047268
4693.265115
4665.651499
4638.205366
4610.925666
4583.811358
4556.861406
4530.074783
4503.450466
4476.987441
4450.684698
4424.541236
4398.556059
4372.728178
4347.056610
4321.540379
4296.178514
4270.970052
4245.914034
4221.009510
4196.255534
4171.651166
4147.195474
4122.887530
4098.726413
4074.711207
4050.841003
4027.114898
4003.531994
3980.091398
3956.792224
3933.633593
3910.614628
3887.734461
3864.992228
3842.387071
3819.918137
3797.584579
3775.385555
3753.320229
3731.387770
3709.587352
3687.918156
3666.379365
3644.970171
3623.689768
3602.537357
3581.512143
3560.613338
3539.840157
3519.191821
3498.667556
3478.266592
3457.988166
3437.831517
3417.795891
3397.880539
3378.084715
3358.407680
3338.848697
3319.407036
3300.081971
3280.872781
3261.778748
3242.799161
3223.933312
3205.180497
3186.540018
3168.011180
3149.593294
3131.285675
3113.087640
3094.998515
3077.017625
3059.144304
3041.377887
3023.717714
3006.163131
2988.713485
2971.368131
2954.126424
2936.987727
2919.951403
2903.016823
2886.183360
2869.450390
2852.817295
2836.283461
2819.848276
2803.511133
2787.271428
2771.128563
2755.081942
2739.130973
2723.275068
2707.513642
2691.846115
2676.271910
2660.790454
2645.401177
2630.103514
2614.896900
2599.780779
2584.754594
2569.817793
2554.969828
2540.210155
2525.538232
2510.953521
2496.455487
2482.043600
2467.717330
2453.476155
2439.319552
2425.247004
2411.257996
2397.352017
2383.528559
2369.787117
2356.127188
2342.548275
2329.049882
2315.631517
2302.292690
2289.032916
2275.851712
2262.748597
2249.723094
2236.774730
2223.903033
2211.107536
2198.387774
2185.743284
2173.173608
2160.678288
2148.256872
2135.908908
2123.633950
2111.431552
2099.301272
2087.242671
2075.255312
2063.338761
2051.492587
2039.716362
2028.009660
2016.372058
2004.803135
1993.302474
1981.869660
1970.504280
1959.205924
1947.974185
1936.808657
1925.708940
1914.674632
1903.705338
1892.800661
1881.960210
1871.183594
1860.470428
1849.820324
1839.232902
1828.707780
1818.244582
1807.842931
1797.502455
1787.222782
1777.003545
1766.844378
1756.744915
1746.704797
1736.723663
1726.801157
1716.936924
1707.130611
1697.381868
1687.690346
1678.055700
1668.477586
1658.955662
1649.489588
1640.079026
1630.723643
1621.423103
1612.177077
1602.985234
1593.847248
1584.762794
1575.731549
1566.753191
1557.827401
1548.953864
1540.132262
1531.362284
1522.643619
1513.975956
1505.358989
1496.792412
1488.275922
1479.809218
1471.391998
1463.023966
1454.704826
1446.434283
1438.212045
1430.037822
1421.911324
1413.832265
1405.800360
1397.815324
1389.876877
1381.984739
1374.138631
1366.338278
1358.583403
1350.873735
1343.209001
1335.588933
1328.013262
1320.481721
1312.994047
1305.549977
1298.149247
1290.791600
1283.476777
1276.204520
1268.974576
1261.786690
1254.640611
1247.536089
1240.472874
1233.450719
1226.469380
1219.528611
1212.628169
1205.767815
1198.947307
1192.166408
1185.424881
1178.722490
1172.059002
1165.434185
1158.847807
1152.299639
1145.789452
1139.317021
1132.882119
1126.484523
1120.124010
1113.800359
1107.513349
1101.262764
1095.048384
1088.869996
1082.727383
1076.620333
1070.548635
1064.512076
1058.510449
1052.543545
1046.611158
1040.713082
1034.849113
1029.019047
1023.222684
1017.459823
1011.730264
1006.033810
1000.370264
994.739430
989.141114
983.575123
978.041264
972.539347
967.069183
961.630582
956.223357
950.847323
945.502294
940.188086
934.904516
929.651403
924.428566
919.235826
914.073004
908.939923
903.836406
898.762280
893.717368
888.701500
883.714502
878.756204
873.826436
868.925028
864.051814
859.206627
854.389300
849.599670
844.837572
840.102843
835.395322
830.714848
826.061262
821.434404
816.834116
812.260243
807.712627
803.191114
798.695550
794.225782
789.781657
785.363025
780.969734
776.601637
772.258583
767.940426
763.647018
759.378215
755.133870
750.913841
746.717983
742.546155
738.398214
734.274022
730.173437
726.096321
722.042535
718.011943
714.004409
710.019796
706.057970
702.118797
698.202144
694.307878
690.435869
686.585985
682.758097
678.952075
675.167790
671.405117
667.663927
663.944094
660.245494
656.568002
652.911493
649.275846
645.660938
642.066647
638.492852
634.939433
631.406272
627.893249
624.400246
620.927147
617.473834
614.040192
610.626107
607.231462
603.856146
600.500044
597.163044
593.845035
590.545906
587.265546
584.003846
580.760697
577.535990
574.329618
571.141473
567.971449
564.819441
561.685343
558.569050
555.470460
552.389468
549.325972
546.279870
543.251061
540.239444
537.244918
534.267384
531.306743
528.362896
525.435747
522.525197
519.631150
516.753510
513.892181
511.047068
508.218078
505.405116
502.608089
499.826905
497.061471
494.311696
491.577488
488.858758
486.155415
483.467371
480.794535
478.136820
475.494139
472.866403
470.253526
467.655422
465.072005
462.503189
459.948891
457.409026
454.883511
452.372261
449.875195
447.392230
444.923285
442.468278
440.027128
437.599756
435.186082
432.786025
430.399508
428.026452
425.666779
423.320412
420.987274
418.667288
416.360378
414.066469
411.785485
409.517351
407.261995
405.019340
402.789316
400.571847
398.366862
396.174289
393.994056
391.826092
389.670325
387.526687
385.395106
383.275513
381.167839
379.072015
376.987973
374.915645
372.854964
370.805862
368.768272
366.742129
364.727366
362.723918
360.731720
358.750706
356.780813
354.821977
352.874134
350.937220
349.011173
347.095930
345.191429
343.297609
341.414408
339.541764
337.679618
335.827909
333.986577
332.155562
330.334805
328.524248
326.723831
324.933497
323.153187
321.382844
319.622411
317.871831
316.131048
314.400005
312.678646
310.966916
309.264760
307.572123
305.888951
304.215188
302.550781
300.895677
299.249823
297.613165
295.985650
294.367227
292.757843
291.157447
289.565987
287.983412
286.409671
284.844714
283.288491
281.740951
280.202045
278.671724
277.149938
275.636639
274.131778
272.635308
271.147179
269.667346
268.195759
266.732372
265.277139
263.830013
262.390947
260.959896
259.536814
258.121655
256.714374
255.314926
253.923268
252.539353
251.163139
249.794581
248.433636
247.080260
245.734410
244.396044
243.065118
241.741591
240.425420
239.116563
237.814979
236.520627
235.233465
233.953453
232.680549
231.414713
230.155906
228.904087
227.659217
226.421255
225.190163
223.965903
222.748434
221.537718
220.333718
219.136394
217.945710
216.761627
215.584107
214.413115
213.248612
212.090562
210.938929
209.793675
208.654765
207.522162
206.395832
205.275738
204.161845
203.054119
201.952523
200.857024
199.767586
198.684176
197.606760
196.535303
195.469772
194.410133
193.356353
192.308399
191.266237
190.229836
189.199162
188.174183
187.154867
186.141182
185.133096
184.130578
183.133596
182.142118
181.156114
180.175553
179.200404
178.230636
177.266220
176.307124
175.353320
174.404776
173.461464
172.523353
171.590416
170.662621
169.739941
168.822346
167.909809
167.002300
166.099790
165.202253
164.309660
163.421982
162.539194
161.661265
160.788171
159.919882
159.056373
158.197617
157.343586
156.494253
155.649594
154.809581
153.974188
153.143389
152.317159
151.495471
150.678300
149.865622
149.057410
148.253639
147.454285
146.659323
145.868727
145.082475
144.300540
143.522899
142.749529
141.980404
141.215501
140.454797
139.698267
138.945889
138.197639
137.453494
136.713432
135.977428
135.245460
134.517507
133.793544
133.073551
132.357504
131.645382
130.937163
130.232824
129.532344
128.835702
128.142876
127.453844
126.768586
126.087080
125.409305
124.735241
124.064866
123.398161
122.735104
122.075675
121.419854
120.767621
120.118955
119.473837
118.832248
118.194166
117.559573
116.928449
116.300775
115.676532
115.055699
114.438260
113.824193
113.213482
112.606106
112.002047
111.401288
110.803808
110.209591
109.618618
109.030871
108.446331
107.864982
107.286805
106.711782
106.139896
105.571130
105.005466
104.442887
103.883376
103.326915
102.773488
102.223077
101.675667
101.131240
100.589780
100.051270
99.515694
98.983035
98.453277
97.926405
97.402402
96.881252
96.362939
95.847448
95.334763
94.824868
94.317748
93.813387
93.311770
92.812882
92.316708
91.823233
91.332441
90.844318
90.358849
89.876019
89.395813
88.918218
88.443219
87.970800
87.500949
87.033650
86.568889
86.106653
85.646928
85.189699
84.734953
84.282676
83.832854
83.385473
82.940521
82.497984
82.057848
81.620100
81.184727
80.751716
80.321053
79.892726
79.466722
79.043028
78.621631
78.202518
77.785677
77.371096
76.958761
76.548660
76.140782
75.735113
75.331642
74.930356
74.531244
74.134293
73.739491
73.346827
72.956288
72.567864
72.181542
71.797310
71.415158
71.035074
70.657046
70.281062
69.907113
69.535186
69.165270
68.797355
68.431429
68.067481
67.705501
67.345477
66.987399
66.631255
66.277037
65.924732
65.574330
65.225821
64.879195
64.534440
64.191547
63.850506
63.511305
63.173936
62.838388
62.504651
62.172716
61.842571
61.514207
61.187616
60.862786
60.539708
60.218372
59.898770
59.580891
59.264726
58.950265
58.637499
58.326420
58.017017
57.709281
57.403203
57.098775
56.795987
56.494830
56.195295
55.897373
55.601055
55.306334
55.013199
54.721642
54.431654
54.143228
53.856353
53.571023
53.287228
53.004960
52.724210
52.444971
52.167234
51.890990
51.616232
51.342951
51.071140
50.800790
50.531894
50.264442
49.998428
49.733844
49.470682
49.208933
48.948591
48.689647
48.432094
48.175924
47.921131
47.667705
47.415640
47.164928
46.915563
46.667535
46.420839
46.175467
45.931412
45.688666
45.447223
45.207075
44.968215
44.730636
44.494332
44.259294
44.025517
43.792993
43.561716
43.331679
43.102875
42.875297
42.648938
42.423793
42.199854
41.977114
41.755568
41.535209
41.316030
41.098024
40.881186
40.665509
40.450987
40.237613
40.025382
39.814286
39.604321
39.395478
39.187754
38.981141
38.775633
38.571224
38.367909
38.165682
37.964535
37.764465
37.565464
37.367527
37.170649
36.974823
36.780043
36.586305
36.393602
36.201928
36.011279
35.821648
35.633031
35.445420
35.258812
35.073201
34.888581
34.704946
34.522292
34.340613
34.159904
33.980160
33.801374
33.623543
33.446661
33.270723
33.095724
32.921658
32.748520
32.576306
32.405011
32.234629
32.065156
31.896586
31.728915
31.562138
31.396250
31.231246
31.067121
30.903871
30.741491
30.579976
30.419322
30.259524
30.100576
29.942476
29.785217
29.628796
29.473208
29.318448
29.164512
29.011396
28.859094
28.707603
28.556919
28.407036
28.257951
28.109659
27.962157
27.815438
27.669501
27.524339
27.379950
27.236328
27.093470
26.951372
26.810029
26.669437
26.529593
26.390492
26.252131
26.114505
25.977610
25.841442
25.705998
25.571273
25.437264
25.303967
25.171378
25.039493
24.908308
24.777820
24.648025
24.518919
24.390498
24.262758
24.135697
24.009310
23.883594
23.758545
23.634159
23.510433
23.387363
23.264947
23.143179
23.022058
22.901578
22.781738
22.662533
22.543960
22.426016
22.308696
22.191999
22.075920
21.960456
21.845604
21.731361
21.617723
21.504687
21.392250
21.280408
21.169159
21.058499
20.948425
20.838934
20.730022
20.621687
20.513926
20.406735
20.300112
20.194052
20.088554
19.983615
19.879230
19.775398
19.672115
19.569379
19.467186
19.365533
19.264419
19.163838
19.063790
18.964271
18.865278
18.766808
18.668859
18.571427
18.474511
18.378106
18.282212
18.186823
18.091939
17.997556
17.903672
17.810284
17.717389
17.624984
17.533068
17.441637
17.350689
17.260221
17.170230
17.080715
16.991672
16.903099
16.814994
16.727354
16.640176
16.553458
16.467198
16.381392
16.296040
16.211138
16.126683
16.042674
15.959108
15.875982
15.793295
15.711044
15.629227
15.547841
15.466884
15.386353
15.306247
15.226564
15.147300
15.068453
14.990023
14.912005
14.834399
14.757201
14.680410
14.604023
14.528039
14.452454
14.377268
14.302478
14.228081
14.154076
14.080461
14.007233
13.934391
13.861932
13.789854
13.718155
13.646834
13.575888
13.505316
13.435114
13.365282
13.295817
13.226717
13.157981
13.089607
13.021591
12.953934
12.886632
12.819684
12.753088
12.686842
12.620944
12.555392
12.490185
12.425321
12.360797
12.296613
12.232765
12.169253
12.106075
12.043229
11.980712
11.918524
11.856662
11.795126
11.733912
11.673020
11.612447
11.552192
11.492254
11.432630
11.373320
11.314320
11.255630
11.197248
11.139172
11.081401
11.023933
10.966767
10.909900
10.853332
10.797060
10.741084
10.685400
10.630009
10.574909
10.520097
10.465572
10.411334
10.357379
10.303708
10.250317
10.197207
10.144375
10.091819
10.039539
9.987533
9.935799
9.884337
9.833143
9.782218
9.731560
9.681167
9.631038
9.581171
9.531565
9.482220
9.433132
9.384301
9.335726
9.287405
9.239338
9.191521
9.143955
9.096638
9.049568
9.002745
8.956166
8.909831
8.863739
8.817887
8.772276
8.726902
8.681767
8.636867
8.592202
8.547770
8.503571
8.459603
8.415864
8.372354
8.329072
8.286016
8.243185
8.200577
8.158192
8.116029
8.074086
8.032362
7.990856
7.949567
7.908493
7.867634
7.826989
7.786555
7.746333
7.706320
7.666517
7.626921
7.587532
7.548349
7.509370
7.470595
7.432022
7.393650
7.355479
7.317506
7.279732
7.242155
7.204774
7.167588
7.130595
7.093796
7.057189
7.020772
6.984546
6.948508
6.912658
6.876996
6.841519
6.806227
6.771119
6.736194
6.701451
6.666889
6.632507
6.598304
6.564280
6.530432
6.496762
6.463266
6.429945
6.396798
6.363823
6.331020
6.298388
6.265926
6.233633
6.201508
6.169550
6.137758
6.106133
6.074671
6.043374
6.012239
5.981267
5.950455
5.919804
5.889313
5.858980
5.828805
5.798787
5.768925
5.739218
5.709666
5.680268
5.651023
5.621929
5.592987
5.564196
5.535554
5.507061
5.478716
5.450519
5.422468
5.394563
5.366803
5.339187
5.311715
5.284386
5.257198
5.230152
5.203247
5.176481
5.149854
5.123366
5.097015
5.070801
5.044723
5.018781
4.992973
4.967300
4.941760
4.916352
4.891076
4.865932
4.840918
4.816033
4.791279
4.766652
4.742153
4.717782
4.693537
4.669418
4.645424
4.621554
4.597808
4.574186
4.550686
4.527308
4.504051
4.480915
4.457899
4.435002
4.412224
4.389564
4.367021
4.344596
4.322286
4.300093
4.278014
4.256050
4.234200
4.212463
4.190838
4.169326
4.147925
4.126635
4.105456
4.084386
4.063425
4.042573
4.021829
4.001192
3.980662
3.960239
3.939921
3.919709
3.899601
3.879597
3.859697
3.839900
3.820206
3.800613
3.781122
3.761732
3.742442
3.723252
3.704161
3.685169
3.666276
3.647480
3.628781
3.610180
3.591674
3.573264
3.554950
3.536730
3.518604
3.500572
3.482634
3.464788
3.447034
3.429373
3.411802
3.394323
3.376933
3.359634
3.342424
3.325303
3.308271
3.291327
3.274470
3.257700
3.241017
3.224421
3.207910
3.191484
3.175143
3.158887
3.142714
3.126626
3.110620
3.094697
3.078856
3.063097
3.047419
3.031823
3.016307
3.000871
2.985514
2.970237
2.955039
2.939920
2.924878
2.909914
2.895027
2.880218
2.865484
2.850827
2.836245
2.821739
2.807307
2.792950
2.778667
2.764457
2.750321
2.736258
2.722267
2.708349
2.694502
2.680727
2.667023
2.653389
2.639826
2.626333
2.612909
2.599554
2.586269
2.573052
2.559903
2.546821
2.533807
2.520861
2.507981
2.495167
2.482419
2.469738
2.457121
2.444569
2.432083
2.419660
2.407302
2.395007
2.382775
2.370607
2.358501
2.346457
2.334476
2.322556
2.310698
2.298900
2.287164
2.275488
2.263872
2.252315
2.240819
2.229381
2.218002
2.206682
2.195421
2.184217
2.173071
2.161982
2.150950
2.139975
2.129056
2.118194
2.107388
2.096637
2.085941
2.075301
2.064715
2.054183
2.043706
2.033283
2.022913
2.012597
2.002333
1.992123
1.981965
1.971859
1.961805
1.951803
1.941852
1.931953
1.922104
1.912306
1.902558
1.892860
1.883213
1.873614
1.864066
1.854566
1.845115
1.835712
1.826358
1.817052
1.807794
1.798583
1.789420
1.780303
1.771234
1.762211
1.753234
1.744304
1.735419
1.726580
1.717786
1.709038
1.700334
1.691676
1.683061
1.674491
1.665965
1.657482
1.649043
1.640648
1.632295
1.623986
1.615719
1.607494
1.599312
1.591171
1.583073
1.575016
1.567000
1.559025
1.551092
1.543199
1.535346
1.527534
1.519762
1.512029
1.504337
1.496683
1.489069
1.481494
1.473958
1.466461
1.459002
1.451581
1.444198
1.436853
1.429546
1.422276
1.415044
1.407848
1.400690
1.393568
1.386482
1.379433
1.372420
1.365443
1.358502
1.351596
1.344726
1.337891
1.331090
1.324325
1.317594
1.310898
1.304236
1.297608
1.291015
1.284454
1.277928
1.271435
1.264975
1.258548
1.252154
1.245793
1.239465
1.233169
1.226905
1.220673
1.214473
1.208305
1.202168
1.196063
1.189989
1.183946
1.177934
1.171952
1.166002
1.160081
1.154191
1.148332
1.142502
1.136702
1.130931
1.125191
1.119479
1.113797
1.108144
1.102519
1.096924
1.091357
1.085818
1.080308
1.074826
1.069372
1.063946
1.058548
1.053177
1.047834
1.042518
1.037229
1.031967
1.026733
1.021524
1.016343
1.011188
1.006059
1.000957
0.995880
0.990830
0.985805
0.980806
0.975833
0.970885
0.965962
0.961064
0.956191
0.951344
0.946521
0.941722
0.936948
0.932199
0.927474
0.922773
0.918096
0.913442
0.908813
0.904207
0.899625
0.895066
0.890530
0.886018
0.881528
0.877062
0.872618
0.868197
0.863798
0.859422
0.855068
0.850737
0.846427
0.842140
0.837874
0.833630
0.829408
0.825208
0.821028
0.816870
0.812734
0.808618
0.804524
0.800450
0.796397
0.792365
0.788353
0.784362
0.780391
0.776440
0.772509
0.768599
0.764708
0.760838
0.756987
0.753155
0.749344
0.745551
0.741778
0.738024
0.734289
0.730574
0.726877
0.723199
0.719540
0.715899
0.712277
0.708674
0.705089
0.701522
0.697973
0.694442
0.690930
0.687435
0.683958
0.680499
0.677057
0.673633
0.670226
0.666837
0.663465
0.660110
0.656772
0.653451
0.650147
0.646860
0.643590
0.640336
0.637099
0.633878
0.630674
0.627486
0.624314
0.621158
0.618019
0.614895
0.611787
0.608695
0.605619
0.602559
0.599514
0.596484
0.593470
0.590472
0.587488
0.584520
0.581567
0.578629
0.575705
0.572797
0.569903
0.567025
0.564160
0.561311
0.558476
0.555655
0.552849
0.550056
0.547279
0.544515
0.541765
0.539029
0.536307
0.533599
0.530905
0.528224
0.525558
0.522904
0.520264
0.517638
0.515025
0.512425
0.509838
0.507265
0.504704
0.502157
0.499622
0.497101
0.494592
0.492096
0.489612
0.487142
0.484683
0.482238
0.479804
0.477384
0.474975
0.472578
0.470194
0.467822
0.465462
0.463114
0.460778
0.458453
0.456141
0.453840
0.451551
0.449273
0.447008
0.444753
0.442510
0.440279
0.438058
0.435849
0.433652
0.431465
0.429289
0.427125
0.424971
0.422829
0.420697
0.418576
0.416466
0.414367
0.412278
0.410200
0.408132
0.406075
0.404028
0.401992
0.399966
0.397950
0.395944
0.393949
0.391964
0.389989
0.388024
0.386068
0.384123
0.382188
0.380262
0.378346
0.376440
0.374544
0.372657
0.370780
0.368912
0.367054
0.365205
0.363365
0.361535
0.359714
0.357903
0.356100
0.354307
0.352522
0.350747
0.348981
0.347224
0.345475
0.343736
0.342005
0.340283
0.338570
0.336865
0.335170
0.333482
0.331803
0.330133
0.328471
0.326818
0.325173
0.323536
0.321908
0.320288
0.318676
0.317072
0.315476
0.313889
0.312309
0.310738
0.309174
0.307618
0.306071
0.304531
0.302999
0.301474
0.299957
0.298448
0.296947
0.295453
0.293967
0.292488
0.291017
0.289553
0.288097
0.286648
0.285206
0.283772
0.282345
0.280925
0.279512
0.278107
0.276708
0.275317
0.273932
0.272555
0.271185
0.269821
0.268465
0.267115
0.265772
0.264436
0.263107
0.261784
0.260468
0.259159
0.257856
0.256560
0.255271
0.253988
0.252711
0.251441
0.250178
0.248920
0.247670
0.246425
0.245187
0.243955
0.242729
0.241509
0.240296
0.239089
0.237888
0.236692
0.235503
0.234320
0.233143
0.231972
0.230807
0.229648
0.228494
0.227346
0.226205
0.225068
0.223938
0.222813
0.221695
0.220581
0.219474
0.218371
0.217275
0.216184
0.215098
0.214018
0.212944
0.211875
0.210811
0.209753
0.208700
0.207652
0.206610
0.205573
0.204541
0.203514
0.202492
0.201476
0.200465
0.199459
0.198458
0.197462
0.196471
0.195485
0.194504
0.193528
0.192557
0.191591
0.190629
0.189673
0.188721
0.187774
0.186832
0.185895
0.184962
0.184034
0.183111
0.182193
0.181279
0.180369
0.179465
0.178565
0.177669
0.176778
0.175891
0.175009
0.174131
0.173258
0.172389
0.171525
0.170665
0.169809
0.168957
0.168110
0.167267
0.166429
0.165594
0.164764
0.163938
0.163116
0.162298
0.161485
0.160675
0.159870
0.159069
0.158271
0.157478
0.156689
0.155903
0.155122
0.154345
0.153571
0.152801
0.152036
0.151274
0.150516
0.149762
0.149011
0.148265
0.147522
0.146782
0.146047
0.145315
0.144587
0.143863
0.143142
0.142425
0.141712
0.141002
0.140296
0.139593
0.138894
0.138198
0.137506
0.136817
0.136132
0.135450
0.134772
0.134097
0.133425
0.132757
0.132092
0.131431
0.130773
0.130118
0.129466
0.128818
0.128173
0.127532
0.126893
0.126258
0.125626
0.124997
0.124371
0.123749
0.123129
0.122513
0.121900
0.121289
0.120682
0.120078
0.119477
0.118879
0.118285
0.117693
0.117104
0.116518
0.115935
0.115354
0.114777
0.114203
0.113631
0.113063
0.112497
0.111934
0.111374
0.110817
0.110263
0.109711
0.109162
0.108616
0.108073
0.107532
0.106994
0.106459
0.105927
0.105397
0.104870
0.104345
0.103824
0.103304
0.102788
0.102274
0.101762
0.101253
0.100747
0.100243
0.099742
0.099243
0.098747
0.098253
0.097762
0.097273
0.096787
0.096303
0.095822
0.095343
0.094866
0.094392
0.093920
0.093451
0.092984
0.092519
0.092056
0.091596
0.091139
0.090683
0.090230
0.089779
0.089330
0.088884
0.088440
0.087998
0.087558
0.087121
0.086685
0.086252
0.085821
0.085392
0.084966
0.084541
0.084119
0.083699
0.083281
0.082864
0.082451
0.082039
0.081629
0.081221
0.080815
0.080412
0.080010
0.079611
0.079213
0.078817
0.078424
0.078032
0.077642
0.077255
0.076869
0.076485
0.076103
0.075723
0.075345
0.074969
0.074595
0.074222
0.073852
0.073483
0.073116
0.072751
0.072388
0.072026
0.071667
0.071309
0.070953
0.070599
0.070247
0.069896
0.069547
0.069200
0.068855
0.068511
0.068169
0.067829
0.067490
0.067154
0.066818
0.066485
0.066153
0.065823
0.065495
0.065168
0.064843
0.064519
0.064197
0.063877
0.063558
0.063241
0.062926
0.062612
0.062299
0.061989
0.061679
0.061372
0.061066
0.060761
0.060458
0.060156
0.059856
0.059558
0.059261
0.058965
0.058671
0.058379
0.058088
0.057798
0.057510
0.057223
0.056938
0.056654
0.056371
0.056090
0.055810
0.055532
0.055255
0.054980
0.054706
0.054433
0.054162
0.053892
0.053623
0.053356
0.053090
0.052825
0.052562
0.052300
0.052039
0.051780
0.051522
0.051265
0.051009
0.050755
0.050502
0.050250
0.050000
0.049751
0.049503
0.049256
0.049011
0.048767
0.048524
0.048282
0.048041
0.047802
0.047564
0.047327
0.047091
0.046856
0.046623
0.046391
0.046160
0.045930
0.045701
0.045473
0.045247
0.045021
0.044797
0.044574
0.044352
0.044131
0.043911
0.043693
0.043475
0.043259
0.043043
0.042829
0.042615
0.042403
0.042192
0.041982
0.041773
0.041565
0.041358
0.041152
0.040947
0.040743
0.040541
0.040339
0.040138
0.039938
0.039739
0.039541
0.039345
0.039149
0.038954
0.038760
0.038567
0.038375
0.038184
0.037994
0.037805
0.037617
0.037430
0.037243
0.037058
0.036873
0.036690
0.036507
0.036326
0.036145
0.035965
0.035786
0.035608
0.035431
0.035255
0.035079
0.034905
0.034731
0.034558
0.034386
0.034215
0.034045
0.033876
0.033707
0.033539
0.033373
0.033207
0.033041
0.032877
0.032714
0.032551
0.032389
0.032228
0.032068
0.031908
0.031749
0.031592
0.031434
0.031278
0.031123
0.030968
0.030814
0.030661
0.030508
0.030356
0.030206
0.030055
0.029906
0.029757
0.029609
0.029462
0.029316
0.029170
0.029025
0.028881
0.028737
0.028594
0.028452
0.028311
0.028170
0.028030
0.027890
0.027752
0.027614
0.027477
0.027340
0.027204
0.027069
0.026935
0.026801
0.026667
0.026535
0.026403
0.026272
0.026141
0.026011
0.025882
0.025754
0.025626
0.025498
0.025372
0.025246
0.025120
0.024995
0.024871
0.024748
0.024625
0.024502
0.024381
0.024259
0.024139
0.024019
0.023900
0.023781
0.023663
0.023545
0.023428
0.023312
0.023196
0.023081
0.022966
0.022852
0.022739
0.022626
0.022514
0.022402
0.022291
0.022180
0.022070
0.021960
0.021851
0.021743
0.021635
0.021527
0.021420
0.021314
0.021208
0.021103
0.020998
0.020894
0.020790
0.020687
0.020584
0.020482
0.020380
0.020279
0.020179
0.020078
0.019979
0.019880
0.019781
0.019683
0.019585
0.019488
0.019391
0.019295
0.019199
0.019104
0.019009
0.018915
0.018821
0.018727
0.018635
0.018542
0.018450
0.018359
0.018267
0.018177
0.018087
0.017997
0.017908
0.017819
0.017730
0.017642
0.017555
0.017468
0.017381
0.017295
0.017209
0.017124
0.017039
0.016954
0.016870
0.016787
0.016703
0.016620
0.016538
0.016456
0.016374
0.016293
0.016212
0.016132
0.016052
0.015972
0.015893
0.015814
0.015736
0.015658
0.015580
0.015503
0.015426
0.015350
0.015273
0.015198
0.015122
0.015047
0.014973
0.014899
0.014825
0.014751
0.014678
0.014605
0.014533
0.014461
0.014389
0.014318
0.014247
0.014176
0.014106
0.014036
0.013967
0.013897
0.013828
0.013760
0.013692
0.013624
0.013556
0.013489
0.013422
0.013356
0.013290
0.013224
0.013158
0.013093
0.013028
0.012964
0.012899
0.012835
0.012772
0.012709
0.012646
0.012583
0.012521
0.012459
0.012397
0.012335
0.012274
0.012214
0.012153
0.012093
0.012033
0.011973
0.011914
0.011855
0.011796
0.011738
0.011680
0.011622
0.011564
0.011507
0.011450
0.011393
0.011337
0.011281
0.011225
0.011169
0.011114
0.011059
0.011004
0.010950
0.010895
0.010841
0.010788
0.010734
0.010681
0.010628
0.010576
0.010523
0.010471
0.010419
0.010368
0.010317
0.010265
0.010215
0.010164
0.010114
0.010064
0.010014
0.009964
0.009915
0.009866
0.009817
0.009768
0.009720
0.009672
0.009624
0.009576
0.009529
0.009482
0.009435
0.009388
0.009342
0.009296
0.009250
0.009204
0.009158
0.009113
0.009068
0.009023
0.008978
0.008934
0.008890
0.008846
0.008802
0.008758
0.008715
0.008672
0.008629
0.008586
0.008544
0.008502
0.008460
0.008418
0.008376
0.008335
0.008293
0.008252
0.008212
0.008171
0.008131
0.008090
0.008050
0.008010
0.007971
0.007931
0.007892
0.007853
0.007814
0.007776
0.007737
0.007699
0.007661
0.007623
0.007585
0.007548
0.007510
0.007473
0.007436
0.007400
0.007363
0.007327
0.007290
0.007254
0.007218
0.007183
0.007147
0.007112
0.007077
0.007042
0.007007
0.006972
0.006938
0.006904
0.006869
0.006835
0.006802
0.006768
0.006735
0.006701
0.006668
0.006635
0.006602
0.006570
0.006537
0.006505
0.006473
0.006441
0.006409
0.006377
0.006346
0.006314
0.006283
0.006252
0.006221
0.006191
0.006160
0.006130
0.006099
0.006069
0.006039
0.006009
0.005980
0.005950
0.005921
0.005891
0.005862
0.005833
0.005805
0.005776
0.005747
0.005719
0.005691
0.005663
0.005635
0.005607
0.005579
0.005551
0.005524
0.005497
0.005470
0.005443
0.005416
0.005389
0.005362
0.005336
0.005310
0.005283
0.005257
0.005231
0.005205
0.005180
0.005154
0.005129
0.005103
0.005078
0.005053
0.005028
0.005003
0.004979
0.004954
0.004930
0.004905
0.004881
0.004857
0.004833
0.004809
0.004785
0.004762
0.004738
0.004715
0.004691
0.004668
0.004645
0.004622
0.004600
0.004577
0.004554
0.004532
0.004509
0.004487
0.004465
0.004443
0.004421
0.004399
0.004377
0.004356
0.004334
0.004313
0.004292
0.004271
0.004249
0.004228
0.004208
0.004187
0.004166
0.004146
0.004125
0.004105
0.004085
0.004064
0.004044
0.004024
0.004005
0.003985
0.003965
0.003946
0.003926
0.003907
0.003887
0.003868
0.003849
0.003830
0.003811
0.003792
0.003774
0.003755
0.003737
0.003718
0.003700
0.003682
0.003663
0.003645
0.003627
0.003609
0.003592
0.003574
0.003556
0.003539
0.003521
0.003504
0.003487
0.003469
0.003452
0.003435
0.003418
0.003402
0.003385
0.003368
0.003351
0.003335
0.003318
0.003302
0.003286
0.003270
0.003254
0.003237
0.003222
0.003206
0.003190
0.003174
0.003158
0.003143
0.003127
0.003112
0.003097
0.003081
0.003066
0.003051
0.003036
0.003021
0.003006
0.002991
0.002977
0.002962
0.002947
0.002933
0.002918
0.002904
0.002890
0.002875
0.002861
0.002847
0.002833
0.002819
0.002805
0.002791
0.002778
0.002764
0.002750
0.002737
0.002723
0.002710
0.002697
0.002683
0.002670
0.002657
0.002644
0.002631
0.002618
0.002605
0.002592
0.002579
0.002567
0.002554
0.002541
0.002529
0.002516
0.002504
0.002492
0.002479
0.002467
0.002455
0.002443
0.002431
0.002419
0.002407
0.002395
0.002383
0.002372
0.002360
0.002348
0.002337
0.002325
0.002314
0.002302
0.002291
0.002280
0.002268
0.002257
0.002246
0.002235
0.002224
0.002213
0.002202
0.002191
0.002181
0.002170
0.002159
0.002149
0.002138
0.002127
0.002117
0.002107
0.002096
0.002086
0.002076
0.002065
0.002055
0.002045
0.002035
0.002025
0.002015
0.002005
0.001995
0.001985
0.001976
0.001966
0.001956
0.001947
0.001937
0.001927
0.001918
0.001909
0.001899
0.001890
0.001880
0.001871
0.001862
0.001853
0.001844
0.001835
0.001826
0.001817
0.001808
0.001799
0.001790
0.001781
0.001772
0.001764
0.001755
0.001746
0.001738
0.001729
0.001721
0.001712
0.001704
0.001695
0.001687
0.001679
0.001670
0.001662
0.001654
0.001646
0.001638
0.001630
0.001622
0.001614
0.001606
0.001598
0.001590
0.001582
0.001574
0.001567
0.001559
0.001551
0.001544
0.001536
0.001529
0.001521
0.001514
0.001506
0.001499
0.001491
0.001484
0.001477
0.001469
0.001462
0.001455
0.001448
0.001441
0.001434
0.001427
0.001420
0.001413
0.001406
0.001399
0.001392
0.001385
0.001378
0.001371
0.001365
0.001358
0.001351
0.001345
0.001338
0.001331
0.001325
0.001318
0.001312
0.001305
0.001299
0.001293
0.001286
0.001280
0.001274
0.001267
0.001261
0.001255
0.001249
0.001243
0.001237
0.001231
0.001224
0.001218
0.001212
0.001206
0.001201
0.001195
0.001189
0.001183
0.001177
0.001171
0.001166
0.001160
0.001154
0.001148
0.001143
0.001137
0.001132
0.001126
0.001121
0.001115
0.001110
0.001104
0.001099
0.001093
0.001088
0.001083
0.001077
0.001072
0.001067
0.001061
0.001056
0.001051
0.001046
0.001041
0.001036
0.001031
0.001025
0.001020
0.001015
0.001010
0.001005
0.001000
0.000996
0.000991
0.000986
0.000981
0.000976
0.000971
0.000967
0.000962
0.000957
0.000952
0.000948
0.000943
0.000938
0.000934
0.000929
0.000925
0.000920
0.000916
0.000911
0.000907
0.000902
0.000898
0.000893
0.000889
0.000885
0.000880
0.000876
0.000872
0.000867
0.000863
0.000859
0.000855
0.000850
0.000846
0.000842
0.000838
0.000834
0.000830
0.000826
0.000822
0.000818
0.000814
0.000810
0.000806
0.000802
0.000798
0.000794
0.000790
0.000786
0.000782
0.000778
0.000774
0.000771
0.000767
0.000763
0.000759
0.000756
0.000752
0.000748
0.000745
0.000741
0.000737
0.000734
0.000730
0.000726
0.000723
0.000719
0.000716
0.000712
0.000709
0.000705
0.000702
0.000698
0.000695
0.000692
0.000688
0.000685
0.000681
0.000678
0.000675
0.000671
0.000668
0.000665
0.000662
0.000658
0.000655
0.000652
0.000649
0.000646
0.000642
0.000639
0.000636
0.000633
0.000630
0.000627
0.000624
0.000621
0.000618
0.000615
0.000612
0.000609
0.000606
0.000603
0.000600
0.000597
0.000594
0.000591
0.000588
0.000585
0.000582
0.000579
0.000577
0.000574
0.000571
0.000568
0.000565
0.000563
0.000560
0.000557
0.000554
0.000552
0.000549
0.000546
0.000543
0.000541
0.000538
0.000536
0.000533
0.000530
0.000528
0.000525
0.000523
0.000520
0.000517
0.000515
0.000512
0.000510
0.000507
0.000505
0.000502
0.000500
0.000497
0.000495
0.000493
0.000490
0.000488
0.000485
0.000483
0.000481
0.000478
0.000476
0.000474
0.000471
0.000469
0.000467
0.000464
0.000462
0.000460
0.000458
0.000455
0.000453
0.000451
0.000449
0.000446
0.000444
0.000442
0.000440
0.000438
0.000436
0.000433
0.000431
0.000429
0.000427
0.000425
0.000423
0.000421
0.000419
0.000417
0.000415
0.000413
0.000411
0.000409
0.000407
0.000405
0.000403
0.000401
0.000399
0.000397
0.000395
0.000393
0.000391
0.000389
0.000387
0.000385
0.000383
0.000382
0.000380
0.000378
0.000376
0.000374
0.000372
0.000370
0.000369
0.000367
0.000365
0.000363
0.000361
0.000360
0.000358
0.000356
0.000354
0.000353
0.000351
0.000349
0.000348
0.000346
0.000344
0.000342
0.000341
0.000339
0.000337
0.000336
0.000334
0.000332
0.000331
0.000329
0.000328
0.000326
0.000324
0.000323
0.000321
0.000320
0.000318
0.000317
0.000315
0.000313
0.000312
0.000310
0.000309
0.000307
0.000306
0.000304
0.000303
0.000301
0.000300
0.000298
0.000297
0.000296
0.000294
0.000293
0.000291
0.000290
0.000288
0.000287
0.000286
0.000284
0.000283
0.000281
0.000280
0.000279
0.000277
0.000276
0.000275
0.000273
0.000272
0.000271
0.000269
0.000268
0.000267
0.000265
0.000264
0.000263
0.000261
0.000260
0.000259
0.000258
0.000256
0.000255
0.000254
0.000253
0.000251
0.000250
0.000249
0.000248
0.000246
0.000245
0.000244
0.000243
0.000242
0.000240
0.000239
0.000238
0.000237
0.000236
0.000235
0.000233
0.000232
0.000231
0.000230
0.000229
0.000228
0.000227
0.000226
0.000225
0.000223
0.000222
0.000221
0.000220
0.000219
0.000218
0.000217
0.000216
0.000215
0.000214
0.000213
0.000212
0.000211
0.000210
0.000209
0.000208
0.000207
0.000206
0.000205
0.000204
0.000203
0.000202
0.000201
0.000200
0.000199
0.000198
0.000197
0.000196
0.000195
0.000194
0.000193
0.000192
0.000191
0.000190
0.000189
0.000188
0.000187
0.000186
0.000185
0.000185
0.000184
0.000183
0.000182
0.000181
0.000180
0.000179
0.000178
0.000177
0.000177
0.000176
0.000175
0.000174
0.000173
0.000172
0.000171
0.000171
0.000170
0.000169
0.000168
0.000167
0.000166
0.000166
0.000165
0.000164
0.000163
0.000162
0.000162
0.000161
0.000160
0.000159
0.000158
0.000158
0.000157
0.000156
0.000155
0.000155
0.000154
0.000153
0.000152
0.000152
0.000151
0.000150
0.000149
0.000149
0.000148
0.000147
0.000147
0.000146
0.000145
0.000144
0.000144
0.000143
0.000142
0.000142
0.000141
0.000140
0.000140
0.000139
0.000138
0.000137
0.000137
0.000136
0.000135
0.000135
0.000134
0.000134
0.000133
0.000132
0.000132
0.000131
0.000130
0.000130
0.000129
0.000128
0.000128
0.000127
0.000126
0.000126
0.000125
0.000125
0.000124
0.000123
0.000123
0.000122
0.000122
0.000121
0.000120
0.000120
0.000119
0.000119
0.000118
0.000118
0.000117
0.000116
0.000116
0.000115
0.000115
0.000114
0.000114
0.000113
0.000112
0.000112
0.000111
0.000111
0.000110
0.000110
0.000109
0.000109
0.000108
0.000108
0.000107
0.000107
0.000106
0.000106
0.000105
0.000104
0.000104
0.000103
0.000103
0.000102
0.000102
0.000101
0.000101
0.000100
0.000100
0.000100
0.000099
0.000099
0.000098
0.000098
0.000097
0.000097
0.000096
0.000096
0.000095
0.000095
0.000094
0.000094
0.000093
0.000093
0.000092
0.000092
0.000092
0.000091
0.000091
0.000090
0.000090
0.000089
0.000089
0.000088
0.000088
0.000088
0.000087
0.000087
0.000086
0.000086
0.000085
0.000085
0.000085
0.000084
0.000084
0.000083
0.000083
0.000083
0.000082
0.000082
0.000081
0.000081
0.000081
0.000080
0.000080
0.000079
0.000079
0.000079
0.000078
0.000078
0.000078
0.000077
0.000077
0.000076
0.000076
0.000076
0.000075
0.000075
0.000075
0.000074
0.000074
0.000073
0.000073
0.000073
0.000072
0.000072
0.000072
0.000071
0.000071
0.000071
0.000070
0.000070
0.000070
0.000069
0.000069
0.000069
0.000068
0.000068
0.000068
0.000067
0.000067
0.000067
0.000066
0.000066
0.000066
0.000065
0.000065
0.000065
0.000064
0.000064
0.000064
0.000063
0.000063
0.000063
0.000063
0.000062
0.000062
0.000062
0.000061
0.000061
0.000061
0.000060
0.000060
0.000060
0.000060
0.000059
0.000059
0.000059
0.000058
0.000058
0.000058
0.000058
0.000057
0.000057
0.000057
0.000056
0.000056
0.000056
0.000056
0.000055
0.000055
0.000055
0.000055
0.000054
0.000054
0.000054
0.000053
0.000053
0.000053
0.000053
0.000052
0.000052
0.000052
0.000052
0.000051
0.000051
0.000051
0.000051
0.000050
0.000050
0.000050
0.000050
0.000049
0.000049
0.000049
0.000049
0.000048
0.000048
0.000048
0.000048
0.000048
0.000047
0.000047
0.000047
0.000047
0.000046
0.000046
0.000046
0.000046
0.000045
0.000045
0.000045
0.000045
0.000045
0.000044
0.000044
0.000044
0.000044
0.000044
0.000043
0.000043
0.000043
0.000043
0.000042
0.000042
0.000042
0.000042
0.000042
0.000041
0.000041
0.000041
0.000041
0.000041
0.000040
0.000040
0.000040
0.000040
0.000040
0.000039
0.000039
0.000039
0.000039
0.000039
0.000039
0.000038
0.000038
0.000038
0.000038
0.000038
0.000037
0.000037
0.000037
0.000037
0.000037
0.000036
0.000036
0.000036
0.000036
0.000036
0.000036
0.000035
0.000035
0.000035
0.000035
0.000035
0.000035
0.000034
0.000034
0.000034
0.000034
0.000034
0.000034
0.000033
0.000033
0.000033
0.000033
0.000033
0.000033
0.000032
0.000032
0.000032
0.000032
0.000032
0.000032
0.000032
0.000031
0.000031
0.000031
0.000031
0.000031
0.000031
0.000030
0.000030
0.000030
0.000030
0.000030
0.000030
0.000030
0.000029
0.000029
0.000029
0.000029
0.000029
0.000029
0.000029
0.000028
0.000028
0.000028
0.000028
0.000028
0.000028
0.000028
0.000027
0.000027
0.000027
0.000027
0.000027
0.000027
0.000027
0.000027
0.000026
0.000026
0.000026
0.000026
0.000026
0.000026
0.000026
0.000026
0.000025
0.000025
0.000025
0.000025
0.000025
0.000025
0.000025
0.000025
0.000024
0.000024
0.000024
0.000024
0.000024
0.000024
0.000024
0.000024
0.000024
0.000023
0.000023
0.000023
0.000023
0.000023
0.000023
0.000023
0.000023
0.000023
0.000022
0.000022
0.000022
0.000022
0.000022
0.000022
0.000022
0.000022
0.000022
0.000021
0.000021
0.000021
0.000021
0.000021
0.000021
0.000021
0.000021
0.000021
0.000021
0.000020
0.000020
0.000020
0.000020
0.000020
0.000020
0.000020
0.000020
0.000020
0.000020
0.000019
0.000019
0.000019
0.000019
0.000019
0.000019
0.000019
0.000019
0.000019
0.000019
0.000019
0.000018
0.000018
0.000018
0.000018
0.000018
0.000018
0.000018
0.000018
0.000018
0.000018
0.000018
0.000017
0.000017
0.000017
0.000017
0.000017
0.000017
0.000017
0.000017
0.000017
0.000017
0.000017
0.000017
0.000016
0.000016
0.000016
0.000016
0.000016
0.000016
0.000016
0.000016
0.000016
0.000016
0.000016
0.000016
0.000016
0.000015
0.000015
0.000015
0.000015
0.000015
0.000015
0.000015
0.000015
0.000015
0.000015
0.000015
0.000015
0.000015
0.000015
0.000014
0.000014
0.000014
0.000014
0.000014
0.000014
0.000014
0.000014
0.000014
0.000014
0.000014
0.000014
0.000014
0.000014
0.000013
0.000013
0.000013
0.000013
0.000013
0.000013
0.000013
0.000013
0.000013
0.000013
0.000013
0.000013
0.000013
0.000013
0.000013
0.000013
0.000012
0.000012
0.000012
0.000012
0.000012
0.000012
0.000012
0.000012
0.000012
0.000012
0.000012
0.000012
0.000012
0.000012
0.000012
0.000012
0.000012
0.000011
0.000011
0.000011
0.000011
0.000011
0.000011
0.000011
0.000011
0.000011
0.000011
0.000011
0.000011
0.000011
0.000011
0.000011
0.000011
0.000011
0.000011
0.000011
0.000010
0.000010
0.000010
0.000010
0.000010
0.000010
0.000010
0.000010
0.000010
0.000010
0.000010
0.000010
0.000010
0.000010
0.000010
0.000010
0.000010
0.000010
0.000010
0.000010
0.000009
0.000009
0.000009
0.000009
0.000009
0.000009
0.000009
0.000009
0.000009
0.000009
0.000009
0.000009
0.000009
0.000009
0.000009
0.000009
0.000009
0.000009
0.000009
0.000009
0.000009
0.000009
0.000009
0.000008
0.000008
0.000008
0.000008
0.000008
0.000008
0.000008
0.000008
0.000008
0.000008
0.000008
0.000008
0.000008
0.000008
0.000008
0.000008
0.000008
0.000008
0.000008
0.000008
0.000008
0.000008
0.000008
0.000008
0.000008
0.000008
0.000007
0.000007
0.000007
0.000007
0.000007
0.000007
0.000007
0.000007
0.000007
0.000007
0.000007
0.000007
0.000007
0.000007
0.000007
0.000007
0.000007
0.000007
0.000007
0.000007
0.000007
0.000007
0.000007
0.000007
0.000007
0.000007
0.000007
0.000007
0.000007
0.000006
0.000006
0.000006
0.000006
0.000006
0.000006
0.000006
0.000006
0.000006
0.000006
0.000006
0.000006
0.000006
0.000006
0.000006
0.000006
0.000006
0.000006
0.000006
0.000006
0.000006
0.000006
0.000006
0.000006
0.000006
0.000006
0.000006
0.000006
0.000006
0.000006
0.000006
0.000006
0.000006
0.000006
0.000005
0.000005
0.000005
0.000005
0.000005
0.000005
0.000005
0.000005
0.000005
0.000005
0.000005
0.000005
0.000005
0.000005
0.000005
0.000005
0.000005
0.000005
0.000005
0.000005
0.000005
0.000005
0.000005
0.000005
0.000005
0.000005
0.000005
0.000005
0.000005
0.000005
0.000005
0.000005
0.000005
0.000005
0.000005
0.000005
0.000005
0.000005
0.000005
0.000005
0.000005
0.000005
0.000004
0.000004
0.000004
0.000004
0.000004
0.000004
0.000004
0.000004
0.000004
0.000004
0.000004
0.000004
0.000004
0.000004
0.000004
0.000004
0.000004
0.000004
0.000004
0.000004
0.000004
0.000004
0.000004
0.000004
0.000004
0.000004
0.000004
0.000004
0.000004
0.000004
0.000004
0.000004
0.000004
0.000004
0.000004
0.000004
0.000004
0.000004
0.000004
0.000004
0.000004
0.000004
0.000004
0.000004
0.000004
0.000004
0.000004
0.000004
0.000004
0.000004
0.000004
0.000003
0.000003
0.000003
0.000003
0.000003
0.000003
0.000003
0.000003
0.000003
0.000003
0.000003
0.000003
0.000003
0.000003
0.000003
0.000003
0.000003
0.000003
0.000003
0.000003
0.000003
0.000003
0.000003
0.000003
0.000003
0.000003
0.000003
0.000003
0.000003
0.000003
0.000003
0.000003
0.000003
0.000003
0.000003
0.000003
0.000003
0.000003
0.000003
0.000003
0.000003
0.000003
0.000003
0.000003
0.000003
0.000003
0.000003
0.000003
0.000003
0.000003
0.000003
0.000003
0.000003
0.000003
0.000003
0.000003
0.000003
0.000003
0.000003
0.000003
0.000003
0.000003
0.000003
0.000003
0.000003
0.000003
0.000003
0.000003
0.000003
0.000002
0.000002
0.000002
0.000002
0.000002
0.000002
0.000002
0.000002
0.000002
0.000002
0.000002
0.000002
0.000002
0.000002
0.000002
0.000002
0.000002
0.000002
0.000002
0.000002
0.000002
0.000002
0.000002
0.000002
0.000002
0.000002
0.000002
0.000002
0.000002
0.000002
0.000002
0.000002
0.000002
0.000002
0.000002
0.000002
0.000002
0.000002
0.000002
0.000002
0.000002
0.000002
0.000002
0.000002
0.000002
0.000002
0.000002
0.000002
0.000002
0.000002
0.000002
0.000002
0.000002
0.000002
0.000002
0.000002
0.000002
0.000002
0.000002
0.000002
0.000002
0.000002
0.000002
0.000002
0.000002
0.000002
0.000002
0.000002
0.000002
0.000002
0.000002
0.000002
0.000002
0.000002
0.000002
0.000002
0.000002
0.000002
0.000002
0.000002
0.000002
0.000002
0.000002
0.000002
0.000002
0.000002
0.000002
0.000002
0.000002
0.000002
0.000002
0.000002
0.000002
0.000002
0.000002
0.000002
0.000002
0.000002
0.000002
0.000002
0.000002
0.000002
0.000002
0.000002
0.000002
0.000001
0.000001
0.000001
0.000001
0.000001
0.000001
0.000001
0.000001
0.000001
0.000001
0.000001
0.000001
0.000001
0.000001
0.000001
0.000001
0.000001
0.000001
0.000001
0.000001
0.000001
0.000001
0.000001
0.000001
0.000001
0.000001
0.000001
0.000001
0.000001
0.000001
0.000001
0.000001
0.000001
0.000001
0.000001
0.000001
0.000001
0.000001
0.000001
0.000001
0.000001
0.000001
0.000001
0.000001
0.000001
0.000001
0.000001
0.000001
0.000001
0.000001
0.000001
0.000001
0.000001
0.000001
0.000001
0.000001
0.000001
0.000001
0.000001
0.000001
0.000001
0.000001
0.000001
0.000001
0.000001
0.000001
0.000001
0.000001
0.000001
0.000001
0.000001
0.000001
0.000001
0.000001
0.000001
0.000001
0.000001
0.000001
0.000001
0.000001
0.000001
0.000001
0.000001
0.000001
0.000001
0.000001
0.000001
0.000001
0.000001
0.000001
0.000001
0.000001
0.000001
0.000001
0.000001
0.000001
0.000001
0.000001
0.000001
0.000001
0.000001
0.000001
0.000001
0.000001
0.000001
0.000001
0.000001
0.000001
0.000001
0.000001
0.000001
0.000001
0.000001
0.000001
0.000001
0.000001
0.000001
0.000001
0.000001
0.000001
0.000001
0.000001
0.000001
0.000001
0.000001
0.000001
0.000001
0.000001
0.000001
0.000001
0.000001
0.000001
0.000001
0.000001
0.000001
0.000001
0.000001
0.000001
0.000001
0.000001
0.000001
0.000001
0.000001
0.000001
0.000001
0.000001
0.000001
0.000001
0.000001
0.000001
0.000001
0.000001
0.000001
0.000001
0.000001
0.000001
0.000001
0.000001
0.000001
0.000001
0.000001
0.000001
0.000001
0.000001
0.000001
0.000001
0.000001
0.000001
0.000001
0.000001
0.000001
0.000001
0.000001
0.000001
0.000001
0.000001
0.000001
0.000001
0.000001
0.000001
0.000001
0.000001
0.000001
0.000001
0.000001
0.000001
0.000001
0.000001
0.000001
0.000001
0.000001
0.000001
0.000001
0.000001
0.000001
0.000001
0.000001
0.000001
0.000001
0.000001
0.000001
0.000001
0.000001
0.000001
0.000001
0.000001
0.000001
0.000001
0.000001
0.000001
0.000001
0.000001
0.000001
0.000001
0.000001
0.000001
0.000001
0.000001
0.000001
0.000001
0.000001
0.000001
0.000001
0.000001
0.000001
0.000001
0.000001
0.000000
0.000000
0.000000
0.000000
0.000000
0.000000
0.000000
0.000000
0.000000
0.000000
0.000000
0.000000
0.000000
0.000000
0.000000
0.000000
0.000000
0.000000
0.000000
0.000000
0.000000
0.000000
0.000000
0.000000
0.000000
0.000000
0.000000
0.000000
0.000000
0.000000
0.000000
0.000000
0.000000
0.000000
0.000000
0.000000
0.000000
0.000000
0.000000
0.000000
0.000000
0.000000
0.000000
0.000000
0.000000
0.000000
0.000000
0.000000
0.000000
0.000000
0.000000
0.000000
0.000000
0.000000
0.000000
0.000000
0.000000
0.000000
0.000000
0.000000
0.000000
0.000000
0.000000
0.000000
0.000000
0.000000
0.000000
0.000000
0.000000
0.000000
0.000000
0.000000
0.000000
0.000000
0.000000
0.000000
0.000000
0.000000
0.000000
0.000000
0.000000
0.000000
0.000000
0.000000
0.000000
0.000000
0.000000
0.000000
0.000000
0.000000
0.000000
0.000000
0.000000
0.000000
0.000000
0.000000
0.000000
0.000000
0.000000
0.000000
0.000000
0.000000
0.000000
0.000000
0.000000
0.000000
0.000000
0.000000
0.000000
0.000000
0.000000
0.000000
0.000000
0.000000
0.000000
0.000000
0.000000
0.000000
0.000000
0.000000
0.000000
0.000000
0.000000
0.000000
0.000000
0.000000
0.000000
0.000000
0.000000
0.000000
0.000000
0.000000
0.000000
0.000000
0.000000
0.000000
0.000000
0.000000
0.000000
0.000000
0.000000
0.000000
0.000000
0.000000
0.000000
0.000000
0.000000
0.000000
0.000000
0.000000
0.000000
0.000000
0.000000
0.000000
0.000000
0.000000
0.000000
0.000000
0.000000
0.000000
0.000000
0.000000
0.000000
0.000000
0.000000
0.000000
0.000000
0.000000
0.000000
0.000000
0.000000
0.000000
0.000000
0.000000
0.000000
0.000000
0.000000
0.000000
0.000000
0.000000
0.000000
0.000000
0.000000
0.000000
0.000000
0.000000
0.000000
0.000000
0.000000
0.000000
0.000000
0.000000
0.000000
0.000000
0.000000
0.000000
0.000000
0.000000
0.000000
0.000000
0.000000
0.000000
0.000000
0.000000
0.000000
0.000000
0.000000
0.000000
0.000000
0.000000
0.000000
0.000000
0.000000
0.000000
0.000000
0.000000
0.000000
0.000000
0.000000
0.000000
0.000000
0.000000
0.000000
0.000000
0.000000
0.000000
0.000000
0.000000
0.000000
0.000000
0.000000
0.000000
0.000000
0.000000
0.000000
0.000000
0.000000
0.000000
0.000000
0.000000
0.000000
0.000000
0.000000
0.000000
0.000000
0.000000
0.000000
0.000000
0.000000
0.000000
0.000000
0.000000
0.000000
0.000000
0.000000
0.000000
0.000000
0.000000
0.000000
0.000000
0.000000
0.000000
0.000000
0.000000
0.000000
0.000000
0.000000
0.000000
0.000000
0.000000
0.000000
0.000000
0.000000
0.000000
0.000000
0.000000
0.000000
0.000000
0.000000
0.000000
0.000000
0.000000
0.000000
0.000000
0.000000
0.000000
0.000000
0.000000
0.000000
0.000000
0.000000
0.000000
0.000000
0.000000
0.000000
0.000000
0.000000
0.000000
0.000000
0.000000
0.000000
0.000000
0.000000
0.000000
0.000000
0.000000
0.000000
0.000000
0.000000
0.000000
0.000000
0.000000
0.000000
0.000000
0.000000
0.000000
0.000000
0.000000
0.000000
0.000000
0.000000
0.000000
0.000000
0.000000
0.000000
0.000000
0.000000
0.000000
0.000000
0.000000
0.000000
0.000000
0.000000
0.000000
0.000000
0.000000
0.000000
0.000000
0.000000
0.000000
0.000000
0.000000
0.000000
0.000000
0.000000
0.000000
0.000000
0.000000
0.000000
0.000000
0.000000
0.000000
0.000000
0.000000
0.000000
0.000000
0.000000
0.000000
0.000000
0.000000
0.000000
0.000000
0.000000
0.000000
0.000000
0.000000
0.000000
0.000000
0.000000
0.000000
0.000000
0.000000
0.000000
0.000000
0.000000
0.000000
0.000000
0.000000
0.000000
0.000000
0.000000
0.000000
0.000000
0.000000
0.000000
0.000000
0.000000
0.000000
0.000000
0.000000
0.000000
0.000000
0.000000
0.000000
0.000000
0.000000
0.000000
0.000000
0.000000
0.000000
0.000000
0.000000
0.000000
0.000000
0.000000
0.000000
0.000000
0.000000
0.000000
0.000000
0.000000
0.000000
0.000000
0.000000
0.000000
0.000000
0.000000
0.000000
0.000000
0.000000
0.000000
0.000000
0.000000
0.000000
0.000000
0.000000
0.000000
0.000000
0.000000
0.000000
0.000000
0.000000
0.000000
0.000000
0.000000
0.000000
0.000000
0.000000
0.000000
0.000000
0.000000
0.000000
0.000000
0.000000
0.000000
0.000000
0.000000
0.000000
0.000000
0.000000
0.000000
0.000000
0.000000
0.000000
0.000000
0.000000
0.000000
0.000000
0.000000
0.000000
0.000000
0.000000
0.000000
0.000000
0.000000
0.000000
0.000000
0.000000
0.000000
0.000000
0.000000
0.000000
0.000000
0.000000
0.000000
0.000000
0.000000
0.000000
0.000000
0.000000
0.000000
0.000000
0.000000
0.000000
0.000000
0.000000
0.000000
0.000000
0.000000
0.000000
0.000000
0.000000
0.000000
0.000000
0.000000
0.000000
0.000000
0.000000
0.000000
0.000000
0.000000
0.000000
0.000000
0.000000
0.000000
0.000000
0.000000
0.000000
0.000000
0.000000
0.000000
0.000000
0.000000
0.000000
0.000000
0.000000
0.000000
0.000000
0.000000
0.000000
0.000000
0.000000
0.000000
0.000000
0.000000
0.000000
0.000000
0.000000
0.000000
0.000000
0.000000
0.000000
0.000000
0.000000
0.000000
0.000000
0.000000
0.000000
0.000000
0.000000
0.000000
0.000000
0.000000
0.000000
0.000000
0.000000
0.000000
0.000000
0.000000
0.000000
0.000000
0.000000
0.000000
0.000000
0.000000
0.000000
0.000000
0.000000
0.000000
0.000000
0.000000
0.000000
0.000000
0.000000
0.000000
0.000000
0.000000
0.000000
0.000000
0.000000
0.000000
0.000000
0.000000
0.000000
0.000000
0.000000
0.000000
0.000000
0.000000
0.000000
0.000000
0.000000
0.000000
0.000000
0.000000
0.000000
0.000000
0.000000
0.000000
0.000000
0.000000
0.000000
0.000000
0.000000
0.000000
0.000000
0.000000
0.000000
0.000000
0.000000
0.000000
0.000000
0.000000
0.000000
0.000000
0.000000
0.000000
0.000000
0.000000
0.000000
0.000000
0.000000
0.000000
0.000000
0.000000
0.000000
0.000000
0.000000
0.000000
0.000000
0.000000
0.000000
0.000000
0.000000
0.000000
0.000000
0.000000
0.000000
0.000000
0.000000
0.000000
0.000000
0.000000
0.000000
0.000000
0.000000
0.000000
0.000000
0.000000
0.000000
0.000000
0.000000
0.000000
0.000000
0.000000
0.000000
0.000000
0.000000
0.000000
0.000000
0.000000
0.000000
0.000000
0.000000
0.000000
0.000000
0.000000
0.000000
0.000000
0.000000
0.000000
0.000000
0.000000
0.000000
0.000000
0.000000
0.000000
0.000000
0.000000
0.000000
0.000000
0.000000
0.000000
0.000000
0.000000
0.000000
0.000000
0.000000
0.000000
0.000000
0.000000
0.000000
0.000000
0.000000
0.000000
0.000000
0.000000
0.000000
0.000000
0.000000
0.000000
0.000000
0.000000
0.000000
0.000000
0.000000
0.000000
0.000000
0.000000
