1.000000
0.938017
0.314296
0.314424
0.314517
0.314610
0.314703
0.314795
0.314887
0.314979
0.315070
0.315161
0.315251
0.315341
0.315431
0.315520
0.315609
0.315698
0.315786
0.315874
0.315962
0.316049
0.316136
0.316223
0.316309
0.316394
0.316480
0.316565
0.316650
0.316734
0.316818
0.316901
0.316985
0.317068
0.317150
0.317232
0.317314
0.317395
0.317476
0.317557
0.317637
0.317717
0.317797
0.317876
0.317954
0.318033
0.318111
0.318189
0.318266
0.318343
0.318419
0.318495
0.318571
0.318647
0.318722
0.318796
0.318871
0.318944
0.319018
0.319091
0.319164
0.319236
0.319308
0.319380
0.319451
0.319522
0.319592
0.319662
0.319732
0.319801
0.319870
0.319939
0.320007
0.320075
0.320142
0.320209
0.320276
0.320342
0.320408
0.320474
0.320539
0.320603
0.320668
0.320732
0.320795
0.320858
0.320921
0.320983
0.321045
0.321107
0.321168
0.321229
0.321289
0.321349
0.321409
0.321468
0.321527
0.321585
0.321643
0.321701
0.321758
0.321815
0.321872
0.321928
0.321983
0.322039
0.322094
0.322148
0.322202
0.322256
0.322309
0.322362
0.322415
0.322467
0.322518
0.322570
0.322621
0.322671
0.322721
0.322771
0.322820
0.322869
0.322918
0.322966
0.323014
0.323061
0.323108
0.323154
0.323200
0.323246
0.323291
0.323336
0.323381
0.323425
0.323469
0.323512
0.323555
0.323597
0.323639
0.323681
0.323722
0.323763
0.323804
0.323844
0.323883
0.323922
0.323961
0.324000
0.324038
0.324075
0.324112
0.324149
0.324186
0.324222
0.324257
0.324292
0.324327
0.324361
0.324395
0.324429
0.324462
0.324495
0.324527
0.324559
0.324590
0.324621
0.324652
0.324682
0.324712
0.324742
0.324771
0.324799
0.324827
0.324855
0.324882
0.324909
0.324936
0.324962
0.324988
0.325013
0.325038
0.325062
0.325086
0.325110
0.325133
0.325156
0.325179
0.325201
0.325222
0.325243
0.325264
0.325284
0.325304
0.325324
0.325343
0.325362
0.325380
0.325398
0.325415
0.325432
0.325449
0.325465
0.325481
0.325496
0.325511
0.325526
0.325540
0.325554
0.325567
0.325580
0.325592
0.325604
0.325616
0.325627
0.325638
0.325648
0.325658
0.325668
0.325677
0.325686
0.325694
0.325702
0.325710
0.325717
0.325723
0.325730
0.325735
0.325741
0.325746
0.325750
0.325754
0.325758
0.325762
0.325764
0.325767
0.325769
0.325771
0.325772
0.325773
0.325773
0.325773
0.325773
0.325772
0.325771
0.325769
0.325767
0.325764
0.325762
0.325758
0.325754
0.325750
0.325746
0.325741
0.325735
0.325730
0.325723
0.325717
0.325710
0.325702
0.325694
0.325686
0.325677
0.325668
0.325659
0.325649
0.325638
0.325627
0.325616
0.325605
0.325593
0.325580
0.325567
0.325554
0.325540
0.325526
0.325512
0.325497
0.325482
0.325466
0.325450
0.325433
0.325416
0.325399
0.325381
0.325363
0.325344
0.325325
0.325305
0.325286
0.325265
0.325245
0.325224
0.325202
0.325180
0.325158
0.325135
0.325112
0.325088
0.325064
0.325040
0.325015
0.324990
0.324964
0.324938
0.324912
0.324885
0.324858
0.324830
0.324802
0.324774
0.324745
0.324715
0.324686
0.324656
0.324625
0.324594
0.324563
0.324531
0.324499
0.324466
0.324434
0.324400
0.324366
0.324332
0.324298
0.324263
0.324227
0.324192
0.324155
0.324119
0.324082
0.324044
0.324007
0.323968
0.323930
0.323891
0.323851
0.323812
0.323771
0.323731
0.323690
0.323648
0.323607
0.323564
0.323522
0.323479
0.323435
0.323392
0.323347
0.323303
0.323258
0.323212
0.323167
0.323120
0.323074
0.323027
0.322979
0.322932
0.322884
0.322835
0.322786
0.322737
0.322687
0.322637
0.322586
0.322535
0.322484
0.322432
0.322380
0.322328
0.322275
0.322222
0.322168
0.322114
0.322059
0.322005
0.321949
0.321894
0.321838
0.321781
0.321725
0.321667
0.321610
0.321552
0.321494
0.321435
0.321376
0.321316
0.321256
0.321196
0.321135
0.321074
0.321013
0.320951
0.320889
0.320827
0.320764
0.320700
0.320637
0.320573
0.320508
0.320443
0.320378
0.320312
0.320246
0.320180
0.320113
0.320046
0.319979
0.319911
0.319843
0.319774
0.319705
0.319636
0.319566
0.319496
0.319425
0.319355
0.319283
0.319212
0.319140
0.319067
0.318995
0.318922
0.318848
0.318774
0.318700
0.318626
0.318551
0.318475
0.318400
0.318324
0.318247
0.318171
0.318093
0.318016
0.317938
0.317860
0.317781
0.317702
0.317623
0.317543
0.317463
0.317383
0.317302
0.317221
0.317140
0.317058
0.316976
0.316893
0.316810
0.316727
0.316643
0.316559
0.316475
0.316390
0.316305
0.316220
0.316134
0.316048
0.315962
0.315875
0.315788
0.315700
0.315612
0.315524
0.315436
0.315347
0.315257
0.315168
0.315078
0.314988
0.314897
0.314806
0.314715
0.314623
0.314531
0.314439
0.314346
0.314253
0.314159
0.314066
0.313972
0.313877
0.313783
0.313687
0.313592
0.313496
0.313400
0.313304
0.313207
0.313110
0.313012
0.312915
0.312817
0.312718
0.312619
0.312520
0.312421
0.312321
0.312221
0.312120
0.312020
0.311919
0.311817
0.311715
0.311613
0.311511
0.311408
0.311305
0.311202
0.311098
0.310994
0.310890
0.310785
0.310680
0.310575
0.310469
0.310363
0.310257
0.310150
0.310044
0.309936
0.309829
0.309721
0.309613
0.309504
0.309396
0.309286
0.309177
0.309067
0.308957
0.308847
0.308736
0.308625
0.308514
0.308402
0.308290
0.308178
0.308066
0.307953
0.307840
0.307726
0.307613
0.307499
0.307384
0.307270
0.307155
0.307039
0.306924
0.306808
0.306692
0.306575
0.306459
0.306342
0.306224
0.306107
0.305989
0.305871
0.305752
0.305633
0.305514
0.305395
0.305275
0.305155
0.305035
0.304914
0.304793
0.304672
0.304551
0.304429
0.304307
0.304185
0.304062
0.303939
0.303816
0.303693
0.303569
0.303445
0.303321
0.303196
0.303072
0.302946
0.302821
0.302695
0.302569
0.302443
0.302317
0.302190
0.302063
0.301936
0.301808
0.301680
0.301552
0.301424
0.301295
0.301166
0.301037
0.300907
0.300778
0.300648
0.300517
0.300387
0.300256
0.300125
0.299994
0.299862
0.299730
0.299598
0.299466
0.299333
0.299200
0.299067
0.298934
0.298800
0.298666
0.298532
0.298397
0.298263
0.298128
0.297993
0.297857
0.297721
0.297586
0.297449
0.297313
0.297176
0.297039
0.296902
0.296765
0.296627
0.296489
0.296351
0.296212
0.296074
0.295935
0.295796
0.295656
0.295517
0.295377
0.295237
0.295096
0.294956
0.294815
0.294674
0.294532
0.294391
0.294249
0.294107
0.293965
0.293822
0.293680
0.293537
0.293394
0.293250
0.293107
0.292963
0.292819
0.292674
0.292530
0.292385
0.292240
0.292095
0.291950
0.291804
0.291658
0.291512
0.291366
0.291219
0.291072
0.290925
0.290778
0.290631
0.290483
0.290335
0.290187
0.290039
0.289891
0.289742
0.289593
0.289444
0.289295
0.289145
0.288995
0.288845
0.288695
0.288545
0.288394
0.288244
0.288093
0.287941
0.287790
0.287638
0.287487
0.287335
0.287182
0.287030
0.286878
0.286725
0.286572
0.286419
0.286265
0.286112
0.285958
0.285804
0.285650
0.285495
0.285341
0.285186
0.285031
0.284876
0.284721
0.284565
0.284410
0.284254
0.284098
0.283941
0.283785
0.283628
0.283472
0.283315
0.283158
0.283000
0.282843
0.282685
0.282527
0.282369
0.282211
0.282052
0.281894
0.281735
0.281576
0.281417
0.281258
0.281098
0.280939
0.280779
0.280619
0.280459
0.280298
0.280138
0.279977
0.279817
0.279656
0.279494
0.279333
0.279172
0.279010
0.278848
0.278686
0.278524
0.278362
0.278199
0.278037
0.277874
0.277711
0.277548
0.277385
0.277221
0.277058
0.276894
0.276730
0.276566
0.276402
0.276238
0.276073
0.275909
0.275744
0.275579
0.275414
0.275249
0.275083
0.274918
0.274752
0.274586
0.274420
0.274254
0.274088
0.273921
0.273755
0.273588
0.273421
0.273255
0.273087
0.272920
0.272753
0.272585
0.272418
0.272250
0.272082
0.271914
0.271746
0.271578
0.271409
0.271241
0.271072
0.270903
0.270734
0.270565
0.270396
0.270226
0.270057
0.269887
0.269718
0.269548
0.269378
0.269208
0.269037
0.268867
0.268697
0.268526
0.268355
0.268184
0.268014
0.267842
0.267671
0.267500
0.267329
0.267157
0.266985
0.266814
0.266642
0.266470
0.266298
0.266125
0.265953
0.265781
0.265608
0.265435
0.265263
0.265090
0.264917
0.264744
0.264571
0.264397
0.264224
0.264050
0.263877
0.263703
0.263529
0.263355
0.263181
0.263007
0.262833
0.262659
0.262484
0.262310
0.262135
0.261960
0.261786
0.261611
0.261436
0.261261
0.261086
0.260910
0.260735
0.260559
0.260384
0.260208
0.260033
0.259857
0.259681
0.259505
0.259329
0.259153
0.258976
0.258800
0.258624
0.258447
0.258271
0.258094
0.257917
0.257740
0.257563
0.257386
0.257209
0.257032
0.256855
0.256678
0.256500
0.256323
0.256145
0.255968
0.255790
0.255612
0.255434
0.255257
0.255079
0.254901
0.254722
0.254544
0.254366
0.254188
0.254009
0.253831
0.253652
0.253474
0.253295
0.253116
0.252938
0.252759
0.252580
0.252401
0.252222
0.252043
0.251863
0.251684
0.251505
0.251326
0.251146
0.250967
0.250787
0.250608
0.250428
0.250248
0.250069
0.249889
0.249709
0.249529
0.249349
0.249169
0.248989
0.248809
0.248629
0.248448
0.248268
0.248088
0.247907
0.247727
0.247547
0.247366
0.247185
0.247005
0.246824
0.246643
0.246463
0.246282
0.246101
0.245920
0.245739
0.245558
0.245377
0.245196
0.245015
0.244834
0.244653
0.244472
0.244291
0.244109
0.243928
0.243747
0.243565
0.243384
0.243202
0.243021
0.242839
0.242658
0.242476
0.242295
0.242113
0.241931
0.241750
0.241568
0.241386
0.241204
0.241023
0.240841
0.240659
0.240477
0.240295
0.240113
0.239931
0.239749
0.239567
0.239385
0.239203
0.239021
0.238839
0.238657
0.238474
0.238292
0.238110
0.237928
0.237746
0.237563
0.237381
0.237199
0.237016
0.236834
0.236652
0.236469
0.236287
0.236105
0.235922
0.235740
0.235557
0.235375
0.235193
0.235010
0.234828
0.234645
0.234463
0.234280
0.234098
0.233915
0.233733
0.233550
0.233368
0.233185
0.233002
0.232820
0.232637
0.232455
0.232272
0.232090
0.231907
0.231724
0.231542
0.231359
0.231177
0.230994
0.230812
0.230629
0.230446
0.230264
0.230081
0.229899
0.229716
0.229533
0.229351
0.229168
0.228986
0.228803
0.228621
0.228438
0.228256
0.228073
0.227890
0.227708
0.227525
0.227343
0.227160
0.226978
0.226795
0.226613
0.226431
0.226248
0.226066
0.225883
0.225701
0.225518
0.225336
0.225154
0.224971
0.224789
0.224607
0.224424
0.224242
0.224060
0.223877
0.223695
0.223513
0.223331
0.223149
0.222966
0.222784
0.222602
0.222420
0.222238
0.222056
0.221874
0.221692
0.221510
0.221328
0.221146
0.220964
0.220782
0.220600
0.220418
0.220236
0.220054
0.219873
0.219691
0.219509
0.219327
0.219146
0.218964
0.218782
0.218601
0.218419
0.218238
0.218056
0.217875
0.217693
0.217512
0.217330
0.217149
0.216968
0.216786
0.216605
0.216424
0.216243
0.216061
0.215880
0.215699
0.215518
0.215337
0.215156
0.214975
0.214794
0.214613
0.214432
0.214252
0.214071
0.213890
0.213709
0.213529
0.213348
0.213167
0.212987
0.212806
0.212626
0.212445
0.212265
0.212085
0.211904
0.211724
0.211544
0.211364
0.211184
0.211004
0.210824
0.210644
0.210464
0.210284
0.210104
0.209924
0.209744
0.209565
0.209385
0.209205
0.209026
0.208846
0.208667
0.208487
0.208308
0.208128
0.207949
0.207770
0.207591
0.207412
0.207233
0.207053
0.206875
0.206696
0.206517
0.206338
0.206159
0.205980
0.205802
0.205623
0.205445
0.205266
0.205088
0.204909
0.204731
0.204553
0.204374
0.204196
0.204018
0.203840
0.203662
0.203484
0.203306
0.203128
0.202950
0.202773
0.202595
0.202417
0.202240
0.202062
0.201885
0.201708
0.201530
0.201353
0.201176
0.200999
0.200822
0.200645
0.200468
0.200291
0.200114
0.199937
0.199761
0.199584
0.199408
0.199231
0.199055
0.198878
0.198702
0.198526
0.198350
0.198174
0.197998
0.197822
0.197646
0.197470
0.197294
0.197118
0.196943
0.196767
0.196592
0.196416
0.196241
0.196066
0.195890
0.195715
0.195540
0.195365
0.195190
0.195015
0.194841
0.194666
0.194491
0.194317
0.194142
0.193968
0.193793
0.193619
0.193445
0.193271
0.193097
0.192923
0.192749
0.192575
0.192401
0.192227
0.192054
0.191880
0.191707
0.191533
0.191360
0.191187
0.191014
0.190840
0.190667
0.190495
0.190322
0.190149
0.189976
0.189804
0.189631
0.189459
0.189286
0.189114
0.188942
0.188769
0.188597
0.188425
0.188253
0.188082
0.187910
0.187738
0.187566
0.187395
0.187224
0.187052
0.186881
0.186710
0.186539
0.186368
0.186197
0.186026
0.185855
0.185684
0.185514
0.185343
0.185173
0.185002
0.184832
0.184662
0.184492
0.184322
0.184152
0.183982
0.183812
0.183642
0.183473
0.183303
0.183134
0.182965
0.182795
0.182626
0.182457
0.182288
0.182119
0.181950
0.181782
0.181613
0.181444
0.181276
0.181107
0.180939
0.180771
0.180603
0.180435
0.180267
0.180099
0.179931
0.179764
0.179596
0.179428
0.179261
0.179094
0.178927
0.178759
0.178592
0.178425
0.178259
0.178092
0.177925
0.177758
0.177592
0.177426
0.177259
0.177093
0.176927
0.176761
0.176595
0.176429
0.176263
0.176098
0.175932
0.175767
0.175601
0.175436
0.175271
0.175106
0.174941
0.174776
0.174611
0.174446
0.174282
0.174117
0.173953
0.173788
0.173624
0.173460
0.173296
0.173132
0.172968
0.172804
0.172641
0.172477
0.172314
0.172150
0.171987
0.171824
0.171661
0.171498
0.171335
0.171172
0.171009
0.170847
0.170684
0.170522
0.170359
0.170197
0.170035
0.169873
0.169711
0.169549
0.169388
0.169226
0.169065
0.168903
0.168742
0.168581
0.168419
0.168258
0.168098
0.167937
0.167776
0.167615
0.167455
0.167294
0.167134
0.166974
0.166814
0.166654
0.166494
0.166334
0.166174
0.166015
0.165855
0.165696
0.165537
0.165377
0.165218
0.165059
0.164900
0.164742
0.164583
0.164424
0.164266
0.164107
0.163949
0.163791
0.163633
0.163475
0.163317
0.163159
0.163002
0.162844
0.162687
0.162529
0.162372
0.162215
0.162058
0.161901
0.161744
0.161587
0.161431
0.161274
0.161118
0.160962
0.160805
0.160649
0.160493
0.160337
0.160182
0.160026
0.159870
0.159715
0.159559
0.159404
0.159249
0.159094
0.158939
0.158784
0.158630
0.158475
0.158320
0.158166
0.158012
0.157858
0.157703
0.157549
0.157396
0.157242
0.157088
0.156935
0.156781
0.156628
0.156475
0.156321
0.156168
0.156016
0.155863
0.155710
0.155557
0.155405
0.155253
0.155100
0.154948
0.154796
0.154644
0.154492
0.154341
0.154189
0.154037
0.153886
0.153735
0.153584
0.153433
0.153282
0.153131
0.152980
0.152829
0.152679
0.152528
0.152378
0.152228
0.152078
0.151928
0.151778
0.151628
0.151478
0.151329
0.151179
0.151030
0.150881
0.150732
0.150583
0.150434
0.150285
0.150136
0.149988
0.149839
0.149691
0.149543
0.149395
0.149247
0.149099
0.148951
0.148803
0.148656
0.148508
0.148361
0.148214
0.148066
0.147919
0.147772
0.147626
0.147479
0.147332
0.147186
0.147040
0.146893
0.146747
0.146601
0.146455
0.146309
0.146164
0.146018
0.145873
0.145727
0.145582
0.145437
0.145292
0.145147
0.145002
0.144857
0.144713
0.144568
0.144424
0.144280
0.144135
0.143991
0.143847
0.143704
0.143560
0.143416
0.143273
0.143130
0.142986
0.142843
0.142700
0.142557
0.142414
0.142272
0.142129
0.141987
0.141844
0.141702
0.141560
0.141418
0.141276
0.141134
0.140992
0.140851
0.140709
0.140568
0.140427
0.140286
0.140145
0.140004
0.139863
0.139722
0.139582
0.139441
0.139301
0.139161
0.139020
0.138880
0.138740
0.138601
0.138461
0.138321
0.138182
0.138043
0.137903
0.137764
0.137625
0.137486
0.137348
0.137209
0.137070
0.136932
0.136794
0.136655
0.136517
0.136379
0.136241
0.136104
0.135966
0.135828
0.135691
0.135554
0.135416
0.135279
0.135142
0.135005
0.134869
0.134732
0.134595
0.134459
0.134323
0.134187
0.134050
0.133914
0.133779
0.133643
0.133507
0.133372
0.133236
0.133101
0.132966
0.132831
0.132696
0.132561
0.132426
0.132291
0.132157
0.132023
0.131888
0.131754
0.131620
0.131486
0.131352
0.131218
0.131085
0.130951
0.130818
0.130685
0.130551
0.130418
0.130285
0.130153
0.130020
0.129887
0.129755
0.129622
0.129490
0.129358
0.129226
0.129094
0.128962
0.128830
0.128699
0.128567
0.128436
0.128305
0.128174
0.128042
0.127912
0.127781
0.127650
0.127519
0.127389
0.127259
0.127128
0.126998
0.126868
0.126738
0.126608
0.126479
0.126349
0.126220
0.126090
0.125961
0.125832
0.125703
0.125574
0.125445
0.125316
0.125188
0.125059
0.124931
0.124803
0.124675
0.124546
0.124419
0.124291
0.124163
0.124035
0.123908
0.123781
0.123653
0.123526
0.123399
0.123272
0.123146
0.123019
0.122892
0.122766
0.122639
0.122513
0.122387
0.122261
0.122135
0.122009
0.121884
0.121758
0.121632
0.121507
0.121382
0.121257
0.121132
0.121007
0.120882
0.120757
0.120633
0.120508
0.120384
0.120260
0.120135
0.120011
0.119887
0.119764
0.119640
0.119516
0.119393
0.119269
0.119146
0.119023
0.118900
0.118777
0.118654
0.118531
0.118409
0.118286
0.118164
0.118042
0.117920
0.117798
0.117676
0.117554
0.117432
0.117310
0.117189
0.117067
0.116946
0.116825
0.116704
0.116583
0.116462
0.116341
0.116221
0.116100
0.115980
0.115859
0.115739
0.115619
0.115499
0.115379
0.115260
0.115140
0.115020
0.114901
0.114782
0.114662
0.114543
0.114424
0.114305
0.114187
0.114068
0.113949
0.113831
0.113713
0.113594
0.113476
0.113358
0.113240
0.113122
0.113005
0.112887
0.112770
0.112652
0.112535
0.112418
0.112301
0.112184
0.112067
0.111950
0.111834
0.111717
0.111601
0.111485
0.111368
0.111252
0.111136
0.111020
0.110905
0.110789
0.110673
0.110558
0.110443
0.110327
0.110212
0.110097
0.109982
0.109868
0.109753
0.109638
0.109524
0.109410
0.109295
0.109181
0.109067
0.108953
0.108839
0.108726
0.108612
0.108498
0.108385
0.108272
0.108159
0.108045
0.107932
0.107820
0.107707
0.107594
0.107482
0.107369
0.107257
0.107144
0.107032
0.106920
0.106808
0.106697
0.106585
0.106473
0.106362
0.106250
0.106139
0.106028
0.105917
0.105806
0.105695
0.105584
0.105473
0.105363
0.105252
0.105142
0.105032
0.104922
0.104812
0.104702
0.104592
0.104482
0.104373
0.104263
0.104154
0.104044
0.103935
0.103826
0.103717
0.103608
0.103499
0.103391
0.103282
0.103174
0.103065
0.102957
0.102849
0.102741
0.102633
0.102525
0.102417
0.102309
0.102202
0.102094
0.101987
0.101880
0.101773
0.101666
0.101559
0.101452
0.101345
0.101239
0.101132
0.101026
0.100919
0.100813
0.100707
0.100601
0.100495
0.100389
0.100284
0.100178
0.100073
0.099967
0.099862
0.099757
0.099652
0.099547
0.099442
0.099337
0.099232
0.099128
0.099023
0.098919
0.098815
0.098710
0.098606
0.098502
0.098398
0.098295
0.098191
0.098087
0.097984
0.097881
0.097777
0.097674
0.097571
0.097468
0.097365
0.097262
0.097160
0.097057
0.096955
0.096852
0.096750
0.096648
0.096546
0.096444
0.096342
0.096240
0.096139
0.096037
0.095936
0.095834
0.095733
0.095632
0.095531
0.095430
0.095329
0.095228
0.095127
0.095027
0.094926
0.094826
0.094726
0.094625
0.094525
0.094425
0.094325
0.094226
0.094126
0.094026
0.093927
0.093828
0.093728
0.093629
0.093530
0.093431
0.093332
0.093233
0.093134
0.093036
0.092937
0.092839
0.092741
0.092642
0.092544
0.092446
0.092348
0.092250
0.092153
0.092055
0.091957
0.091860
0.091763
0.091665
0.091568
0.091471
0.091374
0.091277
0.091181
0.091084
0.090987
0.090891
0.090794
0.090698
0.090602
0.090506
0.090410
0.090314
0.090218
0.090122
0.090027
0.089931
0.089836
0.089740
0.089645
0.089550
0.089455
0.089360
0.089265
0.089170
0.089076
0.088981
0.088887
0.088792
0.088698
0.088604
0.088510
0.088416
0.088322
0.088228
0.088134
0.088041
0.087947
0.087854
0.087760
0.087667
0.087574
0.087481
0.087388
0.087295
0.087202
0.087109
0.087017
0.086924
0.086832
0.086739
0.086647
0.086555
0.086463
0.086371
0.086279
0.086187
0.086096
0.086004
0.085913
0.085821
0.085730
0.085639
0.085548
0.085457
0.085366
0.085275
0.085184
0.085093
0.085003
0.084912
0.084822
0.084732
0.084641
0.084551
0.084461
0.084371
0.084281
0.084192
0.084102
0.084012
0.083923
0.083834
0.083744
0.083655
0.083566
0.083477
0.083388
0.083299
0.083210
0.083122
0.083033
0.082945
0.082856
0.082768
0.082680
0.082592
0.082504
0.082416
0.082328
0.082240
0.082152
0.082065
0.081977
0.081890
0.081803
0.081715
0.081628
0.081541
0.081454
0.081367
0.081280
0.081194
0.081107
0.081021
0.080934
0.080848
0.080762
0.080675
0.080589
0.080503
0.080417
0.080332
0.080246
0.080160
0.080075
0.079989
0.079904
0.079819
0.079733
0.079648
0.079563
0.079478
0.079393
0.079309
0.079224
0.079139
0.079055
0.078970
0.078886
0.078802
0.078718
0.078634
0.078550
0.078466
0.078382
0.078298
0.078214
0.078131
0.078047
0.077964
0.077881
0.077798
0.077714
0.077631
0.077548
0.077466
0.077383
0.077300
0.077217
0.077135
0.077052
0.076970
0.076888
0.076806
0.076724
0.076642
0.076560
0.076478
0.076396
0.076314
0.076233
0.076151
0.076070
0.075988
0.075907
0.075826
0.075745
0.075664
0.075583
0.075502
0.075421
0.075341
0.075260
0.075180
0.075099
0.075019
0.074939
0.074858
0.074778
0.074698
0.074618
0.074538
0.074459
0.074379
0.074299
0.074220
0.074140
0.074061
0.073982
0.073903
0.073824
0.073745
0.073666
0.073587
0.073508
0.073429
0.073351
0.073272
0.073194
0.073115
0.073037
0.072959
0.072881
0.072803
0.072725
0.072647
0.072569
0.072491
0.072414
0.072336
0.072259
0.072181
0.072104
0.072027
0.071950
0.071873
0.071796
0.071719
0.071642
0.071565
0.071488
0.071412
0.071335
0.071259
0.071183
0.071106
0.071030
0.070954
0.070878
0.070802
0.070726
0.070650
0.070575
0.070499
0.070423
0.070348
0.070273
0.070197
0.070122
0.070047
0.069972
0.069897
0.069822
0.069747
0.069672
0.069598
0.069523
0.069448
0.069374
0.069300
0.069225
0.069151
0.069077
0.069003
0.068929
0.068855
0.068781
0.068707
0.068634
0.068560
0.068487
0.068413
0.068340
0.068266
0.068193
0.068120
0.068047
0.067974
0.067901
0.067828
0.067756
0.067683
0.067610
0.067538
0.067465
0.067393
0.067321
0.067248
0.067176
0.067104
0.067032
0.066960
0.066888
0.066817
0.066745
0.066673
0.066602
0.066530
0.066459
0.066388
0.066316
0.066245
0.066174
0.066103
0.066032
0.065961
0.065891
0.065820
0.065749
0.065679
0.065608
0.065538
0.065467
0.065397
0.065327
0.065257
0.065187
0.065117
0.065047
0.064977
0.064907
0.064838
0.064768
0.064699
0.064629
0.064560
0.064490
0.064421
0.064352
0.064283
0.064214
0.064145
0.064076
0.064007
0.063939
0.063870
0.063801
0.063733
0.063664
0.063596
0.063528
0.063460
0.063391
0.063323
0.063255
0.063187
0.063120
0.063052
0.062984
0.062916
0.062849
0.062781
0.062714
0.062647
0.062579
0.062512
0.062445
0.062378
0.062311
0.062244
0.062177
0.062110
0.062044
0.061977
0.061910
0.061844
0.061777
0.061711
0.061645
0.061579
0.061512
0.061446
0.061380
0.061314
0.061249
0.061183
0.061117
0.061051
0.060986
0.060920
0.060855
0.060789
0.060724
0.060659
0.060594
0.060529
0.060464
0.060399
0.060334
0.060269
0.060204
0.060139
0.060075
0.060010
0.059946
0.059881
0.059817
0.059753
0.059689
0.059624
0.059560
0.059496
0.059432
0.059369
0.059305
0.059241
0.059177
0.059114
0.059050
0.058987
0.058923
0.058860
0.058797
0.058734
0.058670
0.058607
0.058544
0.058482
0.058419
0.058356
0.058293
0.058231
0.058168
0.058105
0.058043
0.057981
0.057918
0.057856
0.057794
0.057732
0.057670
0.057608
0.057546
0.057484
0.057422
0.057360
0.057299
0.057237
0.057176
0.057114
0.057053
0.056991
0.056930
0.056869
0.056808
0.056747
0.056686
0.056625
0.056564
0.056503
0.056442
0.056382
0.056321
0.056261
0.056200
0.056140
0.056079
0.056019
0.055959
0.055899
0.055839
0.055779
0.055719
0.055659
0.055599
0.055539
0.055479
0.055420
0.055360
0.055301
0.055241
0.055182
0.055123
0.055063
0.055004
0.054945
0.054886
0.054827
0.054768
0.054709
0.054650
0.054592
0.054533
0.054474
0.054416
0.054357
0.054299
0.054240
0.054182
0.054124
0.054066
0.054007
0.053949
0.053891
0.053833
0.053776
0.053718
0.053660
0.053602
0.053545
0.053487
0.053430
0.053372
0.053315
0.053257
0.053200
0.053143
0.053086
0.053029
0.052972
0.052915
0.052858
0.052801
0.052744
0.052688
0.052631
0.052574
0.052518
0.052461
0.052405
0.052349
0.052292
0.052236
0.052180
0.052124
0.052068
0.052012
0.051956
0.051900
0.051844
0.051789
0.051733
0.051677
0.051622
0.051566
0.051511
0.051455
0.051400
0.051345
0.051290
0.051235
0.051179
0.051124
0.051069
0.051015
0.050960
0.050905
0.050850
0.050796
0.050741
0.050686
0.050632
0.050577
0.050523
0.050469
0.050415
0.050360
0.050306
0.050252
0.050198
0.050144
0.050090
0.050036
0.049983
0.049929
0.049875
0.049822
0.049768
0.049714
0.049661
0.049608
0.049554
0.049501
0.049448
0.049395
0.049342
0.049289
0.049236
0.049183
0.049130
0.049077
0.049024
0.048971
0.048919
0.048866
0.048814
0.048761
0.048709
0.048656
0.048604
0.048552
0.048500
0.048448
0.048396
0.048344
0.048292
0.048240
0.048188
0.048136
0.048084
0.048033
0.047981
0.047929
0.047878
0.047826
0.047775
0.047724
0.047672
0.047621
0.047570
0.047519
0.047468
0.047417
0.047366
0.047315
0.047264
0.047213
0.047162
0.047112
0.047061
0.047011
0.046960
0.046910
0.046859
0.046809
0.046758
0.046708
0.046658
0.046608
0.046558
0.046508
0.046458
0.046408
0.046358
0.046308
0.046258
0.046209
0.046159
0.046109
0.046060
0.046010
0.045961
0.045912
0.045862
0.045813
0.045764
0.045715
0.045665
0.045616
0.045567
0.045518
0.045469
0.045421
0.045372
0.045323
0.045274
0.045226
0.045177
0.045129
0.045080
0.045032
0.044983
0.044935
0.044887
0.044838
0.044790
0.044742
0.044694
0.044646
0.044598
0.044550
0.044502
0.044454
0.044407
0.044359
0.044311
0.044264
0.044216
0.044169
0.044121
0.044074
0.044027
0.043979
0.043932
0.043885
0.043838
0.043791
0.043744
0.043697
0.043650
0.043603
0.043556
0.043509
0.043462
0.043416
0.043369
0.043322
0.043276
0.043229
0.043183
0.043137
0.043090
0.043044
0.042998
0.042952
0.042905
0.042859
0.042813
0.042767
0.042721
0.042676
0.042630
0.042584
0.042538
0.042493
0.042447
0.042401
0.042356
0.042310
0.042265
0.042220
0.042174
0.042129
0.042084
0.042038
0.041993
0.041948
0.041903
0.041858
0.041813
0.041768
0.041724
0.041679
0.041634
0.041589
0.041545
0.041500
0.041456
0.041411
0.041367
0.041322
0.041278
0.041233
0.041189
0.041145
0.041101
0.041057
0.041013
0.040969
0.040925
0.040881
0.040837
0.040793
0.040749
0.040705
0.040662
0.040618
0.040575
0.040531
0.040487
0.040444
0.040401
0.040357
0.040314
0.040271
0.040227
0.040184
0.040141
0.040098
0.040055
0.040012
0.039969
0.039926
0.039883
0.039841
0.039798
0.039755
0.039712
0.039670
0.039627
0.039585
0.039542
0.039500
0.039457
0.039415
0.039373
0.039331
0.039288
0.039246
0.039204
0.039162
0.039120
0.039078
0.039036
0.038994
0.038952
0.038911
0.038869
0.038827
0.038786
0.038744
0.038702
0.038661
0.038619
0.038578
0.038537
0.038495
0.038454
0.038413
0.038372
0.038330
0.038289
0.038248
0.038207
0.038166
0.038125
0.038084
0.038044
0.038003
0.037962
0.037921
0.037881
0.037840
0.037799
0.037759
0.037718
0.037678
0.037638
0.037597
0.037557
0.037517
0.037476
0.037436
0.037396
0.037356
0.037316
0.037276
0.037236
0.037196
0.037156
0.037116
0.037077
0.037037
0.036997
0.036957
0.036918
0.036878
0.036839
0.036799
0.036760
0.036720
0.036681
0.036642
0.036602
0.036563
0.036524
0.036485
0.036446
0.036407
0.036368
0.036329
0.036290
0.036251
0.036212
0.036173
0.036135
0.036096
0.036057
0.036018
0.035980
0.035941
0.035903
0.035864
0.035826
0.035788
0.035749
0.035711
0.035673
0.035634
0.035596
0.035558
0.035520
0.035482
0.035444
0.035406
0.035368
0.035330
0.035292
0.035254
0.035217
0.035179
0.035141
0.035104
0.035066
0.035029
0.034991
0.034954
0.034916
0.034879
0.034841
0.034804
0.034767
0.034730
0.034692
0.034655
0.034618
0.034581
0.034544
0.034507
0.034470
0.034433
0.034396
0.034359
0.034323
0.034286
0.034249
0.034212
0.034176
0.034139
0.034103
0.034066
0.034030
0.033993
0.033957
0.033921
0.033884
0.033848
0.033812
0.033776
0.033739
0.033703
0.033667
0.033631
0.033595
0.033559
0.033523
0.033487
0.033452
0.033416
0.033380
0.033344
0.033309
0.033273
0.033237
0.033202
0.033166
0.033131
0.033095
0.033060
0.033025
0.032989
0.032954
0.032919
0.032883
0.032848
0.032813
0.032778
0.032743
0.032708
0.032673
0.032638
0.032603
0.032568
0.032533
0.032498
0.032464
0.032429
0.032394
0.032360
0.032325
0.032290
0.032256
0.032221
0.032187
0.032153
0.032118
0.032084
0.032049
0.032015
0.031981
0.031947
0.031913
0.031878
0.031844
0.031810
0.031776
0.031742
0.031708
0.031675
0.031641
0.031607
0.031573
0.031539
0.031506
0.031472
0.031438
0.031405
0.031371
0.031337
0.031304
0.031271
0.031237
0.031204
0.031170
0.031137
0.031104
0.031071
0.031037
0.031004
0.030971
0.030938
0.030905
0.030872
0.030839
0.030806
0.030773
0.030740
0.030707
0.030674
0.030642
0.030609
0.030576
0.030543
0.030511
0.030478
0.030446
0.030413
0.030381
0.030348
0.030316
0.030283
0.030251
0.030219
0.030186
0.030154
0.030122
0.030090
0.030058
0.030026
0.029993
0.029961
0.029929
0.029897
0.029866
0.029834
0.029802
0.029770
0.029738
0.029706
0.029675
0.029643
0.029611
0.029580
0.029548
0.029517
0.029485
0.029454
0.029422
0.029391
0.029359
0.029328
0.029297
0.029265
0.029234
0.029203
0.029172
0.029141
0.029110
0.029078
0.029047
0.029016
0.028985
0.028954
0.028924
0.028893
0.028862
0.028831
0.028800
0.028770
0.028739
0.028708
0.028678
0.028647
0.028616
0.028586
0.028555
0.028525
0.028494
0.028464
0.028434
0.028403
0.028373
0.028343
0.028312
0.028282
0.028252
0.028222
0.028192
0.028162
0.028132
0.028102
0.028072
0.028042
0.028012
0.027982
0.027952
0.027922
0.027893
0.027863
0.027833
0.027803
0.027774
0.027744
0.027715
0.027685
0.027655
0.027626
0.027597
0.027567
0.027538
0.027508
0.027479
0.027450
0.027420
0.027391
0.027362
0.027333
0.027304
0.027275
0.027246
0.027216
0.027187
0.027158
0.027130
0.027101
0.027072
0.027043
0.027014
0.026985
0.026956
0.026928
0.026899
0.026870
0.026842
0.026813
0.026785
0.026756
0.026728
0.026699
0.026671
0.026642
0.026614
0.026585
0.026557
0.026529
0.026501
0.026472
0.026444
0.026416
0.026388
0.026360
0.026332
0.026304
0.026276
0.026248
0.026220
0.026192
0.026164
0.026136
0.026108
0.026080
0.026052
0.026025
0.025997
0.025969
0.025942
0.025914
0.025886
0.025859
0.025831
0.025804
0.025776
0.025749
0.025721
0.025694
0.025667
0.025639
0.025612
0.025585
0.025558
0.025530
0.025503
0.025476
0.025449
0.025422
0.025395
0.025368
0.025341
0.025314
0.025287
0.025260
0.025233
0.025206
0.025179
0.025153
0.025126
0.025099
0.025072
0.025046
0.025019
0.024992
0.024966
0.024939
0.024913
0.024886
0.024860
0.024833
0.024807
0.024780
0.024754
0.024728
0.024701
0.024675
0.024649
0.024623
0.024596
0.024570
0.024544
0.024518
0.024492
0.024466
0.024440
0.024414
0.024388
0.024362
0.024336
0.024310
0.024284
0.024259
0.024233
0.024207
0.024181
0.024156
0.024130
0.024104
0.024079
0.024053
0.024027
0.024002
0.023976
0.023951
0.023925
0.023900
0.023875
0.023849
0.023824
0.023798
0.023773
0.023748
0.023723
0.023697
0.023672
0.023647
0.023622
0.023597
0.023572
0.023547
0.023522
0.023497
0.023472
0.023447
0.023422
0.023397
0.023372
0.023347
0.023323
0.023298
0.023273
0.023248
0.023224
0.023199
0.023174
0.023150
0.023125
0.023100
0.023076
0.023051
0.023027
0.023002
0.022978
0.022954
0.022929
0.022905
0.022881
0.022856
0.022832
0.022808
0.022784
0.022759
0.022735
0.022711
0.022687
0.022663
0.022639
0.022615
0.022591
0.022567
0.022543
0.022519
0.022495
0.022471
0.022447
0.022423
0.022400
0.022376
0.022352
0.022328
0.022305
0.022281
0.022257
0.022234
0.022210
0.022187
0.022163
0.022139
0.022116
0.022092
0.022069
0.022046
0.022022
0.021999
0.021976
0.021952
0.021929
0.021906
0.021882
0.021859
0.021836
0.021813
0.021790
0.021767
0.021744
0.021720
0.021697
0.021674
0.021651
0.021628
0.021605
0.021583
0.021560
0.021537
0.021514
0.021491
0.021468
0.021446
0.021423
0.021400
0.021377
0.021355
0.021332
0.021310
0.021287
0.021264
0.021242
0.021219
0.021197
0.021174
0.021152
0.021129
0.021107
0.021085
0.021062
0.021040
0.021018
0.020995
0.020973
0.020951
0.020929
0.020907
0.020884
0.020862
0.020840
0.020818
0.020796
0.020774
0.020752
0.020730
0.020708
0.020686
0.020664
0.020642
0.020620
0.020599
0.020577
0.020555
0.020533
0.020511
0.020490
0.020468
0.020446
0.020425
0.020403
0.020381
0.020360
0.020338
0.020317
0.020295
0.020274
0.020252
0.020231
0.020209
0.020188
0.020167
0.020145
0.020124
0.020103
0.020081
0.020060
0.020039
0.020018
0.019996
0.019975
0.019954
0.019933
0.019912
0.019891
0.019870
0.019849
0.019828
0.019807
0.019786
0.019765
0.019744
0.019723
0.019702
0.019681
0.019660
0.019640
0.019619
0.019598
0.019577
0.019557
0.019536
0.019515
0.019495
0.019474
0.019453
0.019433
0.019412
0.019392
0.019371
0.019351
0.019330
0.019310
0.019289
0.019269
0.019249
0.019228
0.019208
0.019188
0.019167
0.019147
0.019127
0.019106
0.019086
0.019066
0.019046
0.019026
0.019006
0.018986
0.018966
0.018945
0.018925
0.018905
0.018885
0.018865
0.018846
0.018826
0.018806
0.018786
0.018766
0.018746
0.018726
0.018706
0.018687
0.018667
0.018647
0.018628
0.018608
0.018588
0.018569
0.018549
0.018529
0.018510
0.018490
0.018471
0.018451
0.018432
0.018412
0.018393
0.018373
0.018354
0.018334
0.018315
0.018296
0.018276
0.018257
0.018238
0.018219
0.018199
0.018180
0.018161
0.018142
0.018123
0.018103
0.018084
0.018065
0.018046
0.018027
0.018008
0.017989
0.017970
0.017951
0.017932
0.017913
0.017894
0.017875
0.017856
0.017838
0.017819
0.017800
0.017781
0.017762
0.017744
0.017725
0.017706
0.017687
0.017669
0.017650
0.017632
0.017613
0.017594
0.017576
0.017557
0.017539
0.017520
0.017502
0.017483
0.017465
0.017446
0.017428
0.017410
0.017391
0.017373
0.017354
0.017336
0.017318
0.017300
0.017281
0.017263
0.017245
0.017227
0.017209
0.017190
0.017172
0.017154
0.017136
0.017118
0.017100
0.017082
0.017064
0.017046
0.017028
0.017010
0.016992
0.016974
0.016956
0.016938
0.016920
0.016903
0.016885
0.016867
0.016849
0.016831
0.016814
0.016796
0.016778
0.016761
0.016743
0.016725
0.016708
0.016690
0.016672
0.016655
0.016637
0.016620
0.016602
0.016585
0.016567
0.016550
0.016532
0.016515
0.016498
0.016480
0.016463
0.016445
0.016428
0.016411
0.016393
0.016376
0.016359
0.016342
0.016325
0.016307
0.016290
0.016273
0.016256
0.016239
0.016222
0.016205
0.016187
0.016170
0.016153
0.016136
0.016119
0.016102
0.016085
0.016068
0.016052
0.016035
0.016018
0.016001
0.015984
0.015967
0.015950
0.015934
0.015917
0.015900
0.015883
0.015867
0.015850
0.015833
0.015817
0.015800
0.015783
0.015767
0.015750
0.015733
0.015717
0.015700
0.015684
0.015667
0.015651
0.015634
0.015618
0.015601
0.015585
0.015569
0.015552
0.015536
0.015520
0.015503
0.015487
0.015471
0.015454
0.015438
0.015422
0.015406
0.015389
0.015373
0.015357
0.015341
0.015325
0.015309
0.015293
0.015276
0.015260
0.015244
0.015228
0.015212
0.015196
0.015180
0.015164
0.015148
0.015132
0.015117
0.015101
0.015085
0.015069
0.015053
0.015037
0.015021
0.015006
0.014990
0.014974
0.014958
0.014943
0.014927
0.014911
0.014896
0.014880
0.014864
0.014849
0.014833
0.014817
0.014802
0.014786
0.014771
0.014755
0.014740
0.014724
0.014709
0.014693
0.014678
0.014662
0.014647
0.014632
0.014616
0.014601
0.014586
0.014570
0.014555
0.014540
0.014524
0.014509
0.014494
0.014479
0.014463
0.014448
0.014433
0.014418
0.014403
0.014388
0.014373
0.014357
0.014342
0.014327
0.014312
0.014297
0.014282
0.014267
0.014252
0.014237
0.014222
0.014207
0.014192
0.014178
0.014163
0.014148
0.014133
0.014118
0.014103
0.014089
0.014074
0.014059
0.014044
0.014029
0.014015
0.014000
0.013985
0.013971
0.013956
0.013941
0.013927
0.013912
0.013898
0.013883
0.013868
0.013854
0.013839
0.013825
0.013810
0.013796
0.013781
0.013767
0.013752
0.013738
0.013724
0.013709
0.013695
0.013680
0.013666
0.013652
0.013637
0.013623
0.013609
0.013595
0.013580
0.013566
0.013552
0.013538
0.013523
0.013509
0.013495
0.013481
0.013467
0.013453
0.013439
0.013424
0.013410
0.013396
0.013382
0.013368
0.013354
0.013340
0.013326
0.013312
0.013298
0.013284
0.013270
0.013257
0.013243
0.013229
0.013215
0.013201
0.013187
0.013173
0.013160
0.013146
0.013132
0.013118
0.013104
0.013091
0.013077
0.013063
0.013050
0.013036
0.013022
0.013009
0.012995
0.012981
0.012968
0.012954
0.012941
0.012927
0.012914
0.012900
0.012887
0.012873
0.012860
0.012846
0.012833
0.012819
0.012806
0.012792
0.012779
0.012766
0.012752
0.012739
0.012726
0.012712
0.012699
0.012686
0.012672
0.012659
0.012646
0.012633
0.012619
0.012606
0.012593
0.012580
0.012567
0.012553
0.012540
0.012527
0.012514
0.012501
0.012488
0.012475
0.012462
0.012449
0.012436
0.012423
0.012410
0.012397
0.012384
0.012371
0.012358
0.012345
0.012332
0.012319
0.012306
0.012293
0.012280
0.012268
0.012255
0.012242
0.012229
0.012216
0.012204
0.012191
0.012178
0.012165
0.012153
0.012140
0.012127
0.012114
0.012102
0.012089
0.012077
0.012064
0.012051
0.012039
0.012026
0.012013
0.012001
0.011988
0.011976
0.011963
0.011951
0.011938
0.011926
0.011913
0.011901
0.011888
0.011876
0.011864
0.011851
0.011839
0.011826
0.011814
0.011802
0.011789
0.011777
0.011765
0.011753
0.011740
0.011728
0.011716
0.011703
0.011691
0.011679
0.011667
0.011655
0.011642
0.011630
0.011618
0.011606
0.011594
0.011582
0.011570
0.011558
0.011546
0.011533
0.011521
0.011509
0.011497
0.011485
0.011473
0.011461
0.011449
0.011437
0.011425
0.011414
0.011402
0.011390
0.011378
0.011366
0.011354
0.011342
0.011330
0.011319
0.011307
0.011295
0.011283
0.011271
0.011260
0.011248
0.011236
0.011224
0.011213
0.011201
0.011189
0.011178
0.011166
0.011154
0.011143
0.011131
0.011119
0.011108
0.011096
0.011085
0.011073
0.011061
0.011050
0.011038
0.011027
0.011015
0.011004
0.010992
0.010981
0.010969
0.010958
0.010947
0.010935
0.010924
0.010912
0.010901
0.010890
0.010878
0.010867
0.010856
0.010844
0.010833
0.010822
0.010810
0.010799
0.010788
0.010777
0.010765
0.010754
0.010743
0.010732
0.010721
0.010709
0.010698
0.010687
0.010676
0.010665
0.010654
0.010643
0.010631
0.010620
0.010609
0.010598
0.010587
0.010576
0.010565
0.010554
0.010543
0.010532
0.010521
0.010510
0.010499
0.010488
0.010477
0.010466
0.010456
0.010445
0.010434
0.010423
0.010412
0.010401
0.010390
0.010379
0.010369
0.010358
0.010347
0.010336
0.010326
0.010315
0.010304
0.010293
0.010283
0.010272
0.010261
0.010250
0.010240
0.010229
0.010218
0.010208
0.010197
0.010187
0.010176
0.010165
0.010155
0.010144
0.010134
0.010123
0.010113
0.010102
0.010092
0.010081
0.010071
0.010060
0.010050
0.010039
0.010029
0.010018
0.010008
0.009997
0.009987
0.009977
0.009966
0.009956
0.009945
0.009935
0.009925
0.009914
0.009904
0.009894
0.009884
0.009873
0.009863
0.009853
0.009842
0.009832
0.009822
0.009812
0.009802
0.009791
0.009781
0.009771
0.009761
0.009751
0.009741
0.009730
0.009720
0.009710
0.009700
0.009690
0.009680
0.009670
0.009660
0.009650
0.009640
0.009630
0.009620
0.009610
0.009600
0.009590
0.009580
0.009570
0.009560
0.009550
0.009540
0.009530
0.009520
0.009510
0.009500
0.009490
0.009481
0.009471
0.009461
0.009451
0.009441
0.009431
0.009422
0.009412
0.009402
0.009392
0.009382
0.009373
0.009363
0.009353
0.009344
0.009334
0.009324
0.009314
0.009305
0.009295
0.009285
0.009276
0.009266
0.009257
0.009247
0.009237
0.009228
0.009218
0.009209
0.009199
0.009189
0.009180
0.009170
0.009161
0.009151
0.009142
0.009132
0.009123
0.009113
0.009104
0.009094
0.009085
0.009076
0.009066
0.009057
0.009047
0.009038
0.009029
0.009019
0.009010
0.009000
0.008991
0.008982
0.008972
0.008963
0.008954
0.008944
0.008935
0.008926
0.008917
0.008907
0.008898
0.008889
0.008880
0.008870
0.008861
0.008852
0.008843
0.008834
0.008825
0.008815
0.008806
0.008797
0.008788
0.008779
0.008770
0.008761
0.008752
0.008742
0.008733
0.008724
0.008715
0.008706
0.008697
0.008688
0.008679
0.008670
0.008661
0.008652
0.008643
0.008634
0.008625
0.008616
0.008607
0.008599
0.008590
0.008581
0.008572
0.008563
0.008554
0.008545
0.008536
0.008527
0.008519
0.008510
0.008501
0.008492
0.008483
0.008475
0.008466
0.008457
0.008448
0.008439
0.008431
0.008422
0.008413
0.008405
0.008396
0.008387
0.008378
0.008370
0.008361
0.008352
0.008344
0.008335
0.008326
0.008318
0.008309
0.008301
0.008292
0.008283
0.008275
0.008266
0.008258
0.008249
0.008241
0.008232
0.008223
0.008215
0.008206
0.008198
0.008189
0.008181
0.008173
0.008164
0.008156
0.008147
0.008139
0.008130
0.008122
0.008113
0.008105
0.008097
0.008088
0.008080
0.008072
0.008063
0.008055
0.008046
0.008038
0.008030
0.008022
0.008013
0.008005
0.007997
0.007988
0.007980
0.007972
0.007964
0.007955
0.007947
0.007939
0.007931
0.007922
0.007914
0.007906
0.007898
0.007890
0.007882
0.007873
0.007865
0.007857
0.007849
0.007841
0.007833
0.007825
0.007817
0.007808
0.007800
0.007792
0.007784
0.007776
0.007768
0.007760
0.007752
0.007744
0.007736
0.007728
0.007720
0.007712
0.007704
0.007696
0.007688
0.007680
0.007672
0.007664
0.007656
0.007648
0.007641
0.007633
0.007625
0.007617
0.007609
0.007601
0.007593
0.007585
0.007578
0.007570
0.007562
0.007554
0.007546
0.007538
0.007531
0.007523
0.007515
0.007507
0.007500
0.007492
0.007484
0.007476
0.007469
0.007461
0.007453
0.007445
0.007438
0.007430
0.007422
0.007415
0.007407
0.007399
0.007392
0.007384
0.007377
0.007369
0.007361
0.007354
0.007346
0.007339
0.007331
0.007323
0.007316
0.007308
0.007301
0.007293
0.007286
0.007278
0.007271
0.007263
0.007256
0.007248
0.007241
0.007233
0.007226
0.007218
0.007211
0.007203
0.007196
0.007188
0.007181
0.007174
0.007166
0.007159
0.007151
0.007144
0.007137
0.007129
0.007122
0.007115
0.007107
0.007100
0.007092
0.007085
0.007078
0.007071
0.007063
0.007056
0.007049
0.007041
0.007034
0.007027
0.007020
0.007012
0.007005
0.006998
0.006991
0.006983
0.006976
0.006969
0.006962
0.006955
0.006948
0.006940
0.006933
0.006926
0.006919
0.006912
0.006905
0.006898
0.006890
0.006883
0.006876
0.006869
0.006862
0.006855
0.006848
0.006841
0.006834
0.006827
0.006820
0.006813
0.006806
0.006799
0.006792
0.006785
0.006778
0.006771
0.006764
0.006757
0.006750
0.006743
0.006736
0.006729
0.006722
0.006715
0.006708
0.006701
0.006694
0.006687
0.006680
0.006673
0.006667
0.006660
0.006653
0.006646
0.006639
0.006632
0.006625
0.006619
0.006612
0.006605
0.006598
0.006591
0.006585
0.006578
0.006571
0.006564
0.006558
0.006551
0.006544
0.006537
0.006531
0.006524
0.006517
0.006510
0.006504
0.006497
0.006490
0.006484
0.006477
0.006470
0.006464
0.006457
0.006450
0.006444
0.006437
0.006430
0.006424
0.006417
0.006411
0.006404
0.006397
0.006391
0.006384
0.006378
0.006371
0.006364
0.006358
0.006351
0.006345
0.006338
0.006332
0.006325
0.006319
0.006312
0.006306
0.006299
0.006293
0.006286
0.006280
0.006273
0.006267
0.006260
0.006254
0.006248
0.006241
0.006235
0.006228
0.006222
0.006215
0.006209
0.006203
0.006196
0.006190
0.006184
0.006177
0.006171
0.006164
0.006158
0.006152
0.006145
0.006139
0.006133
0.006127
0.006120
0.006114
0.006108
0.006101
0.006095
0.006089
0.006083
0.006076
0.006070
0.006064
0.006058
0.006051
0.006045
0.006039
0.006033
0.006026
0.006020
0.006014
0.006008
0.006002
0.005996
0.005989
0.005983
0.005977
0.005971
0.005965
0.005959
0.005953
0.005946
0.005940
0.005934
0.005928
0.005922
0.005916
0.005910
0.005904
0.005898
0.005892
0.005886
0.005880
0.005873
0.005867
0.005861
0.005855
0.005849
0.005843
0.005837
0.005831
0.005825
0.005819
0.005813
0.005807
0.005801
0.005795
0.005790
0.005784
0.005778
0.005772
0.005766
0.005760
0.005754
0.005748
0.005742
0.005736
0.005730
0.005724
0.005719
0.005713
0.005707
0.005701
0.005695
0.005689
0.005683
0.005678
0.005672
0.005666
0.005660
0.005654
0.005648
0.005643
0.005637
0.005631
0.005625
0.005620
0.005614
0.005608
0.005602
0.005597
0.005591
0.005585
0.005579
0.005574
0.005568
0.005562
0.005556
0.005551
0.005545
0.005539
0.005534
0.005528
0.005522
0.005517
0.005511
0.005505
0.005500
0.005494
0.005488
0.005483
0.005477
0.005471
0.005466
0.005460
0.005455
0.005449
0.005443
0.005438
0.005432
0.005427
0.005421
0.005416
0.005410
0.005405
0.005399
0.005393
0.005388
0.005382
0.005377
0.005371
0.005366
0.005360
0.005355
0.005349
0.005344
0.005338
0.005333
0.005327
0.005322
0.005317
0.005311
0.005306
0.005300
0.005295
0.005289
0.005284
0.005278
0.005273
0.005268
0.005262
0.005257
0.005251
0.005246
0.005241
0.005235
0.005230
0.005225
0.005219
0.005214
0.005209
0.005203
0.005198
0.005193
0.005187
0.005182
0.005177
0.005171
0.005166
0.005161
0.005155
0.005150
0.005145
0.005140
0.005134
0.005129
0.005124
0.005119
0.005113
0.005108
0.005103
0.005098
0.005092
0.005087
0.005082
0.005077
0.005072
0.005066
0.005061
0.005056
0.005051
0.005046
0.005040
0.005035
0.005030
0.005025
0.005020
0.005015
0.005010
0.005004
0.004999
0.004994
0.004989
0.004984
0.004979
0.004974
0.004969
0.004964
0.004959
0.004953
0.004948
0.004943
0.004938
0.004933
0.004928
0.004923
0.004918
0.004913
0.004908
0.004903
0.004898
0.004893
0.004888
0.004883
0.004878
0.004873
0.004868
0.004863
0.004858
0.004853
0.004848
0.004843
0.004838
0.004833
0.004828
0.004823
0.004818
0.004813
0.004809
0.004804
0.004799
0.004794
0.004789
0.004784
0.004779
0.004774
0.004769
0.004764
0.004760
0.004755
0.004750
0.004745
0.004740
0.004735
0.004730
0.004726
0.004721
0.004716
0.004711
0.004706
0.004701
0.004697
0.004692
0.004687
0.004682
0.004677
0.004673
0.004668
0.004663
0.004658
0.004654
0.004649
0.004644
0.004639
0.004635
0.004630
0.004625
0.004620
0.004616
0.004611
0.004606
0.004602
0.004597
0.004592
0.004587
0.004583
0.004578
0.004573
0.004569
0.004564
0.004559
0.004555
0.004550
0.004545
0.004541
0.004536
0.004532
0.004527
0.004522
0.004518
0.004513
0.004508
0.004504
0.004499
0.004495
0.004490
0.004485
0.004481
0.004476
0.004472
0.004467
0.004463
0.004458
0.004453
0.004449
0.004444
0.004440
0.004435
0.004431
0.004426
0.004422
0.004417
0.004413
0.004408
0.004404
0.004399
0.004395
0.004390
0.004386
0.004381
0.004377
0.004372
0.004368
0.004363
0.004359
0.004355
0.004350
0.004346
0.004341
0.004337
0.004332
0.004328
0.004323
0.004319
0.004315
0.004310
0.004306
0.004301
0.004297
0.004293
0.004288
0.004284
0.004280
0.004275
0.004271
0.004266
0.004262
0.004258
0.004253
0.004249
0.004245
0.004240
0.004236
0.004232
0.004227
0.004223
0.004219
0.004215
0.004210
0.004206
0.004202
0.004197
0.004193
0.004189
0.004185
0.004180
0.004176
0.004172
0.004168
0.004163
0.004159
0.004155
0.004151
0.004146
0.004142
0.004138
0.004134
0.004129
0.004125
0.004121
0.004117
0.004113
0.004108
0.004104
0.004100
0.004096
0.004092
0.004088
0.004083
0.004079
0.004075
0.004071
0.004067
0.004063
0.004058
0.004054
0.004050
0.004046
0.004042
0.004038
0.004034
0.004030
0.004025
0.004021
0.004017
0.004013
0.004009
0.004005
0.004001
0.003997
0.003993
0.003989
0.003985
0.003981
0.003977
0.003972
0.003968
0.003964
0.003960
0.003956
0.003952
0.003948
0.003944
0.003940
0.003936
0.003932
0.003928
0.003924
0.003920
0.003916
0.003912
0.003908
0.003904
0.003900
0.003896
0.003892
0.003888
0.003884
0.003880
0.003876
0.003873
0.003869
0.003865
0.003861
0.003857
0.003853
0.003849
0.003845
0.003841
0.003837
0.003833
0.003829
0.003826
0.003822
0.003818
0.003814
0.003810
0.003806
0.003802
0.003798
0.003794
0.003791
0.003787
0.003783
0.003779
0.003775
0.003771
0.003768
0.003764
0.003760
0.003756
0.003752
0.003748
0.003745
0.003741
0.003737
0.003733
0.003729
0.003726
0.003722
0.003718
0.003714
0.003710
0.003707
0.003703
0.003699
0.003695
0.003692
0.003688
0.003684
0.003680
0.003677
0.003673
0.003669
0.003665
0.003662
0.003658
0.003654
0.003651
0.003647
0.003643
0.003639
0.003636
0.003632
0.003628
0.003625
0.003621
0.003617
0.003614
0.003610
0.003606
0.003603
0.003599
0.003595
0.003592
0.003588
0.003584
0.003581
0.003577
0.003573
0.003570
0.003566
0.003562
0.003559
0.003555
0.003552
0.003548
0.003544
0.003541
0.003537
0.003534
0.003530
0.003526
0.003523
0.003519
0.003516
0.003512
0.003509
0.003505
0.003501
0.003498
0.003494
0.003491
0.003487
0.003484
0.003480
0.003477
0.003473
0.003470
0.003466
0.003463
0.003459
0.003455
0.003452
0.003448
0.003445
0.003441
0.003438
0.003434
0.003431
0.003428
0.003424
0.003421
0.003417
0.003414
0.003410
0.003407
0.003403
0.003400
0.003396
0.003393
0.003389
0.003386
0.003383
0.003379
0.003376
0.003372
0.003369
0.003365
0.003362
0.003359
0.003355
0.003352
0.003348
0.003345
0.003342
0.003338
0.003335
0.003331
0.003328
0.003325
0.003321
0.003318
0.003315
0.003311
0.003308
0.003304
0.003301
0.003298
0.003294
0.003291
0.003288
0.003284
0.003281
0.003278
0.003274
0.003271
0.003268
0.003264
0.003261
0.003258
0.003255
0.003251
0.003248
0.003245
0.003241
0.003238
0.003235
0.003231
0.003228
0.003225
0.003222
0.003218
0.003215
0.003212
0.003209
0.003205
0.003202
0.003199
0.003196
0.003192
0.003189
0.003186
0.003183
0.003179
0.003176
0.003173
0.003170
0.003167
0.003163
0.003160
0.003157
0.003154
0.003151
0.003147
0.003144
0.003141
0.003138
0.003135
0.003131
0.003128
0.003125
0.003122
0.003119
0.003116
0.003112
0.003109
0.003106
0.003103
0.003100
0.003097
0.003094
0.003090
0.003087
0.003084
0.003081
0.003078
0.003075
0.003072
0.003069
0.003065
0.003062
0.003059
0.003056
0.003053
0.003050
0.003047
0.003044
0.003041
0.003038
0.003035
0.003032
0.003028
0.003025
0.003022
0.003019
0.003016
0.003013
0.003010
0.003007
0.003004
0.003001
0.002998
0.002995
0.002992
0.002989
0.002986
0.002983
0.002980
0.002977
0.002974
0.002971
0.002968
0.002965
0.002962
0.002959
0.002956
0.002953
0.002950
0.002947
0.002944
0.002941
0.002938
0.002935
0.002932
0.002929
0.002926
0.002923
0.002920
0.002917
0.002914
0.002911
0.002908
0.002905
0.002902
0.002899
0.002896
0.002894
0.002891
0.002888
0.002885
0.002882
0.002879
0.002876
0.002873
0.002870
0.002867
0.002864
0.002861
0.002859
0.002856
0.002853
0.002850
0.002847
0.002844
0.002841
0.002838
0.002836
0.002833
0.002830
0.002827
0.002824
0.002821
0.002818
0.002816
0.002813
0.002810
0.002807
0.002804
0.002801
0.002798
0.002796
0.002793
0.002790
0.002787
0.002784
0.002782
0.002779
0.002776
0.002773
0.002770
0.002767
0.002765
0.002762
0.002759
0.002756
0.002754
0.002751
0.002748
0.002745
0.002742
0.002740
0.002737
0.002734
0.002731
0.002729
0.002726
0.002723
0.002720
0.002718
0.002715
0.002712
0.002709
0.002707
0.002704
0.002701
0.002698
0.002696
0.002693
0.002690
0.002688
0.002685
0.002682
0.002679
0.002677
0.002674
0.002671
0.002669
0.002666
0.002663
0.002660
0.002658
0.002655
0.002652
0.002650
0.002647
0.002644
0.002642
0.002639
0.002636
0.002634
0.002631
0.002628
0.002626
0.002623
0.002620
0.002618
0.002615
0.002613
0.002610
0.002607
0.002605
0.002602
0.002599
0.002597
0.002594
0.002592
0.002589
0.002586
0.002584
0.002581
0.002578
0.002576
0.002573
0.002571
0.002568
0.002565
0.002563
0.002560
0.002558
0.002555
0.002553
0.002550
0.002547
0.002545
0.002542
0.002540
0.002537
0.002535
0.002532
0.002529
0.002527
0.002524
0.002522
0.002519
0.002517
0.002514
0.002512
0.002509
0.002507
0.002504
0.002502
0.002499
0.002496
0.002494
0.002491
0.002489
0.002486
0.002484
0.002481
0.002479
0.002476
0.002474
0.002471
0.002469
0.002466
0.002464
0.002461
0.002459
0.002457
0.002454
0.002452
0.002449
0.002447
0.002444
0.002442
0.002439
0.002437
0.002434
0.002432
0.002429
0.002427
0.002424
0.002422
0.002420
0.002417
0.002415
0.002412
0.002410
0.002407
0.002405
0.002403
0.002400
0.002398
0.002395
0.002393
0.002391
0.002388
0.002386
0.002383
0.002381
0.002378
0.002376
0.002374
0.002371
0.002369
0.002367
0.002364
0.002362
0.002359
0.002357
0.002355
0.002352
0.002350
0.002348
0.002345
0.002343
0.002340
0.002338
0.002336
0.002333
0.002331
0.002329
0.002326
0.002324
0.002322
0.002319
0.002317
0.002315
0.002312
0.002310
0.002308
0.002305
0.002303
0.002301
0.002298
0.002296
0.002294
0.002291
0.002289
0.002287
0.002284
0.002282
0.002280
0.002278
0.002275
0.002273
0.002271
0.002268
0.002266
0.002264
0.002262
0.002259
0.002257
0.002255
0.002253
0.002250
0.002248
0.002246
0.002243
0.002241
0.002239
0.002237
0.002234
0.002232
0.002230
0.002228
0.002225
0.002223
0.002221
0.002219
0.002217
0.002214
0.002212
0.002210
0.002208
0.002205
0.002203
0.002201
0.002199
0.002197
0.002194
0.002192
0.002190
0.002188
0.002185
0.002183
0.002181
0.002179
0.002177
0.002175
0.002172
0.002170
0.002168
0.002166
0.002164
0.002161
0.002159
0.002157
0.002155
0.002153
0.002151
0.002148
0.002146
0.002144
0.002142
0.002140
0.002138
0.002135
0.002133
0.002131
0.002129
0.002127
0.002125
0.002123
0.002120
0.002118
0.002116
0.002114
0.002112
0.002110
0.002108
0.002106
0.002103
0.002101
0.002099
0.002097
0.002095
0.002093
0.002091
0.002089
0.002087
0.002085
0.002082
0.002080
0.002078
0.002076
0.002074
0.002072
0.002070
0.002068
0.002066
0.002064
0.002062
0.002060
0.002057
0.002055
0.002053
0.002051
0.002049
0.002047
0.002045
0.002043
0.002041
0.002039
0.002037
0.002035
0.002033
0.002031
0.002029
0.002027
0.002025
0.002023
0.002021
0.002019
0.002017
0.002014
0.002012
0.002010
0.002008
0.002006
0.002004
0.002002
0.002000
0.001998
0.001996
0.001994
0.001992
0.001990
0.001988
0.001986
0.001984
0.001982
0.001980
0.001978
0.001976
0.001974
0.001972
0.001970
0.001968
0.001966
0.001965
0.001963
0.001961
0.001959
0.001957
0.001955
0.001953
0.001951
0.001949
0.001947
0.001945
0.001943
0.001941
0.001939
0.001937
0.001935
0.001933
0.001931
0.001929
0.001927
0.001925
0.001924
0.001922
0.001920
0.001918
0.001916
0.001914
0.001912
0.001910
0.001908
0.001906
0.001904
0.001902
0.001900
0.001899
0.001897
0.001895
0.001893
0.001891
0.001889
0.001887
0.001885
0.001883
0.001882
0.001880
0.001878
0.001876
0.001874
0.001872
0.001870
0.001868
0.001866
0.001865
0.001863
0.001861
0.001859
0.001857
0.001855
0.001853
0.001852
0.001850
0.001848
0.001846
0.001844
0.001842
0.001840
0.001839
0.001837
0.001835
0.001833
0.001831
0.001829
0.001828
0.001826
0.001824
0.001822
0.001820
0.001818
0.001817
0.001815
0.001813
0.001811
0.001809
0.001807
0.001806
0.001804
0.001802
0.001800
0.001798
0.001797
0.001795
0.001793
0.001791
0.001789
0.001788
0.001786
0.001784
0.001782
0.001781
0.001779
0.001777
0.001775
0.001773
0.001772
0.001770
0.001768
0.001766
0.001765
0.001763
0.001761
0.001759
0.001757
0.001756
0.001754
0.001752
0.001750
0.001749
0.001747
0.001745
0.001743
0.001742
0.001740
0.001738
0.001736
0.001735
0.001733
0.001731
0.001729
0.001728
0.001726
0.001724
0.001723
0.001721
0.001719
0.001717
0.001716
0.001714
0.001712
0.001711
0.001709
0.001707
0.001705
0.001704
0.001702
0.001700
0.001699
0.001697
0.001695
0.001693
0.001692
0.001690
0.001688
0.001687
0.001685
0.001683
0.001682
0.001680
0.001678
0.001677
0.001675
0.001673
0.001672
0.001670
0.001668
0.001667
0.001665
0.001663
0.001662
0.001660
0.001658
0.001657
0.001655
0.001653
0.001652
0.001650
0.001648
0.001647
0.001645
0.001643
0.001642
0.001640
0.001638
0.001637
0.001635
0.001634
0.001632
0.001630
0.001629
0.001627
0.001625
0.001624
0.001622
0.001621
0.001619
0.001617
0.001616
0.001614
0.001612
0.001611
0.001609
0.001608
0.001606
0.001604
0.001603
0.001601
0.001600
0.001598
0.001596
0.001595
0.001593
0.001592
0.001590
0.001588
0.001587
0.001585
0.001584
0.001582
0.001580
0.001579
0.001577
0.001576
0.001574
0.001573
0.001571
0.001569
0.001568
0.001566
0.001565
0.001563
0.001562
0.001560
0.001558
0.001557
0.001555
0.001554
0.001552
0.001551
0.001549
0.001548
0.001546
0.001545
0.001543
0.001541
0.001540
0.001538
0.001537
0.001535
0.001534
0.001532
0.001531
0.001529
0.001528
0.001526
0.001525
0.001523
0.001522
0.001520
0.001518
0.001517
0.001515
0.001514
0.001512
0.001511
0.001509
0.001508
0.001506
0.001505
0.001503
0.001502
0.001500
0.001499
0.001497
0.001496
0.001494
0.001493
0.001491
0.001490
0.001488
0.001487
0.001485
0.001484
0.001483
0.001481
0.001480
0.001478
0.001477
0.001475
0.001474
0.001472
0.001471
0.001469
0.001468
0.001466
0.001465
0.001463
0.001462
0.001460
0.001459
0.001458
0.001456
0.001455
0.001453
0.001452
0.001450
0.001449
0.001447
0.001446
0.001445
0.001443
0.001442
0.001440
0.001439
0.001437
0.001436
0.001434
0.001433
0.001432
0.001430
0.001429
0.001427
0.001426
0.001424
0.001423
0.001422
0.001420
0.001419
0.001417
0.001416
0.001415
0.001413
0.001412
0.001410
0.001409
0.001407
0.001406
0.001405
0.001403
0.001402
0.001400
0.001399
0.001398
0.001396
0.001395
0.001394
0.001392
0.001391
0.001389
0.001388
0.001387
0.001385
0.001384
